xof 0303txt 0032
template ColorRGBA {
 <35ff44e0-6c7c-11cf-8f52-0040333594a3>
 FLOAT red;
 FLOAT green;
 FLOAT blue;
 FLOAT alpha;
}

template ColorRGB {
 <d3e16e81-7835-11cf-8f52-0040333594a3>
 FLOAT red;
 FLOAT green;
 FLOAT blue;
}

template Material {
 <3d82ab4d-62da-11cf-ab39-0020af71e433>
 ColorRGBA faceColor;
 FLOAT power;
 ColorRGB specularColor;
 ColorRGB emissiveColor;
 [...]
}

template TextureFilename {
 <a42790e1-7810-11cf-8f52-0040333594a3>
 STRING filename;
}

template Frame {
 <3d82ab46-62da-11cf-ab39-0020af71e433>
 [...]
}

template Matrix4x4 {
 <f6f23f45-7686-11cf-8f52-0040333594a3>
 array FLOAT matrix[16];
}

template FrameTransformMatrix {
 <f6f23f41-7686-11cf-8f52-0040333594a3>
 Matrix4x4 frameMatrix;
}

template Vector {
 <3d82ab5e-62da-11cf-ab39-0020af71e433>
 FLOAT x;
 FLOAT y;
 FLOAT z;
}

template MeshFace {
 <3d82ab5f-62da-11cf-ab39-0020af71e433>
 DWORD nFaceVertexIndices;
 array DWORD faceVertexIndices[nFaceVertexIndices];
}

template Mesh {
 <3d82ab44-62da-11cf-ab39-0020af71e433>
 DWORD nVertices;
 array Vector vertices[nVertices];
 DWORD nFaces;
 array MeshFace faces[nFaces];
 [...]
}

template MeshMaterialList {
 <f6f23f42-7686-11cf-8f52-0040333594a3>
 DWORD nMaterials;
 DWORD nFaceIndexes;
 array DWORD faceIndexes[nFaceIndexes];
 [Material <3d82ab4d-62da-11cf-ab39-0020af71e433>]
}

template VertexElement {
 <f752461c-1e23-48f6-b9f8-8350850f336f>
 DWORD Type;
 DWORD Method;
 DWORD Usage;
 DWORD UsageIndex;
}

template DeclData {
 <bf22e553-292c-4781-9fea-62bd554bdd93>
 DWORD nElements;
 array VertexElement Elements[nElements];
 DWORD nDWords;
 array DWORD data[nDWords];
}

template XSkinMeshHeader {
 <3cf169ce-ff7c-44ab-93c0-f78f62d172e2>
 WORD nMaxSkinWeightsPerVertex;
 WORD nMaxSkinWeightsPerFace;
 WORD nBones;
}

template SkinWeights {
 <6f0d123b-bad2-4167-a0d0-80224f25fabb>
 STRING transformNodeName;
 DWORD nWeights;
 array DWORD vertexIndices[nWeights];
 array FLOAT weights[nWeights];
 Matrix4x4 matrixOffset;
}

template AnimTicksPerSecond {
 <9e415a43-7ba6-4a73-8743-b73d47e88476>
 DWORD AnimTicksPerSecond;
}

template Animation {
 <3d82ab4f-62da-11cf-ab39-0020af71e433>
 [...]
}

template AnimationSet {
 <3d82ab50-62da-11cf-ab39-0020af71e433>
 [Animation <3d82ab4f-62da-11cf-ab39-0020af71e433>]
}

template FloatKeys {
 <10dd46a9-775b-11cf-8f52-0040333594a3>
 DWORD nValues;
 array FLOAT values[nValues];
}

template TimedFloatKeys {
 <f406b180-7b3b-11cf-8f52-0040333594a3>
 DWORD time;
 FloatKeys tfkeys;
}

template AnimationKey {
 <10dd46a8-775b-11cf-8f52-0040333594a3>
 DWORD keyType;
 DWORD nKeys;
 array TimedFloatKeys keys[nKeys];
}


Material _02_-_Default {
 1.000000;1.000000;1.000000;1.000000;;
 9.999999;
 0.000000;0.000000;0.000000;;
 0.000000;0.000000;0.000000;;

 TextureFilename {
  "MaleBody_noTrans.png";
 }
}

Frame Dummy01 {
 

 FrameTransformMatrix {
  1.000000,0.000000,0.000000,0.000000,0.000000,-0.000000,-1.000000,0.000000,0.000000,1.000000,-0.000000,0.000000,0.000000,0.000000,0.000000,1.000000;;
 }

 Frame Bip01 {
  

  FrameTransformMatrix {
   0.205792,0.978469,-0.015746,0.000000,0.033641,0.009008,0.999393,0.000000,0.978017,-0.206197,-0.031063,0.000000,-0.000526,-0.000691,0.508118,1.000000;;
  }

  Frame Bip01_Pelvis {
   

   FrameTransformMatrix {
    0.000000,0.990816,-0.135222,0.000000,-0.000001,0.135222,0.990816,0.000000,1.000000,0.000000,0.000001,0.000000,0.000000,0.000000,0.000000,1.000000;;
   }

   Frame Bip01_Spine {
    

    FrameTransformMatrix {
     0.986408,0.134551,-0.094314,0.000000,-0.126610,0.988246,0.085679,0.000000,0.104734,-0.072573,0.991849,0.000000,0.051150,0.006988,-0.000084,1.000000;;
    }

    Frame Bip01_Spine1 {
     

     FrameTransformMatrix {
      0.999876,-0.004967,0.014942,0.000000,0.002951,0.991236,0.132071,0.000000,-0.015467,-0.132011,0.991128,0.000000,0.106481,0.000011,-0.000084,1.000000;;
     }

     Frame Bip01_Neck {
      

      FrameTransformMatrix {
       0.903366,0.000001,0.428870,0.000000,-0.000001,1.000000,-0.000000,0.000000,-0.428870,-0.000000,0.903366,0.000000,0.130516,0.000000,0.004628,1.000000;;
      }

      Frame Bip01_Head {
       

       FrameTransformMatrix {
        0.670948,-0.107407,-0.733684,0.000000,0.195716,0.980017,0.035512,0.000000,0.715209,-0.167420,0.678562,0.000000,0.033674,0.000000,0.000000,1.000000;;
       }

       Frame Bip01_HeadNub {
        

        FrameTransformMatrix {
         1.000000,0.000000,-0.000000,0.000000,-0.000000,1.000000,0.000000,0.000000,0.000000,0.000000,1.000000,0.000000,0.169824,0.000000,0.000000,1.000000;;
        }
       }
      }

      Frame Bip01_L_Clavicle {
       

       FrameTransformMatrix {
        0.282137,0.949939,-0.134222,0.000000,0.857818,-0.312437,-0.408083,0.000000,-0.429589,-0.000002,-0.903024,0.000000,-0.023698,0.015715,0.006128,1.000000;;
       }

       Frame Bip01_L_UpperArm {
        

        FrameTransformMatrix {
         0.685210,0.455721,-0.568160,0.000000,0.286257,0.548794,0.785419,0.000000,0.669734,-0.700817,0.245586,0.000000,0.087086,0.000000,0.000000,1.000000;;
        }

        Frame Bip01_L_Forearm {
         

         FrameTransformMatrix {
          0.615747,0.000000,-0.787944,0.000000,0.000000,1.000000,0.000000,0.000000,0.787944,-0.000000,0.615747,0.000000,0.137062,-0.000000,-0.000000,1.000000;;
         }

         Frame Bip01_L_Hand {
          

          FrameTransformMatrix {
           0.996552,0.067382,-0.048420,0.000000,0.017388,0.401013,0.915907,0.000000,0.081133,-0.913591,0.398458,0.000000,0.137062,0.000000,0.000000,1.000000;;
          }

          Frame Bip01_L_Finger0 {
           

           FrameTransformMatrix {
            0.369685,-0.276096,0.887189,0.000000,0.840570,0.506268,-0.192708,0.000000,-0.395949,0.816986,0.419238,0.000000,0.057681,-0.023605,-0.000272,1.000000;;
           }

           Frame Bip01_L_Finger0Nub {
            

            FrameTransformMatrix {
             1.000000,0.000000,0.000000,0.000000,-0.000000,1.000000,0.000000,0.000000,-0.000000,0.000000,1.000000,0.000000,0.029435,0.000000,0.000000,1.000000;;
            }
           }
          }

          Frame Bip01_L_Finger1 {
           

           FrameTransformMatrix {
            0.666263,0.016447,0.745536,0.000000,-0.014696,0.999852,-0.008925,0.000000,-0.745572,-0.005010,0.666406,0.000000,0.084102,0.000000,-0.000000,1.000000;;
           }

           Frame Bip01_L_Finger1Nub {
            

            FrameTransformMatrix {
             1.000000,0.000000,-0.000000,0.000000,0.000000,1.000000,-0.000000,0.000000,0.000000,-0.000000,1.000000,0.000000,0.047988,0.000000,0.000000,1.000000;;
            }
           }
          }
         }
        }
       }
      }

      Frame Bip01_R_Clavicle {
       

       FrameTransformMatrix {
        0.263013,-0.931006,-0.253085,0.000000,-0.865493,-0.343593,0.364508,0.000000,-0.426318,0.123173,-0.896148,0.000000,-0.023698,-0.015714,0.006128,1.000000;;
       }

       Frame Bip01_R_UpperArm {
        

        FrameTransformMatrix {
         0.512040,-0.383125,-0.768785,0.000000,-0.668132,0.384841,-0.636787,0.000000,0.539829,0.839710,-0.058924,0.000000,0.087086,0.000000,0.000000,1.000000;;
        }

        Frame Bip01_R_Forearm {
         

         FrameTransformMatrix {
          0.791520,0.000000,-0.611143,0.000000,-0.000000,1.000000,-0.000000,0.000000,0.611143,0.000000,0.791520,0.000000,0.137062,0.000000,0.000000,1.000000;;
         }

         Frame Bip01_R_Hand {
          

          FrameTransformMatrix {
           0.943307,-0.297195,-0.147808,0.000000,-0.017188,0.400975,-0.915928,0.000000,0.331476,0.866542,0.373134,0.000000,0.137062,0.000000,0.000000,1.000000;;
          }

          Frame Bip01_R_Finger0 {
           

           FrameTransformMatrix {
            0.294757,0.444446,0.845924,0.000000,-0.881910,0.467358,0.061748,0.000000,-0.367905,-0.764229,0.529718,0.000000,0.057681,0.023605,-0.000272,1.000000;;
           }

           Frame Bip01_R_Finger0Nub {
            

            FrameTransformMatrix {
             -1.000000,-0.000000,0.000000,0.000000,-0.000000,1.000000,0.000000,0.000000,0.000000,0.000000,-1.000000,0.000000,0.029435,0.000000,0.000000,1.000000;;
            }
           }
          }

          Frame Bip01_R_Finger1 {
           

           FrameTransformMatrix {
            0.838152,0.000434,0.545436,0.000000,0.000000,1.000000,-0.000796,0.000000,-0.545436,0.000667,0.838152,0.000000,0.084102,0.000000,0.000000,1.000000;;
           }

           Frame Bip01_R_Finger1Nub {
            

            FrameTransformMatrix {
             -1.000000,0.000000,-0.000000,0.000000,0.000000,1.000000,-0.000000,0.000000,-0.000000,0.000000,-1.000000,0.000000,0.047988,0.000000,0.000000,1.000000;;
            }
           }
          }
         }
        }
       }
      }
     }

     Frame Bip01_BackPack {
      

      FrameTransformMatrix {
       0.190104,-0.000002,-0.981764,0.000000,0.000003,1.000000,-0.000002,0.000000,0.981764,-0.000002,0.190104,0.000000,0.063697,-0.000000,-0.088856,1.000000;;
      }

      Frame Bip01_BackPackNub {
       

       FrameTransformMatrix {
        0.000796,0.000003,1.000000,0.000000,-0.000000,-1.000000,0.000003,0.000000,1.000000,-0.000000,-0.000796,0.000000,0.053240,0.000000,-0.000000,1.000000;;
       }
      }
     }
    }

    Frame Bip01_L_Thigh {
     

     FrameTransformMatrix {
      -0.970352,0.102931,-0.218684,0.000000,-0.096536,-0.994535,-0.039758,0.000000,-0.221581,-0.017468,0.974986,0.000000,-0.043973,0.054154,-0.008774,1.000000;;
     }

     Frame Bip01_L_Calf {
      

      FrameTransformMatrix {
       0.999999,0.000000,-0.001582,0.000000,0.000000,1.000000,0.000000,0.000000,0.001582,-0.000000,0.999999,0.000000,0.237500,0.000000,0.000000,1.000000;;
      }

      Frame Bip01_L_Foot {
       

       FrameTransformMatrix {
        0.988075,0.081741,0.130487,0.000000,-0.131275,0.890095,0.436460,0.000000,-0.080470,-0.448385,0.890211,0.000000,0.206841,0.000000,-0.000000,1.000000;;
       }

       Frame Bip01_L_Toe0 {
        

        FrameTransformMatrix {
         -0.000001,-0.000000,1.000000,0.000000,-0.000000,1.000000,0.000000,0.000000,-1.000000,-0.000000,-0.000001,0.000000,0.065373,0.000000,0.066450,1.000000;;
        }

        Frame Bip01_L_Toe0Nub {
         

         FrameTransformMatrix {
          -1.000000,0.000000,0.000000,0.000000,0.000000,1.000000,-0.000000,0.000000,-0.000000,0.000000,-1.000000,0.000000,0.006735,0.000000,0.000000,1.000000;;
         }
        }
       }
      }
     }
    }

    Frame Bip01_R_Thigh {
     

     FrameTransformMatrix {
      -0.999707,-0.023090,0.007301,0.000000,0.023109,-0.999730,0.002546,0.000000,0.007241,0.002714,0.999970,0.000000,-0.058834,-0.054999,-0.000759,1.000000;;
     }

     Frame Bip01_R_Calf {
      

      FrameTransformMatrix {
       0.912673,0.000000,-0.408692,0.000000,-0.000000,1.000000,-0.000000,0.000000,0.408692,-0.000000,0.912673,0.000000,0.237500,0.000000,0.000000,1.000000;;
      }

      Frame Bip01_R_Foot {
       

       FrameTransformMatrix {
        0.946690,0.034264,0.320319,0.000000,-0.045077,0.998635,0.026401,0.000000,-0.318977,-0.039432,0.946941,0.000000,0.206841,0.000000,-0.000000,1.000000;;
       }

       Frame Bip01_R_Toe0 {
        

        FrameTransformMatrix {
         -0.113653,-0.833302,0.541008,0.000000,0.085446,0.534321,0.840952,0.000000,-0.989839,0.141804,0.010475,0.000000,0.065373,-0.000000,0.066450,1.000000;;
        }

        Frame Bip01_R_Toe0Nub {
         

         FrameTransformMatrix {
          1.000000,-0.000000,-0.000000,0.000000,-0.000000,1.000000,0.000000,0.000000,0.000000,0.000000,1.000000,0.000000,0.006735,0.000000,0.000000,1.000000;;
         }
        }
       }
      }
     }
    }
   }

   Frame Bip01_DressFront {
    

    FrameTransformMatrix {
     -0.996021,-0.085273,0.025894,0.000000,-0.085242,0.996358,0.002283,0.000000,-0.025995,0.000066,-0.999662,0.000000,-0.043998,0.001399,0.061087,1.000000;;
    }

    Frame Bip01_DressFront02 {
     

     FrameTransformMatrix {
      0.987807,0.000000,0.155685,0.000000,-0.000000,1.000000,-0.000000,0.000000,-0.155685,-0.000000,0.987807,0.000000,0.183345,0.000000,-0.000130,1.000000;;
     }

     Frame Bip01_DressFrontNub {
      

      FrameTransformMatrix {
       0.000796,0.000003,1.000000,0.000000,0.000000,-1.000000,0.000003,0.000000,1.000000,-0.000000,-0.000796,0.000000,0.165302,-0.000000,-0.000000,1.000000;;
      }
     }
    }
   }

   Frame Bip01_DressBack {
    

    FrameTransformMatrix {
     -0.985569,-0.114744,-0.124453,0.000000,-0.093890,0.982293,-0.162126,0.000000,0.140853,-0.148102,-0.978891,0.000000,-0.047752,0.000021,-0.078282,1.000000;;
    }

    Frame Bip01_DressBack02 {
     

     FrameTransformMatrix {
      0.999867,-0.000000,-0.016282,0.000000,0.000000,1.000000,0.000000,0.000000,0.016282,-0.000000,0.999867,0.000000,0.176157,0.000000,-0.000109,1.000000;;
     }

     Frame Bip01_DressBackNub {
      

      FrameTransformMatrix {
       0.000796,0.000003,1.000000,0.000000,0.000000,-1.000000,0.000003,0.000000,1.000000,0.000000,-0.000796,0.000000,0.136508,-0.000000,-0.000000,1.000000;;
      }
     }
    }
   }
  }

  Frame Bip01_Prop1 {
   

   FrameTransformMatrix {
    -0.067164,0.287894,0.955304,0.000000,0.997009,-0.017320,0.075316,0.000000,0.038229,0.957506,-0.285870,0.000000,0.099932,0.485274,-0.173452,1.000000;;
   }
  }

  Frame Bip01_Prop2 {
   

   FrameTransformMatrix {
    -0.008987,-0.999960,-0.000000,0.000000,0.999960,-0.008987,0.000000,0.000000,-0.000000,-0.000000,1.000000,0.000000,0.137398,0.497412,0.080843,1.000000;;
   }
  }
 }
}

Frame Translation_Data {
 

 FrameTransformMatrix {
  1.000000,0.000000,0.000000,0.000000,0.000000,-0.000000,-1.000000,0.000000,0.000000,1.000000,-0.000000,0.000000,0.000000,-0.000000,0.000000,1.000000;;
 }
}

Frame Body {
 

 FrameTransformMatrix {
  1.000000,0.000000,0.000000,0.000000,0.000000,1.000000,0.000000,0.000000,0.000000,0.000000,1.000000,0.000000,0.000000,0.000000,0.000000,1.000000;;
 }

 Mesh Body {
  617;
  0.069097;0.791175;-0.010539;,
  0.036793;0.768702;-0.014772;,
  0.032057;0.796012;0.004736;,
  0.083701;0.771348;-0.016538;,
  0.087351;0.742740;-0.019702;,
  0.058053;0.706966;-0.043356;,
  0.043934;0.739717;-0.035450;,
  0.094018;0.705367;-0.011519;,
  0.033582;0.812312;0.044062;,
  0.082406;0.786894;0.064608;,
  0.066064;0.803141;0.039088;,
  0.051444;0.788660;0.072004;,
  0.067770;0.566518;0.053690;,
  0.026492;0.568133;0.063173;,
  0.022994;0.557908;0.069293;,
  0.063335;0.573505;0.047739;,
  0.068592;0.574470;-0.008172;,
  0.078453;0.550736;0.014878;,
  0.047506;0.568084;-0.043486;,
  0.072512;0.524831;-0.016540;,
  0.047670;0.513036;-0.030890;,
  0.004287;0.707451;-0.051999;,
  0.003014;0.742266;-0.037567;,
  -0.015265;0.562643;0.055080;,
  -0.017453;0.549272;0.060689;,
  0.050744;0.653922;0.076947;,
  0.001437;0.692668;0.088430;,
  -0.001336;0.655367;0.078149;,
  0.058429;0.694326;0.085365;,
  0.061540;0.468497;-0.024300;,
  0.103978;0.373857;0.023852;,
  0.068983;0.369759;-0.007992;,
  0.091391;0.473882;0.016312;,
  0.071871;0.279751;0.004508;,
  0.096500;0.284028;0.051268;,
  0.009434;0.468776;-0.006280;,
  0.018084;0.382577;0.087720;,
  0.003668;0.448858;0.070646;,
  0.019085;0.370962;0.012650;,
  0.039396;0.287257;0.084778;,
  0.040457;0.280085;0.042990;,
  0.098003;0.384716;0.087426;,
  0.079803;0.462480;0.075549;,
  0.079843;0.291646;0.087820;,
  0.090044;0.008763;0.097507;,
  0.032418;0.009319;0.115143;,
  0.053572;0.008743;0.071148;,
  0.062136;0.009292;0.133360;,
  0.073068;0.228486;0.033688;,
  0.101431;0.157066;0.074150;,
  0.074785;0.155001;0.043063;,
  0.101866;0.231211;0.064965;,
  0.094416;0.078124;0.087164;,
  0.082355;0.076509;0.055380;,
  0.030542;0.210529;0.055449;,
  0.036570;0.165374;0.106253;,
  0.026629;0.230479;0.107346;,
  0.043262;0.153358;0.065695;,
  0.057712;0.088962;0.100762;,
  0.061880;0.070013;0.069343;,
  0.098441;0.166798;0.111327;,
  0.097885;0.241318;0.113198;,
  0.080541;0.094633;0.105927;,
  0.086185;0.522756;0.022236;,
  0.010937;0.500925;-0.050568;,
  0.009434;0.468776;-0.006280;,
  0.011468;0.466840;-0.035597;,
  0.077210;0.518562;0.075953;,
  0.023687;0.512411;0.089347;,
  0.077832;0.472985;0.076524;,
  0.029098;0.472892;0.089375;,
  0.042652;0.608742;0.064529;,
  0.083308;0.653967;0.060897;,
  0.095758;0.660863;0.045266;,
  0.074038;0.620471;-0.008089;,
  0.092413;0.671168;-0.007774;,
  0.076822;0.611980;0.042355;,
  0.060253;0.674251;-0.045375;,
  0.054078;0.620190;-0.039708;,
  0.008170;0.677048;-0.054580;,
  0.006010;0.616442;-0.049559;,
  0.092053;0.843349;0.014952;,
  0.120770;0.879843;-0.005259;,
  0.080331;0.806641;-0.022609;,
  0.140968;0.881778;-0.074369;,
  0.109151;0.849669;-0.055703;,
  0.150647;0.907143;-0.034099;,
  0.136367;0.782727;-0.022568;,
  0.109151;0.849669;-0.055703;,
  0.165414;0.815779;-0.048530;,
  0.189320;0.863900;-0.076149;,
  0.140968;0.881778;-0.074369;,
  0.144076;0.782502;-0.014265;,
  0.176981;0.845761;0.002175;,
  0.148442;0.809726;0.021150;,
  0.199056;0.889292;-0.036095;,
  0.117840;0.831753;0.024788;,
  0.139436;0.921631;-0.036156;,
  0.114491;0.948327;-0.106717;,
  0.127407;0.893293;-0.084660;,
  0.122559;0.964144;-0.074590;,
  0.110153;0.983879;-0.128092;,
  0.112036;1.000970;-0.106891;,
  0.127407;0.893293;-0.084660;,
  0.170616;0.955311;-0.115386;,
  0.188267;0.895289;-0.101623;,
  0.114491;0.948327;-0.106717;,
  0.147640;0.994440;-0.130058;,
  0.110153;0.983879;-0.128092;,
  0.176537;0.967156;-0.090513;,
  0.200269;0.923395;-0.053339;,
  0.147866;1.005144;-0.117555;,
  0.067638;1.077420;-0.197818;,
  0.120026;1.063641;-0.179864;,
  0.074233;1.056957;-0.193167;,
  0.113011;1.083653;-0.184494;,
  0.075931;1.023816;-0.176135;,
  0.068146;1.038578;-0.174746;,
  0.076869;1.034328;-0.179934;,
  0.064625;1.024201;-0.173285;,
  0.139397;1.021972;-0.154148;,
  0.080475;1.034061;-0.148926;,
  0.126939;1.056805;-0.159370;,
  0.093713;1.002347;-0.154204;,
  0.121443;1.070668;-0.146115;,
  0.135022;1.036392;-0.119445;,
  0.087437;1.015506;-0.118216;,
  0.077028;1.048327;-0.135469;,
  0.087832;0.824280;0.040005;,
  0.090697;0.830697;0.011132;,
  0.066064;0.803141;0.039088;,
  0.061778;0.809380;0.013015;,
  0.095552;0.699426;0.069284;,
  0.042959;0.807991;0.017321;,
  0.090863;0.814647;-0.008657;,
  0.083701;0.771348;-0.016538;,
  0.069097;0.791175;-0.010539;,
  0.094539;0.797857;-0.004877;,
  0.105933;0.745828;0.059114;,
  0.061912;0.733905;0.083358;,
  0.108687;0.751165;0.055420;,
  0.004112;0.728894;0.086866;,
  0.004490;0.785387;0.066488;,
  0.082406;0.786894;0.064608;,
  0.108687;0.751165;0.055420;,
  0.091905;0.738255;0.007238;,
  0.108858;0.748222;0.046121;,
  0.080331;0.806641;-0.022609;,
  0.098311;0.699820;0.037126;,
  0.092070;0.700516;0.002386;,
  0.087351;0.742740;-0.019702;,
  0.103353;0.700800;0.053309;,
  0.093713;1.002347;-0.154204;,
  0.039967;0.835013;0.012023;,
  0.032553;0.834519;0.032988;,
  0.004513;0.814238;0.048984;,
  0.007340;0.834154;0.042669;,
  0.077028;1.048327;-0.135469;,
  0.067638;1.077420;-0.197818;,
  0.113011;1.083653;-0.184494;,
  0.086043;1.014462;-0.161697;,
  0.062856;1.022608;-0.153513;,
  0.086043;1.014462;-0.161697;,
  0.085990;1.032149;-0.163680;,
  0.070148;1.042988;-0.148275;,
  0.070148;1.042988;-0.148275;,
  0.075931;1.023816;-0.176135;,
  0.064625;1.024201;-0.173285;,
  0.068146;1.038578;-0.174746;,
  0.136153;0.029346;0.035360;,
  0.133995;0.007105;-0.018356;,
  0.129183;0.025785;-0.013136;,
  0.144539;0.007622;0.032420;,
  0.035112;0.042576;0.103742;,
  0.053572;0.008743;0.071148;,
  0.032418;0.009319;0.115143;,
  0.053934;0.033662;0.067976;,
  0.057712;0.088962;0.100762;,
  0.070664;0.045590;0.125236;,
  0.080541;0.094633;0.105927;,
  0.090044;0.008763;0.097507;,
  0.062136;0.009292;0.133360;,
  0.092588;0.043671;0.095601;,
  0.082355;0.076509;0.055380;,
  0.094416;0.078124;0.087164;,
  0.100302;0.022898;-0.018778;,
  0.098816;0.007264;-0.027974;,
  0.144539;0.007622;0.032420;,
  0.098816;0.007264;-0.027974;,
  0.019085;0.370962;0.012650;,
  0.040457;0.280085;0.042990;,
  0.030542;0.210529;0.055449;,
  0.043262;0.153358;0.065695;,
  0.061880;0.070013;0.069343;,
  0.061880;0.070013;0.069343;,
  0.002319;0.455194;0.014248;,
  0.047319;0.848253;-0.004302;,
  0.027757;0.845541;-0.022581;,
  0.035703;0.853411;-0.021594;,
  0.030810;0.832676;-0.004468;,
  0.042513;0.851594;0.026419;,
  0.037677;0.848518;0.049864;,
  0.008534;0.967673;0.060199;,
  -0.015026;0.971355;0.035420;,
  -0.011113;0.968431;0.064870;,
  0.019273;0.936361;-0.015647;,
  0.001537;0.936031;-0.019896;,
  0.014923;0.955921;0.006290;,
  0.039273;0.873322;-0.014717;,
  0.051046;0.870859;0.012493;,
  0.046487;0.853267;0.009227;,
  0.052502;0.892376;0.045030;,
  0.048162;0.912067;0.031048;,
  0.030457;0.955887;0.022214;,
  0.043510;0.946267;0.044956;,
  0.039595;0.920728;0.006675;,
  0.052543;0.887250;0.061033;,
  0.044916;0.882515;0.083784;,
  0.008486;0.871603;0.098259;,
  0.032928;0.927309;0.097998;,
  0.002391;0.918701;0.111463;,
  0.042038;0.900889;-0.004093;,
  0.028378;0.870410;-0.030346;,
  0.024110;0.905692;-0.024897;,
  0.013963;0.852836;-0.051233;,
  -0.002635;0.839280;-0.041887;,
  -0.006569;0.851380;-0.058772;,
  0.010566;0.967441;0.024196;,
  0.028718;0.961801;0.053024;,
  0.044606;0.936728;0.078817;,
  0.028386;0.953760;0.081760;,
  0.012195;0.952595;0.091981;,
  -0.004465;0.950626;0.097082;,
  0.009429;0.844466;0.068646;,
  0.044606;0.936728;0.078817;,
  0.028386;0.953760;0.081760;,
  0.056855;0.874475;0.012619;,
  0.060384;0.910068;0.044019;,
  0.068314;0.890586;0.040690;,
  0.053968;0.895513;0.030984;,
  0.068314;0.890586;0.040690;,
  0.056855;0.874475;0.012619;,
  0.060384;0.910068;0.044019;,
  0.048162;0.912067;0.031048;,
  0.049368;0.894717;0.012857;,
  0.051046;0.870859;0.012493;,
  0.022069;0.924688;-0.013478;,
  0.049368;0.894717;0.012857;,
  0.042959;0.807991;0.017321;,
  0.039967;0.835013;0.012023;,
  0.061778;0.809380;0.013015;,
  0.042513;0.851594;0.026419;,
  0.003705;0.787696;-0.014976;,
  0.003391;0.765577;-0.023729;,
  0.005912;0.562492;-0.055173;,
  -0.016921;0.505401;0.080683;,
  -0.012915;0.471377;0.078966;,
  -0.010846;0.460672;0.079809;,
  0.002428;0.820314;-0.025985;,
  0.002319;0.455194;0.014248;,
  0.012195;0.952595;0.091981;,
  -0.004465;0.950626;0.097082;,
  0.011155;0.882472;-0.039507;,
  0.000746;0.904111;-0.032782;,
  0.001640;0.896040;-0.038006;,
  -0.016494;0.969393;0.020124;,
  -0.017148;0.957313;-0.002260;,
  0.001850;0.923483;-0.016439;,
  -0.004672;0.608254;0.062069;,
  0.061778;0.809380;0.013015;,
  0.133995;0.007105;-0.018356;,
  0.002513;0.877176;-0.048722;,
  0.011125;0.876654;-0.042649;,
  0.002609;0.879434;-0.043153;,
  -0.011711;0.895678;-0.041288;,
  -0.014058;0.907634;-0.044790;,
  0.001191;0.885149;-0.045156;,
  -0.008954;0.878093;-0.042097;,
  -0.009480;0.875261;-0.050540;,
  -0.016199;0.935701;-0.024145;,
  -0.014772;0.925757;-0.025734;,
  0.108858;0.748222;0.046121;,
  -0.010687;0.885274;-0.046967;,
  0.088268;0.736852;0.022145;,
  0.091905;0.738255;0.007238;,
  0.087351;0.742740;-0.019702;,
  0.052543;0.887250;0.061033;,
  0.073068;0.228486;0.033688;,
  0.046782;0.154958;0.005100;,
  0.035896;0.230602;-0.009872;,
  0.074785;0.155001;0.043063;,
  0.071871;0.279751;0.004508;,
  0.037925;0.279813;-0.021079;,
  0.068983;0.369759;-0.007992;,
  0.022805;0.370959;-0.029511;,
  0.061540;0.468497;-0.024300;,
  0.017337;0.458671;-0.041906;,
  0.047670;0.513036;-0.030890;,
  0.048953;0.082698;0.012792;,
  0.082355;0.076509;0.055380;,
  0.035867;0.158926;0.133998;,
  -0.023515;0.088202;0.139926;,
  0.041369;0.089316;0.141430;,
  -0.021041;0.160376;0.126823;,
  -0.015391;0.225383;0.105287;,
  0.029776;0.230151;0.121636;,
  -0.014680;0.285504;0.096294;,
  0.029313;0.289213;0.114297;,
  0.015449;0.385371;0.102179;,
  -0.013968;0.375323;0.091267;,
  -0.013423;0.444206;0.083568;,
  0.088268;0.736852;0.022145;,
  -0.062901;0.793384;-0.005173;,
  -0.029755;0.769386;-0.014111;,
  -0.078233;0.773932;-0.010541;,
  -0.024073;0.796588;0.005293;,
  -0.080649;0.744911;-0.016918;,
  -0.049767;0.708405;-0.045408;,
  -0.086952;0.707781;-0.014962;,
  -0.037899;0.740558;-0.034638;,
  -0.024482;0.812909;0.044638;,
  -0.072508;0.788530;0.066824;,
  -0.042268;0.789623;0.072934;,
  -0.055161;0.805136;0.043503;,
  -0.094526;0.549121;0.019836;,
  -0.057391;0.561381;0.047142;,
  -0.086330;0.561459;0.019137;,
  -0.058839;0.549136;0.052223;,
  -0.070722;0.563257;-0.034796;,
  -0.085540;0.533158;-0.019330;,
  -0.037403;0.561250;-0.059712;,
  -0.063113;0.511278;-0.044316;,
  -0.032208;0.504474;-0.047552;,
  -0.015265;0.562643;0.055080;,
  -0.017453;0.549272;0.060689;,
  -0.052965;0.655712;0.071137;,
  0.001437;0.692668;0.088430;,
  -0.055347;0.695844;0.083199;,
  -0.001336;0.655367;0.078149;,
  -0.049073;0.464361;-0.054934;,
  -0.098345;0.363054;-0.041806;,
  -0.088658;0.460716;-0.023463;,
  -0.057071;0.366576;-0.065034;,
  -0.057775;0.268284;-0.074492;,
  -0.091851;0.269699;-0.034528;,
  -0.005075;0.462877;-0.027943;,
  -0.029091;0.357340;0.040073;,
  -0.013029;0.363279;-0.033941;,
  -0.019903;0.446331;0.065729;,
  -0.043271;0.272584;0.010039;,
  -0.035236;0.267490;-0.030730;,
  -0.107011;0.359048;0.022258;,
  -0.091632;0.439430;0.034451;,
  -0.083565;0.275839;0.004538;,
  -0.105508;0.005858;0.040525;,
  -0.073911;0.002999;0.091765;,
  -0.108155;0.005805;0.085885;,
  -0.060855;0.002205;0.044730;,
  -0.064963;0.213313;-0.036910;,
  -0.100427;0.149408;0.010005;,
  -0.099452;0.220500;-0.012954;,
  -0.068089;0.142811;-0.014314;,
  -0.096830;0.074374;0.036457;,
  -0.073442;0.069087;0.011146;,
  -0.027545;0.201542;-0.004263;,
  -0.043350;0.166306;0.051995;,
  -0.041722;0.146741;0.013933;,
  -0.034211;0.230867;0.042666;,
  -0.066788;0.087514;0.061602;,
  -0.061022;0.063793;0.038969;,
  -0.104993;0.165946;0.044521;,
  -0.105260;0.239487;0.032325;,
  -0.090306;0.093279;0.057384;,
  -0.089691;0.503904;-0.014450;,
  -0.005075;0.462877;-0.027943;,
  -0.102040;0.499348;0.038562;,
  -0.058145;0.503639;0.072277;,
  -0.092108;0.451687;0.038799;,
  -0.051497;0.457663;0.068367;,
  -0.051606;0.609457;0.055583;,
  -0.083500;0.656847;0.051552;,
  -0.093934;0.664137;0.034639;,
  -0.068603;0.621553;-0.021626;,
  -0.080942;0.613177;0.027382;,
  -0.084380;0.674220;-0.017678;,
  -0.048123;0.676122;-0.051447;,
  -0.043026;0.620927;-0.048924;,
  -0.087810;0.848585;0.027419;,
  -0.061905;0.813233;-0.003803;,
  -0.114838;0.880220;-0.001453;,
  -0.115730;0.880914;-0.075291;,
  -0.138865;0.904958;-0.039979;,
  -0.086536;0.851078;-0.045495;,
  -0.112307;0.781566;-0.016793;,
  -0.137691;0.809640;-0.051111;,
  -0.086536;0.851078;-0.045495;,
  -0.159109;0.851086;-0.084535;,
  -0.115730;0.880914;-0.075291;,
  -0.121816;0.780397;-0.010742;,
  -0.165987;0.838605;-0.006792;,
  -0.138866;0.807376;0.020816;,
  -0.182248;0.875102;-0.049417;,
  -0.113491;0.833611;0.030948;,
  -0.134253;0.924309;-0.045015;,
  -0.109925;0.952116;-0.115362;,
  -0.126966;0.966814;-0.086363;,
  -0.107225;0.897884;-0.088277;,
  -0.114245;0.986232;-0.141096;,
  -0.124648;1.002150;-0.121649;,
  -0.107225;0.897884;-0.088277;,
  -0.163561;0.939139;-0.130485;,
  -0.109925;0.952116;-0.115362;,
  -0.162483;0.878272;-0.111655;,
  -0.152526;0.983141;-0.148192;,
  -0.114245;0.986232;-0.141096;,
  -0.176320;0.950252;-0.107951;,
  -0.189441;0.904468;-0.068611;,
  -0.158088;0.993249;-0.136356;,
  -0.094134;1.107727;-0.182909;,
  -0.140421;1.074919;-0.189064;,
  -0.140370;1.096089;-0.184271;,
  -0.093643;1.086262;-0.187691;,
  -0.083678;1.040450;-0.174163;,
  -0.081962;1.056702;-0.170506;,
  -0.074738;1.044034;-0.167581;,
  -0.086594;1.050461;-0.178295;,
  -0.149800;1.017515;-0.170003;,
  -0.100438;1.046537;-0.150864;,
  -0.100839;1.013684;-0.162238;,
  -0.149424;1.054850;-0.168654;,
  -0.151363;1.067223;-0.153122;,
  -0.156582;1.026338;-0.133842;,
  -0.105648;1.021709;-0.124553;,
  -0.104442;1.058602;-0.135538;,
  -0.073441;0.827754;0.049625;,
  -0.080204;0.834350;0.021457;,
  -0.055161;0.805136;0.043503;,
  -0.052463;0.811362;0.017813;,
  -0.091712;0.701925;0.065720;,
  -0.034474;0.808787;0.018089;,
  -0.084700;0.818646;0.002505;,
  -0.078233;0.773932;-0.010541;,
  -0.087879;0.803676;0.010464;,
  -0.062901;0.793384;-0.005173;,
  -0.096270;0.747569;0.061494;,
  -0.098936;0.752912;0.057877;,
  -0.053632;0.735092;0.084505;,
  0.004112;0.728894;0.086866;,
  0.004490;0.785387;0.066488;,
  -0.072508;0.788530;0.066824;,
  -0.098936;0.752912;0.057877;,
  -0.084613;0.740708;0.011616;,
  -0.061905;0.813233;-0.003803;,
  -0.098726;0.750474;0.050192;,
  -0.093223;0.702376;0.033481;,
  -0.085639;0.702887;-0.000996;,
  -0.080649;0.744911;-0.016918;,
  -0.098863;0.703498;0.049461;,
  -0.100839;1.013684;-0.162238;,
  -0.029821;0.830373;0.016035;,
  -0.019076;0.831086;0.035956;,
  0.004513;0.814238;0.048984;,
  0.007340;0.834154;0.042669;,
  -0.104442;1.058602;-0.135538;,
  -0.094134;1.107727;-0.182909;,
  -0.140370;1.096089;-0.184271;,
  -0.094494;1.027178;-0.163911;,
  -0.079294;1.041287;-0.148390;,
  -0.094494;1.027178;-0.163911;,
  -0.099434;1.044128;-0.166164;,
  -0.094026;1.057878;-0.146480;,
  -0.094026;1.057878;-0.146480;,
  -0.083678;1.040450;-0.174163;,
  -0.074738;1.044034;-0.167581;,
  -0.081962;1.056702;-0.170506;,
  -0.097518;0.027217;-0.036233;,
  -0.062329;0.002788;-0.075598;,
  -0.103589;0.006047;-0.044348;,
  -0.060675;0.021267;-0.068177;,
  -0.065786;0.035890;0.081996;,
  -0.060855;0.002205;0.044730;,
  -0.057059;0.026943;0.042541;,
  -0.073911;0.002999;0.091765;,
  -0.066788;0.087514;0.061602;,
  -0.106312;0.042271;0.074791;,
  -0.090306;0.093279;0.057384;,
  -0.105508;0.005858;0.040525;,
  -0.103387;0.040756;0.038026;,
  -0.108155;0.005805;0.085885;,
  -0.073442;0.069087;0.011146;,
  -0.096830;0.074374;0.036457;,
  -0.035564;0.016112;-0.053442;,
  -0.029643;0.000062;-0.059652;,
  -0.103589;0.006047;-0.044348;,
  -0.029643;0.000062;-0.059652;,
  -0.013029;0.363279;-0.033941;,
  -0.035236;0.267490;-0.030730;,
  -0.027545;0.201542;-0.004263;,
  -0.041722;0.146741;0.013933;,
  -0.061022;0.063793;0.038969;,
  -0.061022;0.063793;0.038969;,
  -0.043113;0.833589;0.006257;,
  -0.028312;0.836449;-0.016035;,
  -0.023250;0.829081;-0.001360;,
  -0.037880;0.841479;-0.013002;,
  -0.032820;0.839379;0.035215;,
  -0.022130;0.838820;0.056847;,
  -0.030064;0.961414;0.064706;,
  -0.011113;0.968431;0.064870;,
  -0.047245;0.925575;-0.007881;,
  -0.044403;0.946301;0.013217;,
  -0.031722;0.930638;-0.016013;,
  -0.045841;0.859520;-0.004779;,
  -0.049832;0.854501;0.024271;,
  -0.040870;0.839102;0.019427;,
  -0.050580;0.875661;0.057066;,
  -0.055854;0.895200;0.043193;,
  -0.055158;0.942004;0.032210;,
  -0.056119;0.905207;0.017850;,
  -0.059101;0.929628;0.056936;,
  -0.045426;0.871364;0.072472;,
  -0.031799;0.870075;0.092741;,
  0.008486;0.871603;0.098259;,
  -0.031510;0.916860;0.105522;,
  0.002391;0.918701;0.111463;,
  -0.054605;0.885217;0.007191;,
  -0.044223;0.894612;-0.016919;,
  -0.038385;0.859584;-0.022551;,
  -0.024285;0.846633;-0.046768;,
  -0.039952;0.959250;0.030094;,
  -0.048478;0.949283;0.062038;,
  -0.049535;0.921462;0.089808;,
  -0.039212;0.942799;0.089653;,
  -0.004465;0.950626;0.097082;,
  -0.021604;0.947114;0.095928;,
  0.009429;0.844466;0.068646;,
  -0.049535;0.921462;0.089808;,
  -0.039212;0.942799;0.089653;,
  -0.056294;0.856127;0.025830;,
  -0.063601;0.889963;0.058495;,
  -0.056065;0.877671;0.043832;,
  -0.065594;0.868872;0.056325;,
  -0.065594;0.868872;0.056325;,
  -0.056294;0.856127;0.025830;,
  -0.063601;0.889963;0.058495;,
  -0.055854;0.895200;0.043193;,
  -0.055641;0.877689;0.025118;,
  -0.049832;0.854501;0.024271;,
  -0.045699;0.913699;-0.005565;,
  -0.055641;0.877689;0.025118;,
  -0.034474;0.808787;0.018089;,
  -0.029821;0.830373;0.016035;,
  -0.052463;0.811362;0.017813;,
  -0.032820;0.839379;0.035215;,
  -0.016921;0.505401;0.080683;,
  -0.012915;0.471377;0.078966;,
  -0.010846;0.460672;0.079809;,
  0.002319;0.455194;0.014248;,
  -0.021604;0.947114;0.095928;,
  -0.004465;0.950626;0.097082;,
  -0.028302;0.876074;-0.034900;,
  -0.023931;0.900109;-0.029901;,
  -0.023412;0.891978;-0.035080;,
  -0.027322;0.918753;-0.013033;,
  -0.004672;0.608254;0.062069;,
  -0.052463;0.811362;0.017813;,
  -0.062329;0.002788;-0.075598;,
  -0.027166;0.870445;-0.038179;,
  -0.020741;0.873405;-0.046007;,
  -0.020284;0.875722;-0.040480;,
  -0.021206;0.881517;-0.042541;,
  -0.098726;0.750474;0.050192;,
  -0.079786;0.739151;0.026260;,
  -0.084613;0.740708;0.011616;,
  -0.080649;0.744911;-0.016918;,
  -0.045426;0.871364;0.072472;,
  -0.013584;0.220611;-0.047305;,
  0.010908;0.152001;-0.018411;,
  -0.024543;0.146173;-0.029444;,
  0.011678;0.228915;-0.029706;,
  -0.015385;0.276672;-0.066943;,
  0.015352;0.281142;-0.047607;,
  -0.004186;0.370528;-0.057952;,
  0.013418;0.370549;-0.047126;,
  0.000993;0.459638;-0.056656;,
  0.012426;0.456284;-0.051544;,
  0.010937;0.500925;-0.050568;,
  -0.032208;0.504474;-0.047552;,
  0.010900;0.085894;-0.012578;,
  -0.028300;0.075070;-0.016034;,
  -0.048616;0.092568;0.100661;,
  -0.104993;0.165946;0.044521;,
  -0.090293;0.093279;0.057387;,
  -0.046874;0.164862;0.079712;,
  -0.105260;0.239487;0.032325;,
  -0.044056;0.230963;0.056940;,
  -0.040205;0.275422;0.044274;,
  -0.083565;0.275839;0.004538;,
  -0.107011;0.359048;0.022258;,
  -0.030005;0.355741;0.057479;,
  -0.012915;0.471377;0.078966;,
  -0.051497;0.457663;0.068367;,
  -0.079786;0.739151;0.026260;,
  -0.049073;0.464361;-0.054934;,
  -0.057071;0.366576;-0.065034;,
  -0.057775;0.268284;-0.074492;,
  -0.064963;0.213313;-0.036910;,
  -0.068089;0.142811;-0.014314;,
  -0.073442;0.069087;0.011146;,
  0.098003;0.384716;0.087426;,
  0.029098;0.472892;0.089375;,
  0.079803;0.462480;0.075549;,
  0.079843;0.291646;0.087820;,
  0.097885;0.241318;0.113198;,
  0.098441;0.166798;0.111327;,
  0.080541;0.094633;0.105927;,
  -0.091632;0.439430;0.034451;;
  916;
  3;0,1,2;,
  3;1,0,3;,
  3;4,5,6;,
  3;5,4,7;,
  3;8,9,10;,
  3;9,8,11;,
  3;12,13,14;,
  3;13,12,15;,
  3;16,12,17;,
  3;12,16,15;,
  3;18,19,20;,
  3;19,18,16;,
  3;6,21,22;,
  3;21,6,5;,
  3;14,23,24;,
  3;23,14,13;,
  3;25,26,27;,
  3;26,25,28;,
  3;29,30,31;,
  3;30,29,32;,
  3;30,33,31;,
  3;33,30,34;,
  3;35,36,37;,
  3;36,35,38;,
  3;38,39,36;,
  3;39,38,40;,
  3;37,41,42;,
  3;41,37,36;,
  3;36,43,41;,
  3;43,36,39;,
  3;42,30,32;,
  3;30,42,41;,
  3;41,34,30;,
  3;34,41,43;,
  3;44,45,46;,
  3;45,44,47;,
  3;48,49,50;,
  3;49,48,51;,
  3;50,52,53;,
  3;52,50,49;,
  3;54,55,56;,
  3;55,54,57;,
  3;57,58,55;,
  3;58,57,59;,
  3;56,60,61;,
  3;60,56,55;,
  3;55,62,60;,
  3;62,55,58;,
  3;61,49,51;,
  3;49,61,60;,
  3;60,52,49;,
  3;52,60,62;,
  3;32,19,63;,
  3;19,32,29;,
  3;64,65,66;,
  3;65,64,20;,
  3;14,67,12;,
  3;67,14,68;,
  3;68,69,67;,
  3;69,68,70;,
  3;70,42,69;,
  3;42,70,37;,
  3;48,34,51;,
  3;34,48,33;,
  3;51,43,61;,
  3;43,51,34;,
  3;43,56,61;,
  3;56,43,39;,
  3;39,54,56;,
  3;54,39,40;,
  3;12,63,17;,
  3;63,12,67;,
  3;67,32,63;,
  3;32,67,69;,
  3;69,42,32;,
  3;71,72,25;,
  3;73,74,75;,
  3;74,73,76;,
  3;74,77,75;,
  3;77,74,78;,
  3;79,78,80;,
  3;78,79,77;,
  3;81,82,83;,
  3;82,84,85;,
  3;84,82,86;,
  3;87,88,89;,
  3;88,90,89;,
  3;90,88,91;,
  3;92,93,94;,
  3;92,89,93;,
  3;92,87,89;,
  3;89,95,93;,
  3;95,89,90;,
  3;96,93,82;,
  3;93,86,82;,
  3;86,93,95;,
  3;97,98,99;,
  3;98,97,100;,
  3;100,101,98;,
  3;101,100,102;,
  3;103,104,105;,
  3;104,103,106;,
  3;106,107,104;,
  3;107,106,108;,
  3;105,109,110;,
  3;109,105,104;,
  3;104,111,109;,
  3;111,104,107;,
  3;110,100,97;,
  3;100,110,109;,
  3;109,102,100;,
  3;102,109,111;,
  3;112,113,114;,
  3;113,112,115;,
  3;116,117,118;,
  3;117,116,119;,
  3;120,121,122;,
  3;121,120,123;,
  3;120,124,125;,
  3;124,120,122;,
  3;126,124,127;,
  3;124,126,125;,
  3;95,97,86;,
  3;97,95,110;,
  3;86,99,84;,
  3;99,86,97;,
  3;90,103,105;,
  3;103,90,91;,
  3;105,95,90;,
  3;95,105,110;,
  3;128,96,129;,
  3;96,128,94;,
  3;129,130,128;,
  3;130,129,131;,
  3;72,28,25;,
  3;28,72,132;,
  3;10,133,8;,
  3;134,135,136;,
  3;135,134,137;,
  3;81,137,134;,
  3;138,11,139;,
  3;138,9,11;,
  3;138,140,9;,
  3;141,11,142;,
  3;11,141,139;,
  3;128,130,143;,
  3;94,144,92;,
  3;94,143,144;,
  3;94,128,143;,
  3;145,87,146;,
  3;87,145,147;,
  3;75,148,73;,
  3;148,75,149;,
  3;150,147,145;,
  3;7,149,75;,
  3;148,151,73;,
  3;102,152,101;,
  3;152,102,126;,
  3;102,125,126;,
  3;125,102,111;,
  3;111,120,125;,
  3;120,111,107;,
  3;120,108,123;,
  3;108,120,107;,
  3;8,153,154;,
  3;153,8,133;,
  3;154,155,8;,
  3;155,154,156;,
  3;122,114,113;,
  3;114,122,121;,
  3;121,112,114;,
  3;112,121,157;,
  3;158,124,159;,
  3;124,158,127;,
  3;159,122,113;,
  3;122,159,124;,
  3;126,160,152;,
  3;160,126,161;,
  3;162,121,123;,
  3;121,162,163;,
  3;121,164,157;,
  3;164,121,163;,
  3;165,126,127;,
  3;126,165,161;,
  3;161,166,160;,
  3;166,161,167;,
  3;162,118,163;,
  3;118,162,116;,
  3;163,117,164;,
  3;117,163,118;,
  3;165,167,161;,
  3;167,165,168;,
  3;169,170,171;,
  3;170,169,172;,
  3;173,174,175;,
  3;174,173,176;,
  3;177,178,179;,
  3;178,177,173;,
  3;180,178,181;,
  3;178,180,182;,
  3;183,169,171;,
  3;169,183,184;,
  3;174,185,186;,
  3;185,174,176;,
  3;46,187,44;,
  3;187,46,188;,
  3;180,169,182;,
  3;169,180,172;,
  3;20,29,65;,
  3;19,29,20;,
  3;29,31,189;,
  3;31,190,189;,
  3;190,31,33;,
  3;33,191,190;,
  3;191,33,48;,
  3;191,50,192;,
  3;50,191,48;,
  3;192,53,193;,
  3;53,192,50;,
  3;194,171,185;,
  3;171,194,183;,
  3;171,186,185;,
  3;186,171,170;,
  3;185,176,194;,
  3;194,173,177;,
  3;173,194,176;,
  3;178,175,181;,
  3;175,178,173;,
  3;179,182,184;,
  3;182,179,178;,
  3;182,169,184;,
  3;16,17,19;,
  3;17,63,19;,
  3;65,195,66;,
  3;196,197,198;,
  3;197,196,199;,
  3;200,154,153;,
  3;154,200,201;,
  3;202,203,204;,
  3;205,206,207;,
  3;196,208,209;,
  3;208,196,198;,
  3;210,209,211;,
  3;209,210,196;,
  3;212,213,214;,
  3;213,212,215;,
  3;212,214,211;,
  3;201,216,217;,
  3;216,201,200;,
  3;218,219,220;,
  3;219,218,217;,
  3;210,199,196;,
  3;213,205,207;,
  3;221,222,223;,
  3;198,197,224;,
  3;224,225,226;,
  3;225,224,197;,
  3;227,213,207;,
  3;228,229,214;,
  3;229,228,230;,
  3;220,231,232;,
  3;213,228,214;,
  3;156,201,233;,
  3;201,156,154;,
  3;233,217,218;,
  3;217,233,201;,
  3;219,217,234;,
  3;235,219,234;,
  3;236,237,238;,
  3;237,236,239;,
  3;209,240,211;,
  3;240,209,241;,
  3;211,242,212;,
  3;242,211,240;,
  3;243,239,244;,
  3;239,243,237;,
  3;244,236,245;,
  3;236,244,239;,
  3;246,221,223;,
  3;221,246,215;,
  3;221,212,247;,
  3;212,221,215;,
  3;199,248,2;,
  3;248,199,249;,
  3;133,10,250;,
  3;249,210,251;,
  3;210,249,199;,
  3;210,211,251;,
  3;252,1,253;,
  3;1,252,2;,
  3;20,254,18;,
  3;254,20,64;,
  3;24,68,14;,
  3;68,24,255;,
  3;68,256,70;,
  3;256,68,255;,
  3;256,37,70;,
  3;37,256,257;,
  3;258,2,252;,
  3;2,258,199;,
  3;257,259,37;,
  3;37,259,35;,
  3;260,204,261;,
  3;204,260,202;,
  3;262,263,223;,
  3;263,262,264;,
  3;197,258,225;,
  3;258,197,199;,
  3;265,203,227;,
  3;265,207,266;,
  3;207,265,227;,
  3;223,267,246;,
  3;267,223,263;,
  3;88,87,147;,
  3;83,82,85;,
  3;78,16,18;,
  3;16,78,74;,
  3;74,15,16;,
  3;15,74,76;,
  3;15,71,13;,
  3;71,15,76;,
  3;13,268,23;,
  3;268,13,71;,
  3;248,269,2;,
  3;2,269,0;,
  3;136,129,134;,
  3;129,136,131;,
  3;134,96,81;,
  3;96,134,129;,
  3;96,82,81;,
  3;93,96,94;,
  3;29,189,65;,
  3;205,215,246;,
  3;267,205,246;,
  3;205,267,206;,
  3;205,213,215;,
  3;187,188,270;,
  3;224,271,272;,
  3;222,221,208;,
  3;224,222,198;,
  3;272,273,262;,
  3;273,272,271;,
  3;263,274,275;,
  3;273,276,262;,
  3;277,271,278;,
  3;271,277,273;,
  3;222,272,262;,
  3;272,222,224;,
  3;222,208,198;,
  3;209,221,247;,
  3;221,209,208;,
  3;223,222,262;,
  3;266,206,279;,
  3;206,266,207;,
  3;206,280,279;,
  3;280,206,267;,
  3;280,263,275;,
  3;263,280,267;,
  3;264,262,276;,
  3;76,73,72;,
  3;138,281,140;,
  3;73,132,72;,
  3;132,73,151;,
  3;72,71,76;,
  3;271,226,278;,
  3;155,11,8;,
  3;276,277,282;,
  3;277,276,273;,
  3;274,276,282;,
  3;276,274,264;,
  3;28,141,26;,
  3;141,28,139;,
  3;139,132,138;,
  3;132,139,28;,
  3;132,281,138;,
