xof 0303txt 0032
template ColorRGBA {
 <35ff44e0-6c7c-11cf-8f52-0040333594a3>
 FLOAT red;
 FLOAT green;
 FLOAT blue;
 FLOAT alpha;
}

template ColorRGB {
 <d3e16e81-7835-11cf-8f52-0040333594a3>
 FLOAT red;
 FLOAT green;
 FLOAT blue;
}

template Material {
 <3d82ab4d-62da-11cf-ab39-0020af71e433>
 ColorRGBA faceColor;
 FLOAT power;
 ColorRGB specularColor;
 ColorRGB emissiveColor;
 [...]
}

template TextureFilename {
 <a42790e1-7810-11cf-8f52-0040333594a3>
 STRING filename;
}

template Frame {
 <3d82ab46-62da-11cf-ab39-0020af71e433>
 [...]
}

template Matrix4x4 {
 <f6f23f45-7686-11cf-8f52-0040333594a3>
 array FLOAT matrix[16];
}

template FrameTransformMatrix {
 <f6f23f41-7686-11cf-8f52-0040333594a3>
 Matrix4x4 frameMatrix;
}

template Vector {
 <3d82ab5e-62da-11cf-ab39-0020af71e433>
 FLOAT x;
 FLOAT y;
 FLOAT z;
}

template MeshFace {
 <3d82ab5f-62da-11cf-ab39-0020af71e433>
 DWORD nFaceVertexIndices;
 array DWORD faceVertexIndices[nFaceVertexIndices];
}

template Mesh {
 <3d82ab44-62da-11cf-ab39-0020af71e433>
 DWORD nVertices;
 array Vector vertices[nVertices];
 DWORD nFaces;
 array MeshFace faces[nFaces];
 [...]
}

template MeshMaterialList {
 <f6f23f42-7686-11cf-8f52-0040333594a3>
 DWORD nMaterials;
 DWORD nFaceIndexes;
 array DWORD faceIndexes[nFaceIndexes];
 [Material <3d82ab4d-62da-11cf-ab39-0020af71e433>]
}

template VertexElement {
 <f752461c-1e23-48f6-b9f8-8350850f336f>
 DWORD Type;
 DWORD Method;
 DWORD Usage;
 DWORD UsageIndex;
}

template DeclData {
 <bf22e553-292c-4781-9fea-62bd554bdd93>
 DWORD nElements;
 array VertexElement Elements[nElements];
 DWORD nDWords;
 array DWORD data[nDWords];
}

template XSkinMeshHeader {
 <3cf169ce-ff7c-44ab-93c0-f78f62d172e2>
 WORD nMaxSkinWeightsPerVertex;
 WORD nMaxSkinWeightsPerFace;
 WORD nBones;
}

template SkinWeights {
 <6f0d123b-bad2-4167-a0d0-80224f25fabb>
 STRING transformNodeName;
 DWORD nWeights;
 array DWORD vertexIndices[nWeights];
 array FLOAT weights[nWeights];
 Matrix4x4 matrixOffset;
}

template AnimTicksPerSecond {
 <9e415a43-7ba6-4a73-8743-b73d47e88476>
 DWORD AnimTicksPerSecond;
}

template Animation {
 <3d82ab4f-62da-11cf-ab39-0020af71e433>
 [...]
}

template AnimationSet {
 <3d82ab50-62da-11cf-ab39-0020af71e433>
 [Animation <3d82ab4f-62da-11cf-ab39-0020af71e433>]
}

template FloatKeys {
 <10dd46a9-775b-11cf-8f52-0040333594a3>
 DWORD nValues;
 array FLOAT values[nValues];
}

template TimedFloatKeys {
 <f406b180-7b3b-11cf-8f52-0040333594a3>
 DWORD time;
 FloatKeys tfkeys;
}

template AnimationKey {
 <10dd46a8-775b-11cf-8f52-0040333594a3>
 DWORD keyType;
 DWORD nKeys;
 array TimedFloatKeys keys[nKeys];
}


Material _03_-_Default {
 1.000000;1.000000;1.000000;1.000000;;
 9.999999;
 0.000000;0.000000;0.000000;;
 0.000000;0.000000;0.000000;;

 TextureFilename {
  "MaleBody_full.png";
 }
}

Frame Dummy01 {
 

 FrameTransformMatrix {
  1.000000,0.000000,0.000000,0.000000,0.000000,-0.000000,-1.000000,0.000000,0.000000,1.000000,-0.000000,0.000000,0.000000,0.000000,0.000000,1.000000;;
 }

 Frame Bip01 {
  

  FrameTransformMatrix {
   0.526281,0.849190,-0.043652,0.000000,0.053401,0.018228,0.998407,0.000000,0.848632,-0.527774,-0.035755,0.000000,0.000000,-0.016149,0.493394,1.000000;;
  }

  Frame Bip01_Pelvis {
   

   FrameTransformMatrix {
    -0.000000,1.000000,-0.000001,0.000000,0.087154,0.000001,0.996195,0.000000,0.996195,-0.000000,-0.087154,0.000000,0.000000,0.000000,0.000000,1.000000;;
   }

   Frame Bip01_Spine {
    

    FrameTransformMatrix {
     0.998192,-0.005238,-0.059886,0.000000,-0.000001,0.996195,-0.087152,0.000000,0.060114,0.086994,0.994394,0.000000,0.051628,-0.000007,-0.000084,1.000000;;
    }

    Frame Bip01_Spine1 {
     

     FrameTransformMatrix {
      0.944325,-0.155506,0.289944,0.000000,0.115540,0.981865,0.150303,0.000000,-0.308059,-0.108435,0.945167,0.000000,0.106506,0.000009,-0.000080,1.000000;;
     }

     Frame Bip01_Neck {
      

      FrameTransformMatrix {
       0.903366,0.000001,0.428870,0.000000,-0.000001,1.000000,-0.000000,0.000000,-0.428870,-0.000000,0.903366,0.000000,0.130516,0.000000,0.004628,1.000000;;
      }

      Frame Bip01_Head {
       

       FrameTransformMatrix {
        0.965154,-0.154187,0.211432,0.000000,0.189750,0.968755,-0.159716,0.000000,-0.180200,0.194270,0.964255,0.000000,0.033674,0.000000,0.000000,1.000000;;
       }

       Frame Bip01_HeadNub {
        

        FrameTransformMatrix {
         1.000000,0.000000,0.000000,0.000000,-0.000000,1.000000,0.000000,0.000000,0.000000,0.000000,1.000000,0.000000,0.169824,0.000000,0.000000,1.000000;;
        }
       }
      }

      Frame Bip01_L_Clavicle {
       

       FrameTransformMatrix {
        -0.000000,1.000000,-0.000003,0.000000,0.903024,-0.000001,-0.429589,0.000000,-0.429589,-0.000002,-0.903024,0.000000,-0.023698,0.015715,0.006128,1.000000;;
       }

       Frame Bip01_L_UpperArm {
        

        FrameTransformMatrix {
         0.314988,-0.938390,-0.142149,0.000000,0.634524,0.319592,-0.703733,0.000000,0.705805,0.131470,0.696099,0.000000,0.087086,0.000000,-0.000000,1.000000;;
        }

        Frame Bip01_L_Forearm {
         

         FrameTransformMatrix {
          0.827999,-0.000000,-0.560730,0.000000,0.000000,1.000000,0.000000,0.000000,0.560730,0.000000,0.827999,0.000000,0.137062,0.000000,0.000000,1.000000;;
         }

         Frame Bip01_L_Hand {
          

          FrameTransformMatrix {
           0.971486,-0.212704,0.104747,0.000000,-0.102152,0.023181,0.994499,0.000000,-0.213962,-0.976842,0.000792,0.000000,0.137062,-0.000000,-0.000000,1.000000;;
          }

          Frame Bip01_L_Finger0 {
           

           FrameTransformMatrix {
            0.556874,-0.020367,0.830347,0.000000,0.558537,0.749101,-0.356210,0.000000,-0.614759,0.662144,0.428531,0.000000,0.057681,-0.023605,-0.000272,1.000000;;
           }

           Frame Bip01_L_Finger0Nub {
            

            FrameTransformMatrix {
             1.000000,0.000000,0.000000,0.000000,0.000000,1.000000,0.000000,0.000000,0.000000,0.000000,1.000000,0.000000,0.029435,0.000000,-0.000000,1.000000;;
            }
           }
          }

          Frame Bip01_L_Finger1 {
           

           FrameTransformMatrix {
            -0.342274,-0.000748,0.939600,0.000000,0.000000,1.000000,0.000796,0.000000,-0.939600,0.000273,-0.342274,0.000000,0.084102,0.000000,0.000000,1.000000;;
           }

           Frame Bip01_L_Finger1Nub {
            

            FrameTransformMatrix {
             1.000000,0.000000,0.000000,0.000000,0.000000,1.000000,-0.000000,0.000000,0.000000,0.000000,1.000000,0.000000,0.047988,0.000000,0.000000,1.000000;;
            }
           }
          }
         }
        }
       }
      }

      Frame Bip01_R_Clavicle {
       

       FrameTransformMatrix {
        -0.000000,-1.000000,0.000003,0.000000,-0.903024,0.000001,0.429589,0.000000,-0.429589,-0.000002,-0.903024,0.000000,-0.023698,-0.015714,0.006128,1.000000;;
       }

       Frame Bip01_R_UpperArm {
        

        FrameTransformMatrix {
         0.269293,0.941070,-0.204618,0.000000,-0.865731,0.329627,0.376638,0.000000,0.421891,0.075718,0.903480,0.000000,0.087086,0.000000,0.000000,1.000000;;
        }

        Frame Bip01_R_Forearm {
         

         FrameTransformMatrix {
          0.800875,0.000000,-0.598831,0.000000,0.000000,1.000000,-0.000000,0.000000,0.598831,-0.000000,0.800875,0.000000,0.137062,0.000000,-0.000000,1.000000;;
         }

         Frame Bip01_R_Hand {
          

          FrameTransformMatrix {
           0.876605,0.385158,-0.288474,0.000000,-0.438815,0.393779,-0.807700,0.000000,-0.197497,0.834621,0.514202,0.000000,0.137062,0.000000,0.000000,1.000000;;
          }

          Frame Bip01_R_Finger0 {
           

           FrameTransformMatrix {
            0.556874,0.020367,0.830347,0.000000,-0.558537,0.749101,0.356210,0.000000,-0.614759,-0.662144,0.428531,0.000000,0.057681,0.023605,-0.000272,1.000000;;
           }

           Frame Bip01_R_Finger0Nub {
            

            FrameTransformMatrix {
             -1.000000,0.000000,-0.000000,0.000000,0.000000,1.000000,0.000000,0.000000,0.000000,-0.000000,-1.000000,0.000000,0.029435,0.000000,0.000000,1.000000;;
            }
           }
          }

          Frame Bip01_R_Finger1 {
           

           FrameTransformMatrix {
            -0.342274,0.000748,0.939600,0.000000,0.000000,1.000000,-0.000796,0.000000,-0.939600,-0.000273,-0.342274,0.000000,0.084102,-0.000000,0.000000,1.000000;;
           }

           Frame Bip01_R_Finger1Nub {
            

            FrameTransformMatrix {
             -1.000000,0.000000,0.000000,0.000000,0.000000,1.000000,-0.000000,0.000000,-0.000000,-0.000000,-1.000000,0.000000,0.047988,0.000000,0.000000,1.000000;;
            }
           }
          }
         }
        }
       }
      }
     }

     Frame Bip01_BackPack {
      

      FrameTransformMatrix {
       0.180560,0.080500,-0.980264,0.000000,0.047560,0.994765,0.090451,0.000000,0.982413,-0.062954,0.175786,0.000000,0.063696,0.000003,-0.088855,1.000000;;
      }

      Frame Bip01_BackPackNub {
       

       FrameTransformMatrix {
        0.000796,0.000003,1.000000,0.000000,-0.000000,-1.000000,0.000003,0.000000,1.000000,0.000000,-0.000796,0.000000,0.053240,0.000000,-0.000000,1.000000;;
       }
      }
     }
    }

    Frame Bip01_L_Thigh {
     

     FrameTransformMatrix {
      -0.992858,0.116588,0.025306,0.000000,-0.118369,-0.989158,-0.086927,0.000000,0.014897,-0.089301,0.995893,0.000000,-0.051829,0.055015,0.001785,1.000000;;
     }

     Frame Bip01_L_Calf {
      

      FrameTransformMatrix {
       0.862003,0.000000,-0.506902,0.000000,-0.000000,1.000000,0.000000,0.000000,0.506902,0.000000,0.862003,0.000000,0.237500,0.000000,-0.000000,1.000000;;
      }

      Frame Bip01_L_Foot {
       

       FrameTransformMatrix {
        0.882390,0.085545,0.462677,0.000000,-0.115093,0.992704,0.035957,0.000000,-0.456226,-0.084979,0.885797,0.000000,0.206841,-0.000000,-0.000000,1.000000;;
       }

       Frame Bip01_L_Toe0 {
        

        FrameTransformMatrix {
         -0.000001,-0.000000,1.000000,0.000000,0.000001,1.000000,-0.000000,0.000000,-1.000000,0.000001,-0.000001,0.000000,0.065373,-0.000000,0.066450,1.000000;;
        }

        Frame Bip01_L_Toe0Nub {
         

         FrameTransformMatrix {
          -1.000000,-0.000000,-0.000000,0.000000,-0.000000,1.000000,0.000000,0.000000,0.000000,0.000000,-1.000000,0.000000,0.006735,0.000000,0.000000,1.000000;;
         }
        }
       }
      }
     }
    }

    Frame Bip01_R_Thigh {
     

     FrameTransformMatrix {
      -0.952344,-0.083016,0.293512,0.000000,0.070044,-0.996057,-0.054454,0.000000,0.296875,-0.031300,0.954403,0.000000,-0.051251,-0.055015,-0.007823,1.000000;;
     }

     Frame Bip01_R_Calf {
      

      FrameTransformMatrix {
       0.898842,-0.000000,-0.438273,0.000000,0.000000,1.000000,-0.000000,0.000000,0.438273,0.000000,0.898842,0.000000,0.237500,0.000000,-0.000000,1.000000;;
      }

      Frame Bip01_R_Foot {
       

       FrameTransformMatrix {
        0.976857,-0.168289,0.132021,0.000000,0.049614,0.778668,0.625472,0.000000,-0.208060,-0.604446,0.768996,0.000000,0.206841,0.000000,0.000000,1.000000;;
       }

       Frame Bip01_R_Toe0 {
        

        FrameTransformMatrix {
         -0.000001,0.000000,1.000000,0.000000,-0.000000,1.000000,-0.000000,0.000000,-1.000000,-0.000000,-0.000001,0.000000,0.065373,-0.000000,0.066450,1.000000;;
        }

        Frame Bip01_R_Toe0Nub {
         

         FrameTransformMatrix {
          1.000000,-0.000000,-0.000000,0.000000,-0.000000,1.000000,0.000000,0.000000,-0.000000,-0.000000,1.000000,0.000000,0.006735,0.000000,0.000000,1.000000;;
         }
        }
       }
      }
     }
    }
   }

   Frame Bip01_DressFront {
    

    FrameTransformMatrix {
     -0.965745,0.097874,0.240329,0.000000,0.094486,0.995197,-0.025609,0.000000,-0.241681,-0.002024,-0.970354,0.000000,-0.043966,0.001400,0.061083,1.000000;;
    }

    Frame Bip01_DressFront02 {
     

     FrameTransformMatrix {
      0.995560,-0.068071,-0.065015,0.000000,0.078111,0.982848,0.167060,0.000000,0.052528,-0.171397,0.983801,0.000000,0.183317,0.000023,-0.000130,1.000000;;
     }

     Frame Bip01_DressFrontNub {
      

      FrameTransformMatrix {
       0.000796,0.000003,1.000000,0.000000,-0.000000,-1.000000,0.000003,0.000000,1.000000,0.000000,-0.000796,0.000000,0.165302,0.000000,0.000000,1.000000;;
      }
     }
    }
   }

   Frame Bip01_DressBack {
    

    FrameTransformMatrix {
     -0.949986,0.023975,0.311372,0.000000,-0.082634,0.942213,-0.324662,0.000000,-0.301162,-0.334154,-0.893108,0.000000,-0.047690,0.000047,-0.078294,1.000000;;
    }

    Frame Bip01_DressBack02 {
     

     FrameTransformMatrix {
      0.967366,-0.099959,0.232833,0.000000,0.071778,0.989363,0.126530,0.000000,-0.243004,-0.105689,0.964250,0.000000,0.176185,0.000011,-0.000105,1.000000;;
     }

     Frame Bip01_DressBackNub {
      

      FrameTransformMatrix {
       0.000796,0.000003,1.000000,0.000000,0.000000,-1.000000,0.000003,0.000000,1.000000,0.000000,-0.000796,0.000000,0.136508,0.000000,-0.000000,1.000000;;
      }
     }
    }
   }
  }

  Frame Bip01_Prop1 {
   

   FrameTransformMatrix {
    0.422404,-0.045727,-0.905253,0.000000,0.725946,-0.580963,0.368083,0.000000,-0.542750,-0.812645,-0.212206,0.000000,0.066461,-0.004821,-0.127147,1.000000;;
   }
  }

  Frame Bip01_Prop2 {
   

   FrameTransformMatrix {
    -0.163643,-0.967062,0.194966,0.000000,0.985576,-0.168906,-0.010564,0.000000,0.043147,0.190425,0.980753,0.000000,0.065325,0.018277,0.137053,1.000000;;
   }
  }
 }
}

Frame Translation_Data {
 

 FrameTransformMatrix {
  1.000000,0.000000,0.000000,0.000000,0.000000,-0.000000,-1.000000,0.000000,0.000000,1.000000,-0.000000,0.000000,0.000000,0.000000,0.000000,1.000000;;
 }
}

Frame Body {
 

 FrameTransformMatrix {
  1.000000,0.000000,0.000000,0.000000,0.000000,1.000000,0.000000,0.000000,0.000000,0.000000,1.000000,0.000000,0.000000,0.000000,0.000000,1.000000;;
 }

 Mesh Body {
  617;
  0.083614;0.757535;-0.012050;,
  0.051995;0.741961;-0.024877;,
  0.041378;0.773798;-0.020135;,
  0.094786;0.737887;-0.005547;,
  0.098382;0.720342;0.001114;,
  0.079210;0.678256;-0.015427;,
  0.065181;0.708383;-0.029043;,
  0.098875;0.688272;0.026613;,
  0.027766;0.802953;0.007780;,
  0.063031;0.791117;0.054657;,
  0.066526;0.791627;0.022269;,
  0.031298;0.792467;0.046982;,
  0.059521;0.540956;0.087371;,
  0.014271;0.550405;0.085685;,
  0.011477;0.538868;0.090504;,
  0.054405;0.551117;0.081857;,
  0.075863;0.550885;0.029946;,
  0.077684;0.523993;0.051988;,
  0.065415;0.546750;-0.010179;,
  0.076703;0.500211;0.019414;,
  0.055013;0.491412;-0.001753;,
  0.033802;0.672775;-0.044653;,
  0.028879;0.706088;-0.048078;,
  -0.023663;0.549941;0.065567;,
  -0.026104;0.536252;0.071391;,
  0.020267;0.655480;0.099343;,
  -0.026944;0.699391;0.077699;,
  -0.027509;0.655630;0.078680;,
  0.026300;0.703697;0.097669;,
  0.071129;0.451179;0.004021;,
  0.104468;0.352610;0.048906;,
  0.083377;0.353205;0.006358;,
  0.085447;0.450778;0.052682;,
  0.090046;0.252668;0.005821;,
  0.095864;0.259558;0.057182;,
  0.018698;0.448847;0.001596;,
  0.001207;0.347880;0.078021;,
  -0.022497;0.433784;0.082127;,
  0.029503;0.349514;0.007537;,
  0.030845;0.264214;0.065751;,
  0.046938;0.254926;0.028736;,
  0.075636;0.352100;0.106904;,
  0.054579;0.431975;0.102991;,
  0.067254;0.268900;0.083551;,
  0.049200;0.006964;0.157160;,
  -0.008426;0.007520;0.174796;,
  0.012728;0.006944;0.130802;,
  0.021292;0.007493;0.193014;,
  0.072732;0.202143;0.049103;,
  0.072764;0.148544;0.117438;,
  0.059575;0.136364;0.080582;,
  0.087923;0.214971;0.086782;,
  0.051228;0.077638;0.149758;,
  0.047406;0.069399;0.116393;,
  0.022959;0.193523;0.056366;,
  0.002718;0.168529;0.116550;,
  0.003176;0.230191;0.093391;,
  0.022054;0.143166;0.087967;,
  0.012760;0.092909;0.150050;,
  0.021036;0.068214;0.128997;,
  0.057724;0.170534;0.145294;,
  0.067930;0.241138;0.123660;,
  0.034404;0.098452;0.160334;,
  0.079254;0.495147;0.059881;,
  0.023393;0.484876;-0.030747;,
  0.018698;0.448847;0.001596;,
  0.015245;0.450998;-0.017628;,
  0.056047;0.492021;0.109229;,
  0.000568;0.493650;0.108080;,
  0.051392;0.444149;0.105927;,
  0.000667;0.448229;0.104634;,
  0.017921;0.603106;0.092343;,
  0.056481;0.653100;0.098871;,
  0.074583;0.656770;0.089109;,
  0.076303;0.604316;0.039082;,
  0.093885;0.655440;0.039885;,
  0.058244;0.602903;0.086020;,
  0.080265;0.649624;-0.006405;,
  0.070626;0.599927;0.002997;,
  0.036956;0.652681;-0.036534;,
  0.030326;0.595404;-0.024656;,
  0.119139;0.728613;-0.001232;,
  0.141519;0.685138;0.011955;,
  0.069594;0.730544;0.019679;,
  0.110132;0.629677;0.050285;,
  0.087189;0.673525;0.034389;,
  0.154314;0.638646;0.032173;,
  0.089473;0.741035;0.076306;,
  0.087189;0.673525;0.034389;,
  0.106609;0.696039;0.093393;,
  0.126699;0.643470;0.099564;,
  0.110132;0.629677;0.050285;,
  0.099072;0.745977;0.079750;,
  0.160979;0.707974;0.070916;,
  0.138148;0.750251;0.058090;,
  0.170785;0.652328;0.081573;,
  0.134238;0.740605;0.021668;,
  0.157800;0.620591;0.021667;,
  0.121955;0.550197;0.030241;,
  0.106170;0.607358;0.043104;,
  0.154327;0.561143;0.016841;,
  0.130879;0.510887;0.025870;,
  0.154528;0.510815;0.015377;,
  0.106170;0.607358;0.043104;,
  0.151226;0.549830;0.079404;,
  0.130117;0.605672;0.101448;,
  0.121955;0.550197;0.030241;,
  0.152882;0.509082;0.058793;,
  0.130879;0.510887;0.025870;,
  0.175863;0.558538;0.068856;,
  0.181502;0.618901;0.080225;,
  0.169413;0.507614;0.049972;,
  0.098455;0.434816;0.032896;,
  0.149933;0.448492;0.053382;,
  0.112804;0.448026;0.022724;,
  0.135469;0.435456;0.062973;,
  0.104763;0.440177;0.018705;,
  0.114723;0.426893;0.016516;,
  0.109958;0.432332;0.024810;,
  0.104678;0.434435;0.008550;,
  0.137755;0.478664;0.063305;,
  0.131681;0.450767;0.010106;,
  0.145548;0.442248;0.060310;,
  0.116551;0.480956;0.018390;,
  0.161569;0.433057;0.052762;,
  0.172602;0.477012;0.048664;,
  0.151413;0.480247;0.001307;,
  0.148608;0.441963;0.004411;,
  0.091215;0.796350;0.034087;,
  0.107130;0.791277;0.009274;,
  0.066526;0.791627;0.022269;,
  0.073080;0.782254;0.000396;,
  0.066955;0.706197;0.097554;,
  0.046921;0.790424;-0.009478;,
  0.111175;0.768189;-0.006081;,
  0.094786;0.737887;-0.005547;,
  0.083614;0.757535;-0.012050;,
  0.106070;0.744965;0.003583;,
  0.078503;0.755618;0.078953;,
  0.032973;0.746476;0.080428;,
  0.082708;0.759049;0.075382;,
  -0.021456;0.737502;0.062117;,
  -0.009473;0.782978;0.024765;,
  0.063031;0.791117;0.054657;,
  0.082708;0.759049;0.075382;,
  0.088697;0.722560;0.028789;,
  0.086230;0.748830;0.069252;,
  0.069594;0.730544;0.019679;,
  0.082617;0.697429;0.071255;,
  0.091155;0.687622;0.039036;,
  0.098382;0.720342;0.001114;,
  0.080657;0.703358;0.086749;,
  0.116551;0.480956;0.018390;,
  0.046405;0.818781;-0.028408;,
  0.029555;0.831778;-0.020131;,
  -0.000532;0.803751;-0.000342;,
  0.003014;0.833564;-0.026302;,
  0.148608;0.441963;0.004411;,
  0.098455;0.434816;0.032896;,
  0.135469;0.435456;0.062973;,
  0.109709;0.459234;0.015447;,
  0.116373;0.444006;-0.004420;,
  0.109709;0.459234;0.015447;,
  0.121066;0.447191;0.021990;,
  0.135949;0.438288;0.004527;,
  0.135949;0.438288;0.004527;,
  0.104763;0.440177;0.018705;,
  0.104678;0.434435;0.008550;,
  0.114723;0.426893;0.016516;,
  0.095309;0.027547;0.095014;,
  0.093151;0.005307;0.041298;,
  0.088340;0.023986;0.046518;,
  0.103695;0.005823;0.092074;,
  -0.005732;0.040777;0.163396;,
  0.012728;0.006944;0.130802;,
  -0.008426;0.007520;0.174796;,
  0.013090;0.031863;0.127630;,
  0.012760;0.092909;0.150050;,
  0.029820;0.043791;0.184890;,
  0.034404;0.098452;0.160334;,
  0.049200;0.006964;0.157160;,
  0.021292;0.007493;0.193014;,
  0.051743;0.041872;0.155255;,
  0.047406;0.069399;0.116393;,
  0.051228;0.077638;0.149758;,
  0.059458;0.021100;0.040876;,
  0.057972;0.005465;0.031680;,
  0.103695;0.005823;0.092074;,
  0.057972;0.005465;0.031680;,
  0.029503;0.349514;0.007537;,
  0.046938;0.254926;0.028736;,
  0.022959;0.193523;0.056366;,
  0.022054;0.143166;0.087967;,
  0.021036;0.068214;0.128997;,
  0.021036;0.068214;0.128997;,
  -0.008151;0.440545;0.027618;,
  0.064045;0.816450;-0.041238;,
  0.056372;0.791792;-0.048805;,
  0.065548;0.797667;-0.051510;,
  0.046141;0.803846;-0.039927;,
  0.047720;0.842550;-0.046747;,
  0.031807;0.860696;-0.046714;,
  0.059183;0.885836;-0.164070;,
  0.054386;0.855298;-0.179138;,
  0.042424;0.882302;-0.174796;,
  0.088118;0.815604;-0.131228;,
  0.076437;0.804671;-0.139989;,
  0.083590;0.837855;-0.150389;,
  0.074164;0.809808;-0.066835;,
  0.069427;0.838074;-0.058856;,
  0.059448;0.829278;-0.046052;,
  0.065313;0.872501;-0.076792;,
  0.077447;0.862931;-0.095850;,
  0.088037;0.858178;-0.142509;,
  0.083074;0.881334;-0.127700;,
  0.086139;0.839898;-0.107532;,
  0.055614;0.885521;-0.072460;,
  0.037143;0.901553;-0.072424;,
  -0.002233;0.897301;-0.081762;,
  0.041878;0.919751;-0.117130;,
  0.008501;0.917493;-0.125429;,
  0.083927;0.826727;-0.089171;,
  0.071770;0.790919;-0.069813;,
  0.082089;0.802224;-0.102346;,
  0.062440;0.762559;-0.061960;,
  0.039316;0.761072;-0.058855;,
  0.049640;0.747330;-0.071165;,
  0.077256;0.854664;-0.162622;,
  0.075176;0.886179;-0.148660;,
  0.063916;0.909591;-0.119139;,
  0.057982;0.909667;-0.142088;,
  0.040411;0.911991;-0.149427;,
  0.024483;0.909400;-0.156285;,
  -0.000206;0.865125;-0.057788;,
  0.063916;0.909591;-0.119139;,
  0.057982;0.909667;-0.142088;,
  0.075437;0.841346;-0.058994;,
  0.079842;0.878855;-0.087958;,
  0.078531;0.874556;-0.067142;,
  0.074347;0.861357;-0.078656;,
  0.078531;0.874556;-0.067142;,
  0.075437;0.841346;-0.058994;,
  0.079842;0.878855;-0.087958;,
  0.077447;0.862931;-0.095850;,
  0.078859;0.843257;-0.080218;,
  0.069427;0.838074;-0.058856;,
  0.083921;0.815939;-0.119779;,
  0.078859;0.843257;-0.080218;,
  0.046921;0.790424;-0.009478;,
  0.046405;0.818781;-0.028408;,
  0.073080;0.782254;0.000396;,
  0.047720;0.842550;-0.046747;,
  0.023037;0.756404;-0.045086;,
  0.024989;0.732697;-0.044640;,
  0.028675;0.546129;-0.033690;,
  -0.036925;0.492667;0.088937;,
  -0.037381;0.458431;0.086847;,
  -0.033771;0.434224;0.078971;,
  0.029503;0.774845;-0.055960;,
  -0.008151;0.440545;0.027618;,
  0.040411;0.911991;-0.149427;,
  0.024483;0.909400;-0.156285;,
  0.068398;0.778707;-0.088932;,
  0.067237;0.785527;-0.112889;,
  0.066651;0.779381;-0.105466;,
  0.059441;0.840691;-0.178113;,
  0.063777;0.817777;-0.167937;,
  0.069358;0.804954;-0.129067;,
  -0.024463;0.602755;0.071163;,
  0.073080;0.782254;0.000396;,
  0.093151;0.005307;0.041298;,
  0.063666;0.765853;-0.088747;,
  0.067174;0.774559;-0.083930;,
  0.062195;0.771354;-0.090671;,
  0.057846;0.771050;-0.111964;,
  0.063128;0.769778;-0.123417;,
  0.064647;0.770335;-0.096295;,
  0.052300;0.767358;-0.095438;,
  0.054509;0.759003;-0.093224;,
  0.064757;0.793738;-0.148751;,
  0.062043;0.790594;-0.139468;,
  0.086230;0.748830;0.069252;,
  0.056505;0.764011;-0.102466;,
  0.077939;0.729460;0.042024;,
  0.088697;0.722560;0.028789;,
  0.098382;0.720342;0.001114;,
  0.055614;0.885521;-0.072460;,
  0.072732;0.202143;0.049103;,
  0.061177;0.129271;-0.005465;,
  0.056096;0.201431;-0.020940;,
  0.059575;0.136364;0.080582;,
  0.090046;0.252668;0.005821;,
  0.063327;0.262017;-0.029225;,
  0.083377;0.353205;0.006358;,
  0.042294;0.354960;-0.027720;,
  0.071129;0.451179;0.004021;,
  0.032340;0.443009;-0.027454;,
  0.055013;0.491412;-0.001753;,
  0.061147;0.060752;0.000158;,
  0.047406;0.069399;0.116393;,
  -0.007827;0.167912;0.134226;,
  -0.053606;0.080338;0.039437;,
  -0.015674;0.103965;0.160550;,
  -0.042922;0.151949;0.042258;,
  -0.026235;0.216945;0.038360;,
  0.000707;0.234749;0.107078;,
  -0.017994;0.275821;0.040447;,
  0.010810;0.268409;0.088340;,
  -0.006606;0.348051;0.090783;,
  -0.029862;0.356478;0.066521;,
  -0.037301;0.430929;0.083754;,
  0.077939;0.729460;0.042024;,
  -0.041887;0.746180;-0.066138;,
  -0.008915;0.736449;-0.051128;,
  -0.051143;0.724681;-0.068439;,
  -0.009997;0.769149;-0.042276;,
  -0.055711;0.706533;-0.066151;,
  -0.018060;0.672129;-0.061199;,
  -0.064387;0.677987;-0.050212;,
  -0.009720;0.701605;-0.061324;,
  -0.025379;0.798144;-0.015125;,
  -0.080955;0.777843;-0.006757;,
  -0.054476;0.784706;0.010015;,
  -0.060542;0.780041;-0.031195;,
  -0.089053;0.547528;0.012065;,
  -0.061494;0.553726;0.045606;,
  -0.080776;0.557042;0.010349;,
  -0.063437;0.542182;0.052533;,
  -0.049969;0.556401;-0.036617;,
  -0.072445;0.530633;-0.024106;,
  -0.011277;0.550111;-0.050748;,
  -0.047404;0.506429;-0.043040;,
  -0.018112;0.494646;-0.038817;,
  -0.023663;0.549941;0.065567;,
  -0.026104;0.536252;0.071391;,
  -0.071554;0.653030;0.051335;,
  -0.026944;0.699391;0.077699;,
  -0.076343;0.697231;0.049369;,
  -0.027509;0.655630;0.078680;,
  -0.027805;0.466802;-0.054451;,
  -0.069361;0.368918;-0.085470;,
  -0.075623;0.459377;-0.040778;,
  -0.022676;0.376534;-0.089707;,
  -0.013654;0.282646;-0.120938;,
  -0.060274;0.276320;-0.097789;,
  0.005326;0.459831;-0.014668;,
  -0.035986;0.342067;0.013009;,
  0.006458;0.364704;-0.045791;,
  -0.044075;0.434738;0.071190;,
  -0.032346;0.267756;-0.038691;,
  -0.009277;0.271519;-0.073279;,
  -0.101333;0.350268;-0.032316;,
  -0.098893;0.429510;0.008532;,
  -0.067680;0.273424;-0.058281;,
  -0.079161;-0.000401;-0.082665;,
  -0.105077;-0.000347;-0.028255;,
  -0.118678;-0.002098;-0.060302;,
  -0.058518;0.001985;-0.042751;,
  -0.031879;0.220740;-0.101061;,
  -0.079447;0.149883;-0.084964;,
  -0.073161;0.224080;-0.091079;,
  -0.040044;0.147267;-0.095972;,
  -0.081015;0.070214;-0.078102;,
  -0.048780;0.069283;-0.085965;,
  -0.009091;0.201328;-0.059729;,
  -0.043350;0.155964;-0.021983;,
  -0.026536;0.144487;-0.059662;,
  -0.034370;0.220727;-0.013998;,
  -0.071862;0.080381;-0.040906;,
  -0.059790;0.063106;-0.052177;,
  -0.097495;0.159217;-0.052209;,
  -0.096543;0.233669;-0.048584;,
  -0.088704;0.086123;-0.056328;,
  -0.081752;0.502269;-0.021727;,
  0.005326;0.459831;-0.014668;,
  -0.108048;0.499279;0.026055;,
  -0.074346;0.496963;0.070109;,
  -0.102392;0.444909;0.019310;,
  -0.072752;0.445690;0.061558;,
  -0.064787;0.603496;0.046361;,
  -0.091206;0.649159;0.021654;,
  -0.093363;0.652289;0.001299;,
  -0.048860;0.604906;-0.030504;,
  -0.080189;0.603556;0.009057;,
  -0.062642;0.651264;-0.041954;,
  -0.015688;0.647064;-0.056573;,
  -0.014579;0.600329;-0.044374;,
  -0.080253;0.716545;-0.090301;,
  -0.044918;0.720335;-0.049894;,
  -0.096826;0.668834;-0.094030;,
  -0.073350;0.611680;-0.053371;,
  -0.107222;0.618469;-0.087531;,
  -0.055117;0.659764;-0.051981;,
  -0.087691;0.716398;-0.006688;,
  -0.100859;0.667067;-0.004865;,
  -0.055117;0.659764;-0.051981;,
  -0.110788;0.611688;-0.015099;,
  -0.073350;0.611680;-0.053371;,
  -0.098641;0.719285;-0.007134;,
  -0.142649;0.676454;-0.046927;,
  -0.125581;0.722984;-0.042840;,
  -0.144600;0.618347;-0.049127;,
  -0.105405;0.721591;-0.074869;,
  -0.101763;0.603905;-0.101141;,
  -0.056875;0.539495;-0.088885;,
  -0.082698;0.548611;-0.113328;,
  -0.061603;0.593400;-0.061427;,
  -0.056762;0.501928;-0.099051;,
  -0.070285;0.501047;-0.122309;,
  -0.061603;0.593400;-0.061427;,
  -0.102463;0.522834;-0.058586;,
  -0.056875;0.539495;-0.088885;,
  -0.105896;0.574035;-0.020846;,
  -0.088135;0.484726;-0.087639;,
  -0.056762;0.501928;-0.099051;,
  -0.122064;0.530219;-0.077436;,
  -0.145916;0.584527;-0.060268;,
  -0.096599;0.486509;-0.100213;,
  -0.003423;0.446318;-0.078878;,
  -0.049781;0.435977;-0.110513;,
  -0.040134;0.421910;-0.097089;,
  -0.012775;0.460914;-0.092419;,
  -0.001443;0.458881;-0.089280;,
  0.003309;0.449279;-0.102152;,
  0.008291;0.461437;-0.095182;,
  -0.002719;0.448373;-0.092991;,
  -0.068704;0.453122;-0.088038;,
  -0.016307;0.468859;-0.113573;,
  -0.032799;0.487493;-0.089290;,
  -0.047815;0.427352;-0.105226;,
  -0.045440;0.423532;-0.124665;,
  -0.076164;0.457096;-0.124917;,
  -0.039401;0.493785;-0.127033;,
  -0.015732;0.463970;-0.132867;,
  -0.086220;0.780291;-0.042327;,
  -0.078334;0.774515;-0.070590;,
  -0.060542;0.780041;-0.031195;,
  -0.047510;0.771343;-0.051568;,
  -0.101984;0.695555;0.018058;,
  -0.023953;0.784011;-0.040023;,
  -0.067244;0.752434;-0.082836;,
  -0.051143;0.724681;-0.068439;,
  -0.068218;0.730680;-0.075164;,
  -0.041887;0.746180;-0.066138;,
  -0.101805;0.738296;0.001185;,
  -0.102512;0.741223;-0.004364;,
  -0.072782;0.736906;0.034849;,
  -0.021456;0.737502;0.062117;,
  -0.009473;0.782978;0.024765;,
  -0.080955;0.777843;-0.006757;,
  -0.102512;0.741223;-0.004364;,
  -0.069103;0.708194;-0.039890;,
  -0.044918;0.720335;-0.049894;,
  -0.099171;0.731204;-0.011113;,
  -0.090175;0.686544;-0.010055;,
  -0.069165;0.677523;-0.036405;,
  -0.055711;0.706533;-0.066151;,
  -0.101772;0.691865;0.000905;,
  -0.032799;0.487493;-0.089290;,
  -0.016642;0.805207;-0.055262;,
  -0.017087;0.821736;-0.039998;,
  -0.000532;0.803751;-0.000342;,
  0.003014;0.833564;-0.026302;,
  -0.015732;0.463970;-0.132867;,
  -0.003423;0.446318;-0.078878;,
  -0.040134;0.421910;-0.097089;,
  -0.013958;0.474397;-0.090190;,
  0.004219;0.475573;-0.108606;,
  -0.013958;0.474397;-0.090190;,
  -0.015900;0.459709;-0.100053;,
  -0.007217;0.462852;-0.122867;,
  -0.007217;0.462852;-0.122867;,
  -0.001443;0.458881;-0.089280;,
  0.008291;0.461437;-0.095182;,
  0.003309;0.449279;-0.102152;,
  -0.012498;0.024011;-0.119705;,
  0.041736;0.005758;-0.109208;,
  -0.006848;0.002446;-0.127049;,
  0.034575;0.024072;-0.105658;,
  -0.095753;0.033610;-0.030057;,
  -0.058518;0.001985;-0.042751;,
  -0.057073;0.027061;-0.043245;,
  -0.105077;-0.000347;-0.028255;,
  -0.071862;0.080381;-0.040906;,
  -0.111941;0.034576;-0.068424;,
  -0.088704;0.086123;-0.056328;,
  -0.079161;-0.000401;-0.082665;,
  -0.079343;0.034515;-0.085742;,
  -0.118678;-0.002098;-0.060302;,
  -0.048780;0.069283;-0.085965;,
  -0.081015;0.070214;-0.078102;,
  0.036094;0.021994;-0.076202;,
  0.046041;0.007090;-0.073017;,
  -0.006848;0.002446;-0.127049;,
  0.046041;0.007090;-0.073017;,
  0.006458;0.364704;-0.045791;,
  -0.009277;0.271519;-0.073279;,
  -0.009091;0.201328;-0.059729;,
  -0.026536;0.144487;-0.059662;,
  -0.059790;0.063106;-0.052177;,
  -0.059790;0.063106;-0.052177;,
  -0.016314;0.786273;-0.074946;,
  0.006548;0.773082;-0.069704;,
  -0.002697;0.793331;-0.060728;,
  0.000161;0.773113;-0.078937;,
  -0.019222;0.817412;-0.074826;,
  -0.021338;0.840739;-0.069007;,
  0.024884;0.872956;-0.178458;,
  0.042424;0.882302;-0.174796;,
  0.029008;0.793407;-0.156022;,
  0.030873;0.818058;-0.172502;,
  0.046883;0.793572;-0.152386;,
  -0.001469;0.781407;-0.098560;,
  -0.020214;0.804412;-0.096457;,
  -0.018179;0.800128;-0.078613;,
  -0.026288;0.838103;-0.115215;,
  -0.014983;0.828221;-0.134621;,
  0.011957;0.829608;-0.174421;,
  0.001085;0.807959;-0.143208;,
  -0.008107;0.847093;-0.165947;,
  -0.031443;0.852830;-0.108977;,
  -0.031028;0.875953;-0.101019;,
  -0.002233;0.897301;-0.081762;,
  -0.015383;0.898249;-0.141149;,
  0.008501;0.917493;-0.125429;,
  -0.001952;0.794477;-0.125194;,
  0.021367;0.779422;-0.127817;,
  0.012443;0.768640;-0.094698;,
  0.028452;0.749796;-0.076217;,
  0.032365;0.837807;-0.181452;,
  0.006577;0.860418;-0.177434;,
  -0.019739;0.878176;-0.154230;,
  -0.002086;0.887110;-0.167285;,
  0.024483;0.909400;-0.156285;,
  0.010377;0.900712;-0.162025;,
  -0.000206;0.865125;-0.057788;,
  -0.019739;0.878176;-0.154230;,
  -0.002086;0.887110;-0.167285;,
  -0.025109;0.803589;-0.101169;,
  -0.030334;0.837482;-0.134173;,
  -0.023430;0.824639;-0.119670;,
  -0.040462;0.829871;-0.117055;,
  -0.040462;0.829871;-0.117055;,
  -0.025109;0.803589;-0.101169;,
  -0.030334;0.837482;-0.134173;,
  -0.014983;0.828221;-0.134621;,
  -0.014453;0.808217;-0.119359;,
  -0.020214;0.804412;-0.096457;,
  0.023701;0.793326;-0.145039;,
  -0.014453;0.808217;-0.119359;,
  -0.023953;0.784011;-0.040023;,
  -0.016642;0.805207;-0.055262;,
  -0.047510;0.771343;-0.051568;,
  -0.019222;0.817412;-0.074826;,
  -0.036925;0.492667;0.088937;,
  -0.037381;0.458431;0.086847;,
  -0.033771;0.434224;0.078971;,
  -0.008151;0.440545;0.027618;,
  0.010377;0.900712;-0.162025;,
  0.024483;0.909400;-0.156285;,
  0.033335;0.765540;-0.103640;,
  0.045309;0.777293;-0.122087;,
  0.044389;0.771021;-0.114804;,
  0.043435;0.795219;-0.139941;,
  -0.024463;0.602755;0.071163;,
  -0.047510;0.771343;-0.051568;,
  0.041736;0.005758;-0.109208;,
  0.033148;0.761782;-0.098202;,
  0.043001;0.758093;-0.097415;,
  0.041853;0.763715;-0.099204;,
  0.044744;0.762862;-0.104643;,
  -0.099171;0.731204;-0.011113;,
  -0.071712;0.715531;-0.023532;,
  -0.069103;0.708194;-0.039890;,
  -0.055711;0.706533;-0.066151;,
  -0.031443;0.852830;-0.108977;,
  0.023052;0.217022;-0.091044;,
  0.043125;0.135831;-0.064127;,
  0.014774;0.141706;-0.100855;,
  0.041026;0.210627;-0.057997;,
  0.021951;0.277803;-0.090604;,
  0.044889;0.269712;-0.060366;,
  0.021170;0.367665;-0.060146;,
  0.034114;0.358395;-0.044372;,
  0.017683;0.454448;-0.039894;,
  0.025388;0.443144;-0.034587;,
  0.023393;0.484876;-0.030747;,
  -0.018112;0.494647;-0.038817;,
  0.047023;0.072397;-0.072438;,
  0.014390;0.070759;-0.110671;,
  -0.061874;0.076833;0.001790;,
  -0.097495;0.159217;-0.052209;,
  -0.088695;0.086123;-0.056318;,
  -0.054953;0.151583;-0.001452;,
  -0.096543;0.233669;-0.048584;,
  -0.048877;0.218258;-0.004825;,
  -0.042567;0.262930;-0.006211;,
  -0.067680;0.273424;-0.058281;,
  -0.101333;0.350268;-0.032316;,
  -0.043275;0.336461;0.027906;,
  -0.037381;0.458431;0.086847;,
  -0.072752;0.445690;0.061558;,
  -0.071712;0.715531;-0.023532;,
  -0.027805;0.466802;-0.054451;,
  -0.022676;0.376534;-0.089707;,
  -0.013654;0.282646;-0.120938;,
  -0.031879;0.220740;-0.101061;,
  -0.040044;0.147267;-0.095972;,
  -0.048780;0.069283;-0.085965;,
  0.075636;0.352101;0.106904;,
  0.000667;0.448229;0.104634;,
  0.054579;0.431975;0.102991;,
  0.067254;0.268900;0.083551;,
  0.067930;0.241138;0.123660;,
  0.057724;0.170534;0.145294;,
  0.034404;0.098452;0.160334;,
  -0.098893;0.429510;0.008532;;
  916;
  3;0,1,2;,
  3;1,0,3;,
  3;4,5,6;,
  3;5,4,7;,
  3;8,9,10;,
  3;9,8,11;,
  3;12,13,14;,
  3;13,12,15;,
  3;16,12,17;,
  3;12,16,15;,
  3;18,19,20;,
  3;19,18,16;,
  3;6,21,22;,
  3;21,6,5;,
  3;14,23,24;,
  3;23,14,13;,
  3;25,26,27;,
  3;26,25,28;,
  3;29,30,31;,
  3;30,29,32;,
  3;30,33,31;,
  3;33,30,34;,
  3;35,36,37;,
  3;36,35,38;,
  3;38,39,36;,
  3;39,38,40;,
  3;37,41,42;,
  3;41,37,36;,
  3;36,43,41;,
  3;43,36,39;,
  3;42,30,32;,
  3;30,42,41;,
  3;41,34,30;,
  3;34,41,43;,
  3;44,45,46;,
  3;45,44,47;,
  3;48,49,50;,
  3;49,48,51;,
  3;50,52,53;,
  3;52,50,49;,
  3;54,55,56;,
  3;55,54,57;,
  3;57,58,55;,
  3;58,57,59;,
  3;56,60,61;,
  3;60,56,55;,
  3;55,62,60;,
  3;62,55,58;,
  3;61,49,51;,
  3;49,61,60;,
  3;60,52,49;,
  3;52,60,62;,
  3;32,19,63;,
  3;19,32,29;,
  3;64,65,66;,
  3;65,64,20;,
  3;14,67,12;,
  3;67,14,68;,
  3;68,69,67;,
  3;69,68,70;,
  3;70,42,69;,
  3;42,70,37;,
  3;48,34,51;,
  3;34,48,33;,
  3;51,43,61;,
  3;43,51,34;,
  3;43,56,61;,
  3;56,43,39;,
  3;39,54,56;,
  3;54,39,40;,
  3;12,63,17;,
  3;63,12,67;,
  3;67,32,63;,
  3;32,67,69;,
  3;69,42,32;,
  3;71,72,25;,
  3;73,74,75;,
  3;74,73,76;,
  3;74,77,75;,
  3;77,74,78;,
  3;79,78,80;,
  3;78,79,77;,
  3;81,82,83;,
  3;82,84,85;,
  3;84,82,86;,
  3;87,88,89;,
  3;88,90,89;,
  3;90,88,91;,
  3;92,93,94;,
  3;92,89,93;,
  3;92,87,89;,
  3;89,95,93;,
  3;95,89,90;,
  3;96,93,82;,
  3;93,86,82;,
  3;86,93,95;,
  3;97,98,99;,
  3;98,97,100;,
  3;100,101,98;,
  3;101,100,102;,
  3;103,104,105;,
  3;104,103,106;,
  3;106,107,104;,
  3;107,106,108;,
  3;105,109,110;,
  3;109,105,104;,
  3;104,111,109;,
  3;111,104,107;,
  3;110,100,97;,
  3;100,110,109;,
  3;109,102,100;,
  3;102,109,111;,
  3;112,113,114;,
  3;113,112,115;,
  3;116,117,118;,
  3;117,116,119;,
  3;120,121,122;,
  3;121,120,123;,
  3;120,124,125;,
  3;124,120,122;,
  3;126,124,127;,
  3;124,126,125;,
  3;95,97,86;,
  3;97,95,110;,
  3;86,99,84;,
  3;99,86,97;,
  3;90,103,105;,
  3;103,90,91;,
  3;105,95,90;,
  3;95,105,110;,
  3;128,96,129;,
  3;96,128,94;,
  3;129,130,128;,
  3;130,129,131;,
  3;72,28,25;,
  3;28,72,132;,
  3;10,133,8;,
  3;134,135,136;,
  3;135,134,137;,
  3;81,137,134;,
  3;138,11,139;,
  3;138,9,11;,
  3;138,140,9;,
  3;141,11,142;,
  3;11,141,139;,
  3;128,130,143;,
  3;94,144,92;,
  3;94,143,144;,
  3;94,128,143;,
  3;145,87,146;,
  3;87,145,147;,
  3;75,148,73;,
  3;148,75,149;,
  3;150,147,145;,
  3;7,149,75;,
  3;148,151,73;,
  3;102,152,101;,
  3;152,102,126;,
  3;102,125,126;,
  3;125,102,111;,
  3;111,120,125;,
  3;120,111,107;,
  3;120,108,123;,
  3;108,120,107;,
  3;8,153,154;,
  3;153,8,133;,
  3;154,155,8;,
  3;155,154,156;,
  3;122,114,113;,
  3;114,122,121;,
  3;121,112,114;,
  3;112,121,157;,
  3;158,124,159;,
  3;124,158,127;,
  3;159,122,113;,
  3;122,159,124;,
  3;126,160,152;,
  3;160,126,161;,
  3;162,121,123;,
  3;121,162,163;,
  3;121,164,157;,
  3;164,121,163;,
  3;165,126,127;,
  3;126,165,161;,
  3;161,166,160;,
  3;166,161,167;,
  3;162,118,163;,
  3;118,162,116;,
  3;163,117,164;,
  3;117,163,118;,
  3;165,167,161;,
  3;167,165,168;,
  3;169,170,171;,
  3;170,169,172;,
  3;173,174,175;,
  3;174,173,176;,
  3;177,178,179;,
  3;178,177,173;,
  3;180,178,181;,
  3;178,180,182;,
  3;183,169,171;,
  3;169,183,184;,
  3;174,185,186;,
  3;185,174,176;,
  3;46,187,44;,
  3;187,46,188;,
  3;180,169,182;,
  3;169,180,172;,
  3;20,29,65;,
  3;19,29,20;,
  3;29,31,189;,
  3;31,190,189;,
  3;190,31,33;,
  3;33,191,190;,
  3;191,33,48;,
  3;191,50,192;,
  3;50,191,48;,
  3;192,53,193;,
  3;53,192,50;,
  3;194,171,185;,
  3;171,194,183;,
  3;171,186,185;,
  3;186,171,170;,
  3;185,176,194;,
  3;194,173,177;,
  3;173,194,176;,
  3;178,175,181;,
  3;175,178,173;,
  3;179,182,184;,
  3;182,179,178;,
  3;182,169,184;,
  3;16,17,19;,
  3;17,63,19;,
  3;65,195,66;,
  3;196,197,198;,
  3;197,196,199;,
  3;200,154,153;,
  3;154,200,201;,
  3;202,203,204;,
  3;205,206,207;,
  3;196,208,209;,
  3;208,196,198;,
  3;210,209,211;,
  3;209,210,196;,
  3;212,213,214;,
  3;213,212,215;,
  3;212,214,211;,
  3;201,216,217;,
  3;216,201,200;,
  3;218,219,220;,
  3;219,218,217;,
  3;210,199,196;,
  3;213,205,207;,
  3;221,222,223;,
  3;198,197,224;,
  3;224,225,226;,
  3;225,224,197;,
  3;227,213,207;,
  3;228,229,214;,
  3;229,228,230;,
  3;220,231,232;,
  3;213,228,214;,
  3;156,201,233;,
  3;201,156,154;,
  3;233,217,218;,
  3;217,233,201;,
  3;219,217,234;,
  3;235,219,234;,
  3;236,237,238;,
  3;237,236,239;,
  3;209,240,211;,
  3;240,209,241;,
  3;211,242,212;,
  3;242,211,240;,
  3;243,239,244;,
  3;239,243,237;,
  3;244,236,245;,
  3;236,244,239;,
  3;246,221,223;,
  3;221,246,215;,
  3;221,212,247;,
  3;212,221,215;,
  3;199,248,2;,
  3;248,199,249;,
  3;133,10,250;,
  3;249,210,251;,
  3;210,249,199;,
  3;210,211,251;,
  3;252,1,253;,
  3;1,252,2;,
  3;20,254,18;,
  3;254,20,64;,
  3;24,68,14;,
  3;68,24,255;,
  3;68,256,70;,
  3;256,68,255;,
  3;256,37,70;,
  3;37,256,257;,
  3;258,2,252;,
  3;2,258,199;,
  3;257,259,37;,
  3;37,259,35;,
  3;260,204,261;,
  3;204,260,202;,
  3;262,263,223;,
  3;263,262,264;,
  3;197,258,225;,
  3;258,197,199;,
  3;265,203,227;,
  3;265,207,266;,
  3;207,265,227;,
  3;223,267,246;,
  3;267,223,263;,
  3;88,87,147;,
  3;83,82,85;,
  3;78,16,18;,
  3;16,78,74;,
  3;74,15,16;,
  3;15,74,76;,
  3;15,71,13;,
  3;71,15,76;,
  3;13,268,23;,
  3;268,13,71;,
  3;248,269,2;,
  3;2,269,0;,
  3;136,129,134;,
  3;129,136,131;,
  3;134,96,81;,
  3;96,134,129;,
  3;96,82,81;,
  3;93,96,94;,
  3;29,189,65;,
  3;205,215,246;,
  3;267,205,246;,
  3;205,267,206;,
  3;205,213,215;,
  3;187,188,270;,
  3;224,271,272;,
  3;222,221,208;,
  3;224,222,198;,
  3;272,273,262;,
  3;273,272,271;,
  3;263,274,275;,
  3;273,276,262;,
  3;277,271,278;,
  3;271,277,273;,
  3;222,272,262;,
  3;272,222,224;,
  3;222,208,198;,
  3;209,221,247;,
  3;221,209,208;,
  3;223,222,262;,
  3;266,206,279;,
  3;206,266,207;,
  3;206,280,279;,
  3;280,206,267;,
  3;280,263,275;,
  3;263,280,267;,
  3;264,262,276;,
  3;76,73,72;,
  3;138,281,140;,
  3;73,132,72;,
  3;132,73,151;,
  3;72,71,76;,
  3;271,226,278;,
  3;155,11,8;,
  3;276,277,282;,
  3;277,276,273;,
  3;274,276,282;,
  3;276,274,264;,
  3;28,141,26;,
