xof 0303txt 0032
template ColorRGBA {
 <35ff44e0-6c7c-11cf-8f52-0040333594a3>
 FLOAT red;
 FLOAT green;
 FLOAT blue;
 FLOAT alpha;
}

template ColorRGB {
 <d3e16e81-7835-11cf-8f52-0040333594a3>
 FLOAT red;
 FLOAT green;
 FLOAT blue;
}

template Material {
 <3d82ab4d-62da-11cf-ab39-0020af71e433>
 ColorRGBA faceColor;
 FLOAT power;
 ColorRGB specularColor;
 ColorRGB emissiveColor;
 [...]
}

template TextureFilename {
 <a42790e1-7810-11cf-8f52-0040333594a3>
 STRING filename;
}

template Frame {
 <3d82ab46-62da-11cf-ab39-0020af71e433>
 [...]
}

template Matrix4x4 {
 <f6f23f45-7686-11cf-8f52-0040333594a3>
 array FLOAT matrix[16];
}

template FrameTransformMatrix {
 <f6f23f41-7686-11cf-8f52-0040333594a3>
 Matrix4x4 frameMatrix;
}

template Vector {
 <3d82ab5e-62da-11cf-ab39-0020af71e433>
 FLOAT x;
 FLOAT y;
 FLOAT z;
}

template MeshFace {
 <3d82ab5f-62da-11cf-ab39-0020af71e433>
 DWORD nFaceVertexIndices;
 array DWORD faceVertexIndices[nFaceVertexIndices];
}

template Mesh {
 <3d82ab44-62da-11cf-ab39-0020af71e433>
 DWORD nVertices;
 array Vector vertices[nVertices];
 DWORD nFaces;
 array MeshFace faces[nFaces];
 [...]
}

template MeshMaterialList {
 <f6f23f42-7686-11cf-8f52-0040333594a3>
 DWORD nMaterials;
 DWORD nFaceIndexes;
 array DWORD faceIndexes[nFaceIndexes];
 [Material <3d82ab4d-62da-11cf-ab39-0020af71e433>]
}

template VertexElement {
 <f752461c-1e23-48f6-b9f8-8350850f336f>
 DWORD Type;
 DWORD Method;
 DWORD Usage;
 DWORD UsageIndex;
}

template DeclData {
 <bf22e553-292c-4781-9fea-62bd554bdd93>
 DWORD nElements;
 array VertexElement Elements[nElements];
 DWORD nDWords;
 array DWORD data[nDWords];
}

template XSkinMeshHeader {
 <3cf169ce-ff7c-44ab-93c0-f78f62d172e2>
 WORD nMaxSkinWeightsPerVertex;
 WORD nMaxSkinWeightsPerFace;
 WORD nBones;
}

template SkinWeights {
 <6f0d123b-bad2-4167-a0d0-80224f25fabb>
 STRING transformNodeName;
 DWORD nWeights;
 array DWORD vertexIndices[nWeights];
 array FLOAT weights[nWeights];
 Matrix4x4 matrixOffset;
}

template AnimTicksPerSecond {
 <9e415a43-7ba6-4a73-8743-b73d47e88476>
 DWORD AnimTicksPerSecond;
}

template Animation {
 <3d82ab4f-62da-11cf-ab39-0020af71e433>
 [...]
}

template AnimationSet {
 <3d82ab50-62da-11cf-ab39-0020af71e433>
 [Animation <3d82ab4f-62da-11cf-ab39-0020af71e433>]
}

template FloatKeys {
 <10dd46a9-775b-11cf-8f52-0040333594a3>
 DWORD nValues;
 array FLOAT values[nValues];
}

template TimedFloatKeys {
 <f406b180-7b3b-11cf-8f52-0040333594a3>
 DWORD time;
 FloatKeys tfkeys;
}

template AnimationKey {
 <10dd46a8-775b-11cf-8f52-0040333594a3>
 DWORD keyType;
 DWORD nKeys;
 array TimedFloatKeys keys[nKeys];
}


Material _03_-_Default {
 1.000000;1.000000;1.000000;1.000000;;
 9.999999;
 0.000000;0.000000;0.000000;;
 0.000000;0.000000;0.000000;;

 TextureFilename {
  "MaleBody_full.png";
 }
}

Frame Dummy01 {
 

 FrameTransformMatrix {
  1.000000,0.000000,0.000000,0.000000,0.000000,-0.000000,-1.000000,0.000000,0.000000,1.000000,-0.000000,0.000000,0.000000,0.000000,0.000000,1.000000;;
 }

 Frame Bip01 {
  

  FrameTransformMatrix {
   0.337403,0.932080,-0.131858,0.000000,-0.103853,0.176073,0.978884,0.000000,0.935614,-0.316584,0.156207,0.000000,0.029235,-0.003418,0.508268,1.000000;;
  }

  Frame Bip01_Pelvis {
   

   FrameTransformMatrix {
    -0.000000,1.000000,-0.000001,0.000000,0.087154,0.000001,0.996195,0.000000,0.996195,-0.000000,-0.087154,0.000000,0.000000,0.000000,0.000000,1.000000;;
   }

   Frame Bip01_Spine {
    

    FrameTransformMatrix {
     0.985766,-0.115309,0.122349,0.000000,0.105322,0.990782,0.085195,0.000000,-0.131045,-0.071096,0.988824,0.000000,0.051644,0.000006,-0.000084,1.000000;;
    }

    Frame Bip01_Spine1 {
     

     FrameTransformMatrix {
      0.993498,-0.105133,0.043697,0.000000,0.087603,0.951035,0.296408,0.000000,-0.072720,-0.290653,0.954061,0.000000,0.106486,0.000025,-0.000081,1.000000;;
     }

     Frame Bip01_Neck {
      

      FrameTransformMatrix {
       0.973661,0.166680,0.155568,0.000000,-0.144731,0.979060,-0.143159,0.000000,-0.176172,0.116873,0.977397,0.000000,0.130509,-0.000003,0.004626,1.000000;;
      }

      Frame Bip01_Head {
       

       FrameTransformMatrix {
        0.951499,-0.284407,0.117312,0.000000,0.306550,0.908692,-0.283384,0.000000,-0.026004,0.305602,0.951804,0.000000,0.033674,-0.000000,0.000000,1.000000;;
       }

       Frame Bip01_HeadNub {
        

        FrameTransformMatrix {
         1.000000,-0.000000,0.000000,0.000000,0.000000,1.000000,0.000000,0.000000,0.000000,0.000000,1.000000,0.000000,0.169824,-0.000000,0.000000,1.000000;;
        }
       }
      }

      Frame Bip01_L_Clavicle {
       

       FrameTransformMatrix {
        0.265083,0.940030,-0.214650,0.000000,0.943264,-0.298978,-0.144447,0.000000,-0.199960,-0.164181,-0.965951,0.000000,-0.021496,0.019529,0.001549,1.000000;;
       }

       Frame Bip01_L_UpperArm {
        

        FrameTransformMatrix {
         0.769940,-0.586646,-0.251078,0.000000,0.563993,0.441553,0.697813,0.000000,-0.298505,-0.678880,0.670833,0.000000,0.087086,0.000000,0.000000,1.000000;;
        }

        Frame Bip01_L_Forearm {
         

         FrameTransformMatrix {
          -0.266512,0.000000,-0.963832,0.000000,-0.000000,1.000000,0.000000,0.000000,0.963832,-0.000000,-0.266512,0.000000,0.137062,0.000000,-0.000000,1.000000;;
         }

         Frame Bip01_L_Hand {
          

          FrameTransformMatrix {
           0.715946,0.691410,-0.096819,0.000000,0.000471,0.138199,0.990404,0.000000,0.698156,-0.709121,0.098617,0.000000,0.137062,0.000000,0.000000,1.000000;;
          }

          Frame Bip01_L_Finger0 {
           

           FrameTransformMatrix {
            0.496180,-0.607156,0.620619,0.000000,0.824803,0.552849,-0.118569,0.000000,-0.271119,0.570720,0.775097,0.000000,0.057681,-0.023605,-0.000272,1.000000;;
           }

           Frame Bip01_L_Finger0Nub {
            

            FrameTransformMatrix {
             1.000000,0.000000,-0.000000,0.000000,0.000000,1.000000,0.000000,0.000000,0.000000,0.000000,1.000000,0.000000,0.029435,-0.000000,0.000000,1.000000;;
            }
           }
          }

          Frame Bip01_L_Finger1 {
           

           FrameTransformMatrix {
            0.297230,-0.000760,0.954805,0.000000,0.000000,1.000000,0.000796,0.000000,-0.954806,-0.000237,0.297230,0.000000,0.084102,0.000000,-0.000000,1.000000;;
           }

           Frame Bip01_L_Finger1Nub {
            

            FrameTransformMatrix {
             1.000000,-0.000000,0.000000,0.000000,0.000000,1.000000,-0.000000,0.000000,0.000000,-0.000000,1.000000,0.000000,0.047988,0.000000,-0.000000,1.000000;;
            }
           }
          }
         }
        }
       }
      }

      Frame Bip01_R_Clavicle {
       

       FrameTransformMatrix {
        0.110424,-0.921904,-0.371349,0.000000,-0.987213,-0.144958,0.066311,0.000000,-0.114962,0.359278,-0.926123,0.000000,-0.026735,-0.011242,-0.002124,1.000000;;
       }

       Frame Bip01_R_UpperArm {
        

        FrameTransformMatrix {
         0.155514,0.135979,-0.978430,0.000000,-0.788715,0.613450,-0.040105,0.000000,0.594764,0.777939,0.202648,0.000000,0.087086,0.000000,-0.000000,1.000000;;
        }

        Frame Bip01_R_Forearm {
         

         FrameTransformMatrix {
          -0.431886,-0.000000,-0.901928,0.000000,0.000000,1.000000,0.000000,0.000000,0.901928,-0.000000,-0.431886,0.000000,0.137062,0.000000,0.000000,1.000000;;
         }

         Frame Bip01_R_Hand {
          

          FrameTransformMatrix {
           0.852086,-0.421079,-0.310874,0.000000,0.225066,0.831003,-0.508704,0.000000,0.472542,0.363492,0.802856,0.000000,0.137062,0.000000,0.000000,1.000000;;
          }

          Frame Bip01_R_Finger0 {
           

           FrameTransformMatrix {
            0.170399,0.418994,0.891857,0.000000,-0.770089,0.621298,-0.144751,0.000000,-0.614759,-0.662144,0.428531,0.000000,0.057681,0.023605,-0.000272,1.000000;;
           }

           Frame Bip01_R_Finger0Nub {
            

            FrameTransformMatrix {
             -1.000000,-0.000000,0.000000,0.000000,0.000000,1.000000,0.000000,0.000000,0.000000,-0.000000,-1.000000,0.000000,0.029435,0.000000,-0.000000,1.000000;;
            }
           }
          }

          Frame Bip01_R_Finger1 {
           

           FrameTransformMatrix {
            0.306356,0.000758,0.951916,0.000000,0.000000,1.000000,-0.000796,0.000000,-0.951917,0.000244,0.306356,0.000000,0.084102,0.000000,0.000000,1.000000;;
           }

           Frame Bip01_R_Finger1Nub {
            

            FrameTransformMatrix {
             -1.000000,0.000000,-0.000000,0.000000,0.000000,1.000000,0.000000,0.000000,0.000000,-0.000000,-1.000000,0.000000,0.047988,0.000000,-0.000000,1.000000;;
            }
           }
          }
         }
        }
       }
      }
     }

     Frame Bip01_BackPack {
      

      FrameTransformMatrix {
       0.180560,0.080500,-0.980264,0.000000,0.047560,0.994765,0.090451,0.000000,0.982413,-0.062954,0.175786,0.000000,0.063697,0.000003,-0.088856,1.000000;;
      }

      Frame Bip01_BackPackNub {
       

       FrameTransformMatrix {
        0.000796,0.000003,1.000000,0.000000,-0.000000,-1.000000,0.000003,0.000000,1.000000,0.000000,-0.000796,0.000000,0.053240,-0.000000,0.000000,1.000000;;
       }
      }
     }
    }

    Frame Bip01_L_Thigh {
     

     FrameTransformMatrix {
      -0.930768,-0.093710,0.353397,0.000000,0.117923,-0.991883,0.047565,0.000000,0.346071,0.085946,0.934264,0.000000,-0.057266,0.049278,0.002925,1.000000;;
     }

     Frame Bip01_L_Calf {
      

      FrameTransformMatrix {
       0.873626,0.000000,-0.486598,0.000000,0.000000,1.000000,0.000000,0.000000,0.486598,0.000000,0.873626,0.000000,0.237500,0.000000,0.000000,1.000000;;
      }

      Frame Bip01_L_Foot {
       

       FrameTransformMatrix {
        0.988890,0.091425,-0.117210,0.000000,-0.057666,0.962690,0.264390,0.000000,0.137008,-0.254694,0.957267,0.000000,0.206841,-0.000000,0.000000,1.000000;;
       }

       Frame Bip01_L_Toe0 {
        

        FrameTransformMatrix {
         -0.467522,-0.064435,0.881630,0.000000,-0.196165,0.980036,-0.032398,0.000000,-0.861941,-0.188092,-0.470829,0.000000,0.065373,0.000000,0.066450,1.000000;;
        }

        Frame Bip01_L_Toe0Nub {
         

         FrameTransformMatrix {
          -1.000000,-0.000000,-0.000000,0.000000,-0.000000,1.000000,0.000000,0.000000,0.000000,0.000000,-1.000000,0.000000,0.006735,-0.000000,-0.000000,1.000000;;
         }
        }
       }
      }
     }
    }

    Frame Bip01_R_Thigh {
     

     FrameTransformMatrix {
      -0.782982,-0.287590,0.551571,0.000000,0.348375,-0.937337,0.005807,0.000000,0.515338,0.196701,0.834108,0.000000,-0.044530,-0.060155,0.010777,1.000000;;
     }

     Frame Bip01_R_Calf {
      

      FrameTransformMatrix {
       0.873124,-0.000000,-0.487499,0.000000,0.000000,1.000000,-0.000000,0.000000,0.487499,-0.000000,0.873124,0.000000,0.237500,-0.000000,-0.000000,1.000000;;
      }

      Frame Bip01_R_Foot {
       

       FrameTransformMatrix {
        0.984951,-0.096499,0.143384,0.000000,-0.057779,0.598036,0.799384,0.000000,-0.162888,-0.795639,0.583460,0.000000,0.206841,0.000000,0.000000,1.000000;;
       }

       Frame Bip01_R_Toe0 {
        

        FrameTransformMatrix {
         -0.087158,-0.000000,0.996194,0.000000,0.000000,1.000000,0.000000,0.000000,-0.996195,0.000000,-0.087158,0.000000,0.065373,-0.000000,0.066450,1.000000;;
        }

        Frame Bip01_R_Toe0Nub {
         

         FrameTransformMatrix {
          1.000000,0.000000,-0.000000,0.000000,-0.000000,1.000000,0.000000,0.000000,0.000000,0.000000,1.000000,0.000000,0.006735,0.000000,0.000000,1.000000;;
         }
        }
       }
      }
     }
    }
   }

   Frame Bip01_DressFront {
    

    FrameTransformMatrix {
     -0.887230,-0.221819,0.404500,0.000000,-0.217369,0.974391,0.057559,0.000000,-0.406908,-0.036858,-0.912725,0.000000,-0.043942,0.001405,0.061075,1.000000;;
    }

    Frame Bip01_DressFront02 {
     

     FrameTransformMatrix {
      0.995455,-0.027610,-0.091140,0.000000,0.041964,0.986297,0.159554,0.000000,0.085486,-0.162653,0.982973,0.000000,0.183313,0.000021,-0.000129,1.000000;;
     }

     Frame Bip01_DressFrontNub {
      

      FrameTransformMatrix {
       0.000796,0.000003,1.000000,0.000000,0.000000,-1.000000,0.000003,0.000000,1.000000,-0.000000,-0.000796,0.000000,0.165302,0.000000,0.000000,1.000000;;
      }
     }
    }
   }

   Frame Bip01_DressBack {
    

    FrameTransformMatrix {
     -0.938344,-0.086150,0.334796,0.000000,-0.081191,0.996282,0.028807,0.000000,-0.336033,-0.000152,-0.941850,0.000000,-0.047685,0.000000,-0.078287,1.000000;;
    }

    Frame Bip01_DressBack02 {
     

     FrameTransformMatrix {
      0.846839,-0.057685,0.528712,0.000000,-0.000964,0.993933,0.109986,0.000000,-0.531849,-0.093650,0.841645,0.000000,0.176217,0.000010,-0.000092,1.000000;;
     }

     Frame Bip01_DressBackNub {
      

      FrameTransformMatrix {
       0.000796,0.000003,1.000000,0.000000,-0.000000,-1.000000,0.000003,0.000000,1.000000,-0.000000,-0.000796,0.000000,0.136508,0.000000,0.000000,1.000000;;
      }
     }
    }
   }
  }

  Frame Bip01_Prop1 {
   

   FrameTransformMatrix {
    0.422404,-0.045727,-0.905253,0.000000,0.725946,-0.580963,0.368083,0.000000,-0.542750,-0.812645,-0.212206,0.000000,0.108111,0.317263,-0.133432,1.000000;;
   }
  }

  Frame Bip01_Prop2 {
   

   FrameTransformMatrix {
    0.190957,-0.913827,0.358409,0.000000,0.980104,0.157360,-0.120972,0.000000,0.054148,0.374378,0.925694,0.000000,0.186795,0.343924,0.134146,1.000000;;
   }
  }
 }
}

Frame Translation_Data {
 

 FrameTransformMatrix {
  1.000000,0.000000,0.000000,0.000000,0.000000,-0.000000,-1.000000,0.000000,0.000000,1.000000,-0.000000,0.000000,0.000000,0.000000,0.000000,1.000000;;
 }
}

Frame Body {
 

 FrameTransformMatrix {
  1.000000,0.000000,0.000000,0.000000,0.000000,1.000000,0.000000,0.000000,0.000000,0.000000,1.000000,0.000000,0.000000,0.000000,0.000000,1.000000;;
 }

 Mesh Body {
  617;
  0.038949;0.772877;-0.111425;,
  0.006216;0.742838;-0.110898;,
  -0.005129;0.774121;-0.104342;,
  0.056206;0.755874;-0.110191;,
  0.063290;0.731365;-0.113615;,
  0.045509;0.682609;-0.110894;,
  0.020351;0.710154;-0.118017;,
  0.080894;0.703519;-0.086800;,
  -0.006433;0.806029;-0.076213;,
  0.045099;0.805014;-0.052850;,
  0.023366;0.804366;-0.073805;,
  0.018862;0.803396;-0.045203;,
  0.094408;0.574207;0.051190;,
  0.050568;0.580872;0.056718;,
  0.048969;0.567173;0.065620;,
  0.088004;0.585100;0.042354;,
  0.096404;0.575780;-0.012227;,
  0.107128;0.553475;0.015442;,
  0.077645;0.561803;-0.046528;,
  0.102993;0.524656;-0.012027;,
  0.078936;0.509521;-0.026233;,
  -0.006241;0.667009;-0.111535;,
  -0.019620;0.701804;-0.113775;,
  0.009572;0.571846;0.047879;,
  0.009064;0.556903;0.056312;,
  0.051865;0.686644;0.022108;,
  -0.002692;0.715996;0.019724;,
  0.001383;0.677003;0.026839;,
  0.051378;0.728973;0.008636;,
  0.097468;0.477423;-0.024674;,
  0.145887;0.381459;0.005246;,
  0.114579;0.381360;-0.030464;,
  0.123285;0.479174;0.018593;,
  0.126829;0.281928;-0.036099;,
  0.145252;0.287910;0.012417;,
  0.045268;0.472590;-0.015419;,
  0.054040;0.369448;0.059585;,
  0.030357;0.459052;0.080808;,
  0.063135;0.374103;-0.015694;,
  0.084469;0.287761;0.037624;,
  0.091024;0.280560;-0.002740;,
  0.133003;0.378096;0.068634;,
  0.107492;0.460669;0.075714;,
  0.123879;0.294555;0.045695;,
  0.128976;0.046717;0.144424;,
  0.072366;0.061205;0.159171;,
  0.091554;0.036852;0.121461;,
  0.102718;0.067580;0.175081;,
  0.124560;0.229204;0.007396;,
  0.145812;0.173274;0.070346;,
  0.124306;0.161491;0.037493;,
  0.148168;0.241755;0.040565;,
  0.137334;0.101427;0.103004;,
  0.127956;0.088033;0.072774;,
  0.079050;0.216534;0.026703;,
  0.076809;0.187855;0.088581;,
  0.067257;0.250185;0.069543;,
  0.089639;0.165121;0.054629;,
  0.099290;0.115822;0.108477;,
  0.104680;0.088014;0.089268;,
  0.137150;0.193002;0.102306;,
  0.136810;0.264932;0.082734;,
  0.122100;0.123368;0.113373;,
  0.114677;0.526853;0.026893;,
  0.043318;0.494362;-0.045849;,
  0.045268;0.472590;-0.015419;,
  0.043336;0.462622;-0.026387;,
  0.103056;0.529832;0.080182;,
  0.048974;0.524816;0.091669;,
  0.104395;0.476388;0.081327;,
  0.054721;0.476508;0.092576;,
  0.054467;0.636912;0.034035;,
  0.083590;0.687040;0.005075;,
  0.094285;0.689196;-0.012758;,
  0.086526;0.625744;-0.037470;,
  0.089911;0.675072;-0.064165;,
  0.088241;0.637943;0.011568;,
  0.059182;0.654838;-0.096440;,
  0.068863;0.609553;-0.065521;,
  0.010700;0.643047;-0.101791;,
  0.023390;0.593142;-0.071576;,
  0.100516;0.825475;-0.092807;,
  0.150329;0.819944;-0.085526;,
  0.081299;0.782942;-0.119589;,
  0.183541;0.758480;-0.098672;,
  0.141768;0.771992;-0.120414;,
  0.192721;0.797956;-0.072081;,
  0.084901;0.745820;-0.071413;,
  0.141768;0.771992;-0.120414;,
  0.134418;0.734126;-0.066770;,
  0.202781;0.734692;-0.076096;,
  0.183541;0.758480;-0.098672;,
  0.084475;0.748321;-0.060369;,
  0.142695;0.782177;-0.031750;,
  0.093837;0.787021;-0.039654;,
  0.212192;0.774073;-0.049729;,
  0.097654;0.814990;-0.064914;,
  0.173814;0.809737;-0.076007;,
  0.160988;0.803915;-0.154208;,
  0.160220;0.764222;-0.108317;,
  0.169473;0.831469;-0.131489;,
  0.164000;0.828798;-0.191287;,
  0.169781;0.849873;-0.177848;,
  0.160220;0.764222;-0.108317;,
  0.217856;0.797701;-0.155376;,
  0.220869;0.748562;-0.112729;,
  0.160988;0.803915;-0.154208;,
  0.203569;0.827900;-0.192997;,
  0.164000;0.828798;-0.191287;,
  0.224024;0.818733;-0.137665;,
  0.234187;0.793852;-0.080574;,
  0.206443;0.842871;-0.183375;,
  0.149056;0.928527;-0.248534;,
  0.195293;0.899895;-0.231241;,
  0.148560;0.908974;-0.238468;,
  0.195246;0.919222;-0.241120;,
  0.128111;0.896051;-0.219269;,
  0.131535;0.911253;-0.213136;,
  0.132210;0.905903;-0.222727;,
  0.122441;0.899952;-0.209849;,
  0.198617;0.860219;-0.222449;,
  0.152489;0.893135;-0.201617;,
  0.201164;0.897483;-0.221545;,
  0.149883;0.860247;-0.212593;,
  0.204707;0.909809;-0.206260;,
  0.207594;0.868819;-0.186715;,
  0.156898;0.868218;-0.175244;,
  0.158057;0.904993;-0.186622;,
  0.044378;0.826057;-0.070559;,
  0.053330;0.821560;-0.098607;,
  0.023366;0.804366;-0.073805;,
  0.026032;0.797103;-0.097186;,
  0.085282;0.734640;-0.012782;,
  0.002594;0.792517;-0.099658;,
  0.061643;0.800582;-0.110681;,
  0.056206;0.755874;-0.110191;,
  0.038949;0.772877;-0.111425;,
  0.075676;0.790686;-0.103155;,
  0.078030;0.771643;-0.041952;,
  0.045223;0.764221;-0.013469;,
  0.078696;0.774786;-0.046996;,
  -0.008428;0.748058;0.001979;,
  -0.025374;0.787086;-0.040406;,
  0.045099;0.805014;-0.052850;,
  0.078696;0.774786;-0.046996;,
  0.069070;0.739909;-0.082771;,
  0.079841;0.767933;-0.051548;,
  0.081299;0.782942;-0.119589;,
  0.087294;0.721317;-0.041863;,
  0.080565;0.705069;-0.072153;,
  0.063290;0.731365;-0.113615;,
  0.092121;0.730495;-0.028590;,
  0.149883;0.860247;-0.212593;,
  -0.007392;0.822005;-0.100371;,
  -0.020796;0.829463;-0.083354;,
  -0.034629;0.803225;-0.067900;,
  -0.047090;0.826315;-0.078217;,
  0.158057;0.904993;-0.186622;,
  0.149056;0.928527;-0.248534;,
  0.195246;0.919222;-0.241120;,
  0.137620;0.879117;-0.214684;,
  0.131134;0.892572;-0.193522;,
  0.137620;0.879117;-0.214684;,
  0.145833;0.894847;-0.216069;,
  0.149486;0.905177;-0.194031;,
  0.149486;0.905177;-0.194031;,
  0.128111;0.896051;-0.219269;,
  0.122441;0.899952;-0.209849;,
  0.131535;0.911253;-0.213136;,
  0.173962;0.029290;0.080515;,
  0.167787;-0.016478;0.045134;,
  0.164715;0.002662;0.040283;,
  0.180444;0.008339;0.088878;,
  0.077249;0.083942;0.132667;,
  0.091554;0.036852;0.121461;,
  0.072366;0.061205;0.159171;,
  0.093787;0.056716;0.106244;,
  0.099290;0.115822;0.108477;,
  0.113792;0.094045;0.149916;,
  0.122100;0.123368;0.113373;,
  0.128976;0.046717;0.144424;,
  0.102718;0.067580;0.175081;,
  0.134237;0.075626;0.125314;,
  0.127956;0.088033;0.072774;,
  0.137334;0.101427;0.103004;,
  0.135485;-0.000028;0.036722;,
  0.132366;-0.017957;0.036579;,
  0.180444;0.008339;0.088878;,
  0.132366;-0.017957;0.036579;,
  0.063135;0.374103;-0.015694;,
  0.091024;0.280560;-0.002740;,
  0.079050;0.216534;0.026703;,
  0.089639;0.165121;0.054629;,
  0.104680;0.088014;0.089268;,
  0.104680;0.088014;0.089268;,
  0.031786;0.457693;0.024073;,
  0.000854;0.830314;-0.118136;,
  -0.003415;0.806069;-0.129002;,
  0.001894;0.815038;-0.133173;,
  -0.010200;0.809437;-0.114114;,
  -0.021785;0.849939;-0.109169;,
  -0.039710;0.861431;-0.097804;,
  -0.075004;0.912820;-0.203952;,
  -0.078811;0.885288;-0.224204;,
  -0.093455;0.905635;-0.207995;,
  -0.018860;0.852078;-0.206545;,
  -0.030323;0.839416;-0.212948;,
  -0.036606;0.874288;-0.215178;,
  -0.000442;0.831663;-0.146388;,
  -0.007516;0.855023;-0.129379;,
  -0.008274;0.841450;-0.116885;,
  -0.027196;0.888475;-0.133562;,
  -0.023120;0.886732;-0.157695;,
  -0.033963;0.893377;-0.204064;,
  -0.036954;0.910820;-0.182456;,
  -0.015534;0.870152;-0.177945;,
  -0.036631;0.896605;-0.122282;,
  -0.056263;0.905273;-0.110551;,
  -0.093396;0.889603;-0.104953;,
  -0.076625;0.930939;-0.146314;,
  -0.108587;0.918967;-0.141515;,
  -0.006071;0.854234;-0.164809;,
  0.000561;0.813806;-0.153568;,
  -0.007884;0.832994;-0.182778;,
  0.002693;0.783090;-0.151343;,
  -0.015470;0.773444;-0.140224;,
  -0.008931;0.766136;-0.158954;,
  -0.051510;0.889727;-0.218620;,
  -0.054352;0.916032;-0.196431;,
  -0.056182;0.929234;-0.159435;,
  -0.071674;0.931001;-0.177289;,
  -0.090662;0.928435;-0.176349;,
  -0.106870;0.921783;-0.177041;,
  -0.073312;0.856568;-0.094020;,
  -0.056182;0.929234;-0.159435;,
  -0.071674;0.931001;-0.177289;,
  -0.003167;0.860100;-0.130844;,
  -0.021211;0.901047;-0.147063;,
  -0.011936;0.893270;-0.129542;,
  -0.017657;0.881466;-0.141879;,
  -0.011936;0.893270;-0.129542;,
  -0.003167;0.860100;-0.130844;,
  -0.021211;0.901047;-0.147063;,
  -0.023120;0.886732;-0.157695;,
  -0.010252;0.866435;-0.150222;,
  -0.007516;0.855023;-0.129379;,
  -0.017382;0.849140;-0.194798;,
  -0.010252;0.866435;-0.150222;,
  0.002594;0.792517;-0.099658;,
  -0.007392;0.822005;-0.100371;,
  0.026032;0.797103;-0.097186;,
  -0.021785;0.849939;-0.109169;,
  -0.030848;0.751555;-0.113604;,
  -0.025277;0.728229;-0.111601;,
  0.037021;0.552009;-0.058854;,
  0.008900;0.516147;0.082072;,
  0.013222;0.482260;0.085181;,
  0.016520;0.455279;0.075204;,
  -0.027351;0.780493;-0.128801;,
  0.031786;0.457693;0.024073;,
  -0.090662;0.928435;-0.176349;,
  -0.106870;0.921783;-0.177041;,
  -0.008127;0.804413;-0.172603;,
  -0.021538;0.814203;-0.191207;,
  -0.017255;0.807109;-0.186252;,
  -0.070585;0.873264;-0.229471;,
  -0.056906;0.851820;-0.228842;,
  -0.031552;0.835545;-0.200579;,
  0.008663;0.626392;0.033449;,
  0.026032;0.797103;-0.097186;,
  0.167787;-0.016478;0.045134;,
  -0.009117;0.790864;-0.174363;,
  -0.005953;0.799349;-0.168949;,
  -0.012537;0.795785;-0.173895;,
  -0.025828;0.797464;-0.191010;,
  -0.026154;0.799898;-0.203447;,
  -0.012727;0.796567;-0.180062;,
  -0.022277;0.789519;-0.175461;,
  -0.017425;0.782151;-0.176785;,
  -0.041786;0.826754;-0.219352;,
  -0.039196;0.821433;-0.211081;,
  0.079841;0.767933;-0.051548;,
  -0.021049;0.788955;-0.184205;,
  0.064714;0.744903;-0.069182;,
  0.069070;0.739909;-0.082771;,
  0.063290;0.731365;-0.113615;,
  -0.036631;0.896605;-0.122282;,
  0.124560;0.229204;0.007396;,
  0.082457;0.146954;-0.053321;,
  0.074092;0.219494;-0.060545;,
  0.124306;0.161491;0.037493;,
  0.126829;0.281928;-0.036099;,
  0.081034;0.280940;-0.065047;,
  0.114579;0.381360;-0.030464;,
  0.062177;0.373190;-0.052494;,
  0.097468;0.477423;-0.024674;,
  0.053964;0.460900;-0.044251;,
  0.078936;0.509521;-0.026233;,
  0.083478;0.078715;-0.053838;,
  0.127956;0.088033;0.072774;,
  0.073056;0.188421;0.116460;,
  0.011348;0.110140;0.125657;,
  0.076859;0.123800;0.143766;,
  0.017095;0.178719;0.100801;,
  0.025106;0.238356;0.068568;,
  0.068144;0.254031;0.083636;,
  0.030409;0.295995;0.051657;,
  0.070714;0.289930;0.064828;,
  0.049772;0.368894;0.073917;,
  0.021076;0.375713;0.068541;,
  0.015626;0.454741;0.085568;,
  0.064714;0.744903;-0.069182;,
  -0.096983;0.744981;-0.091271;,
  -0.057585;0.728190;-0.098876;,
  -0.105631;0.722382;-0.084906;,
  -0.059011;0.761935;-0.094624;,
  -0.099289;0.694289;-0.081423;,
  -0.058145;0.658518;-0.098813;,
  -0.093084;0.663084;-0.066522;,
  -0.058103;0.692143;-0.103235;,
  -0.062206;0.793511;-0.066378;,
  -0.099326;0.772967;-0.026589;,
  -0.070982;0.782770;-0.028275;,
  -0.088923;0.781945;-0.055993;,
  -0.065867;0.550182;0.012159;,
  -0.031986;0.566967;0.038375;,
  -0.059289;0.560291;0.009627;,
  -0.031845;0.555059;0.045940;,
  -0.040702;0.552687;-0.042690;,
  -0.054823;0.529199;-0.023998;,
  -0.005919;0.547729;-0.065095;,
  -0.030727;0.505578;-0.044213;,
  0.000052;0.497696;-0.045443;,
  0.009572;0.571846;0.047879;,
  0.009064;0.556903;0.056312;,
  -0.048188;0.663030;0.024640;,
  -0.002692;0.715996;0.019724;,
  -0.058002;0.703552;0.021385;,
  0.001383;0.677003;0.026839;,
  -0.013289;0.469669;-0.057262;,
  -0.063610;0.372241;-0.075418;,
  -0.056374;0.462376;-0.032007;,
  -0.019540;0.379261;-0.091667;,
  -0.019386;0.283584;-0.121963;,
  -0.058414;0.279342;-0.087505;,
  0.027180;0.463866;-0.028322;,
  -0.006208;0.347183;0.011818;,
  0.019832;0.368078;-0.056422;,
  0.007079;0.455563;0.075139;,
  -0.016159;0.272705;-0.037504;,
  -0.002864;0.274452;-0.076797;,
  -0.080958;0.355096;-0.015415;,
  -0.065791;0.434933;0.022963;,
  -0.055304;0.278310;-0.047538;,
  -0.079382;0.006308;-0.053476;,
  -0.105372;0.010323;0.000751;,
  -0.118975;0.008549;-0.031294;,
  -0.058733;0.008427;-0.013550;,
  -0.032851;0.222717;-0.093803;,
  -0.075770;0.154993;-0.060427;,
  -0.069993;0.228292;-0.073693;,
  -0.040697;0.150138;-0.081091;,
  -0.075850;0.076431;-0.048432;,
  -0.047082;0.073170;-0.061142;,
  -0.000351;0.205406;-0.058469;,
  -0.024288;0.164112;-0.009702;,
  -0.018174;0.149403;-0.049457;,
  -0.012374;0.228894;-0.009372;,
  -0.060494;0.088473;-0.015912;,
  -0.055087;0.069090;-0.025083;,
  -0.084406;0.167267;-0.024924;,
  -0.081211;0.241702;-0.027446;,
  -0.078677;0.094147;-0.027857;,
  -0.059009;0.500818;-0.015404;,
  0.027180;0.463866;-0.028322;,
  -0.073962;0.503297;0.037073;,
  -0.031839;0.512702;0.071988;,
  -0.065514;0.450532;0.034512;,
  -0.026909;0.458714;0.068422;,
  -0.036885;0.615926;0.028546;,
  -0.077338;0.649058;0.009147;,
  -0.088719;0.646003;-0.008126;,
  -0.051717;0.593986;-0.045776;,
  -0.064659;0.602819;0.002381;,
  -0.080650;0.634816;-0.059848;,
  -0.045374;0.630161;-0.093794;,
  -0.025247;0.587934;-0.071176;,
  -0.134112;0.779071;-0.096248;,
  -0.090808;0.749101;-0.085191;,
  -0.162475;0.755807;-0.131165;,
  -0.151933;0.686902;-0.149344;,
  -0.189220;0.717736;-0.151934;,
  -0.116012;0.717982;-0.131812;,
  -0.122377;0.707965;-0.053205;,
  -0.146691;0.679356;-0.087854;,
  -0.116012;0.717982;-0.131812;,
  -0.170793;0.658070;-0.149875;,
  -0.151933;0.686902;-0.149344;,
  -0.132070;0.709223;-0.047469;,
  -0.193156;0.717356;-0.086930;,
  -0.164540;0.739718;-0.052957;,
  -0.207958;0.688781;-0.152771;,
  -0.153077;0.767223;-0.076344;,
  -0.181035;0.735239;-0.136183;,
  -0.105142;0.746964;-0.156593;,
  -0.135783;0.767062;-0.158742;,
  -0.135221;0.700994;-0.130824;,
  -0.079731;0.773873;-0.184352;,
  -0.098802;0.792637;-0.181235;,
  -0.135221;0.700994;-0.130824;,
  -0.123654;0.727507;-0.207116;,
  -0.105142;0.746964;-0.156593;,
  -0.149806;0.672184;-0.184454;,
  -0.099719;0.769463;-0.213797;,
  -0.079731;0.773873;-0.184352;,
  -0.147255;0.742855;-0.208326;,
  -0.195288;0.706343;-0.189587;,
  -0.107122;0.779074;-0.214423;,
  -0.026140;0.869650;-0.220170;,
  -0.078956;0.849182;-0.227109;,
  -0.072350;0.869276;-0.231981;,
  -0.032356;0.849198;-0.214981;,
  -0.028785;0.820340;-0.200027;,
  -0.028112;0.836956;-0.198046;,
  -0.022753;0.824915;-0.191151;,
  -0.029757;0.829691;-0.206144;,
  -0.091283;0.810083;-0.228210;,
  -0.052699;0.829456;-0.186006;,
  -0.050796;0.798523;-0.201767;,
  -0.088576;0.846585;-0.220715;,
  -0.095978;0.857229;-0.205550;,
  -0.112136;0.815536;-0.197116;,
  -0.070585;0.802737;-0.168625;,
  -0.061899;0.840113;-0.171924;,
  -0.110762;0.797857;-0.052782;,
  -0.123444;0.788460;-0.078056;,
  -0.088923;0.781945;-0.055993;,
  -0.090367;0.773526;-0.080947;,
  -0.094746;0.692799;0.008201;,
  -0.071818;0.775903;-0.086742;,
  -0.125796;0.765143;-0.087836;,
  -0.105631;0.722382;-0.084906;,
  -0.122142;0.753673;-0.074695;,
  -0.096983;0.744981;-0.091271;,
  -0.109647;0.729656;-0.006637;,
  -0.113820;0.731877;-0.011406;,
  -0.065551;0.738790;0.007404;,
  -0.008428;0.748058;0.001979;,
  -0.025374;0.787086;-0.040406;,
  -0.099326;0.772967;-0.026589;,
  -0.113820;0.731877;-0.011406;,
  -0.099644;0.703097;-0.051559;,
  -0.090808;0.749101;-0.085191;,
  -0.112583;0.726086;-0.016745;,
  -0.096840;0.678521;-0.020402;,
  -0.090278;0.665362;-0.052240;,
  -0.099289;0.694289;-0.081423;,
  -0.102283;0.685312;-0.005931;,
  -0.050796;0.798523;-0.201767;,
  -0.072289;0.799360;-0.103285;,
  -0.068808;0.812710;-0.085510;,
  -0.034629;0.803225;-0.067900;,
  -0.047090;0.826315;-0.078217;,
  -0.061899;0.840113;-0.171924;,
  -0.026140;0.869650;-0.220170;,
  -0.072350;0.869276;-0.231981;,
  -0.042903;0.808212;-0.192831;,
  -0.034022;0.824480;-0.174736;,
  -0.042903;0.808212;-0.192831;,
  -0.046273;0.824634;-0.198809;,
  -0.048031;0.840848;-0.180376;,
  -0.048031;0.840848;-0.180376;,
  -0.028785;0.820340;-0.200027;,
  -0.022753;0.824915;-0.191151;,
  -0.028112;0.836956;-0.198046;,
  -0.010872;0.024019;-0.090952;,
  0.041698;0.001873;-0.079521;,
  -0.006942;0.001830;-0.097516;,
  0.036014;0.020813;-0.076646;,
  -0.093358;0.043345;-0.002166;,
  -0.058733;0.008427;-0.013550;,
  -0.055287;0.033275;-0.014900;,
  -0.105372;0.010323;0.000751;,
  -0.060494;0.088473;-0.015912;,
  -0.109303;0.044264;-0.040636;,
  -0.078677;0.094147;-0.027857;,
  -0.079382;0.006308;-0.053476;,
  -0.076763;0.040999;-0.057754;,
  -0.118975;0.008549;-0.031294;,
  -0.047082;0.073170;-0.061142;,
  -0.075850;0.076431;-0.048432;,
  0.037275;0.019647;-0.047128;,
  0.045988;0.004116;-0.043374;,
  -0.006942;0.001830;-0.097516;,
  0.045988;0.004116;-0.043374;,
  0.019832;0.368078;-0.056422;,
  -0.002864;0.274452;-0.076797;,
  -0.000351;0.205406;-0.058469;,
  -0.018174;0.149403;-0.049457;,
  -0.055087;0.069090;-0.025083;,
  -0.055087;0.069090;-0.025083;,
  -0.076524;0.780734;-0.125806;,
  -0.051391;0.775328;-0.133757;,
  -0.060471;0.791896;-0.116372;,
  -0.061068;0.774696;-0.139414;,
  -0.086244;0.808637;-0.115559;,
  -0.090884;0.828641;-0.102876;,
  -0.108031;0.891658;-0.207226;,
  -0.093455;0.905635;-0.207995;,
  -0.075776;0.815608;-0.212186;,
  -0.087368;0.841762;-0.220210;,
  -0.058781;0.821181;-0.215769;,
  -0.073269;0.784999;-0.153607;,
  -0.093833;0.799716;-0.137934;,
  -0.083021;0.793555;-0.124294;,
  -0.115399;0.831958;-0.142305;,
  -0.112121;0.829704;-0.166517;,
  -0.107220;0.846437;-0.211325;,
  -0.097432;0.817676;-0.186063;,
  -0.124753;0.854562;-0.191159;,
  -0.120458;0.842892;-0.130591;,
  -0.121905;0.863213;-0.117058;,
  -0.093396;0.889603;-0.104953;,
  -0.131761;0.895610;-0.151779;,
  -0.108587;0.918967;-0.141515;,
  -0.088765;0.801248;-0.173006;,
  -0.066354;0.795529;-0.188574;,
  -0.056565;0.777202;-0.159230;,
  -0.030034;0.762120;-0.154587;,
  -0.094735;0.862030;-0.222905;,
  -0.120406;0.873708;-0.202978;,
  -0.136734;0.877620;-0.167420;,
  -0.129514;0.893939;-0.183022;,
  -0.106870;0.921783;-0.177041;,
  -0.119582;0.909904;-0.179216;,
  -0.073312;0.856568;-0.094020;,
  -0.136734;0.877620;-0.167420;,
  -0.129514;0.893939;-0.183022;,
  -0.099983;0.798065;-0.140440;,
  -0.127300;0.833071;-0.157579;,
  -0.111807;0.821139;-0.151211;,
  -0.126514;0.819854;-0.140899;,
  -0.126514;0.819854;-0.140899;,
  -0.099983;0.798065;-0.140440;,
  -0.127300;0.833071;-0.157579;,
  -0.112121;0.829704;-0.166517;,
  -0.100103;0.808863;-0.159129;,
  -0.093833;0.799716;-0.137934;,
  -0.075368;0.811985;-0.200546;,
  -0.100103;0.808863;-0.159129;,
  -0.071818;0.775903;-0.086742;,
  -0.072289;0.799360;-0.103285;,
  -0.090367;0.773526;-0.080947;,
  -0.086244;0.808637;-0.115559;,
  0.008900;0.516147;0.082072;,
  0.013222;0.482260;0.085181;,
  0.016520;0.455279;0.075204;,
  0.031786;0.457693;0.024073;,
  -0.119582;0.909904;-0.179216;,
  -0.106870;0.921783;-0.177041;,
  -0.041889;0.782780;-0.175950;,
  -0.042653;0.800674;-0.193300;,
  -0.038692;0.793374;-0.188376;,
  -0.056514;0.819551;-0.203053;,
  0.008663;0.626392;0.033449;,
  -0.090367;0.773526;-0.080947;,
  0.041698;0.001873;-0.079521;,
  -0.038717;0.778355;-0.172197;,
  -0.029015;0.778115;-0.176336;,
  -0.032125;0.783234;-0.175837;,
  -0.031892;0.784287;-0.181962;,
  -0.112583;0.726086;-0.016745;,
  -0.093406;0.710277;-0.037849;,
  -0.099644;0.703097;-0.051559;,
  -0.099289;0.694289;-0.081423;,
  -0.120458;0.842892;-0.130591;,
  0.015265;0.225724;-0.110613;,
  0.040256;0.151031;-0.102167;,
  0.001342;0.152692;-0.119171;,
  0.042642;0.224328;-0.090327;,
  0.017656;0.285940;-0.107671;,
  0.046489;0.282165;-0.089603;,
  0.029470;0.374901;-0.075664;,
  0.046559;0.369798;-0.065249;,
  0.035967;0.460904;-0.052757;,
  0.046811;0.453764;-0.047762;,
  0.043318;0.494362;-0.045849;,
  0.000052;0.497696;-0.045443;,
  0.039509;0.089065;-0.115718;,
  -0.004769;0.083577;-0.129706;,
  -0.034500;0.088628;0.036097;,
  -0.084406;0.167267;-0.024924;,
  -0.078667;0.094148;-0.027850;,
  -0.028213;0.162231;0.022292;,
  -0.081211;0.241702;-0.027446;,
  -0.024002;0.227618;0.003429;,
  -0.017606;0.269607;-0.003472;,
  -0.055304;0.278310;-0.047538;,
  -0.080958;0.355096;-0.015415;,
  -0.009456;0.341981;0.028214;,
  0.013222;0.482261;0.085181;,
  -0.026909;0.458714;0.068422;,
  -0.093406;0.710277;-0.037849;,
  -0.013289;0.469669;-0.057262;,
  -0.019540;0.379261;-0.091667;,
  -0.019386;0.283584;-0.121963;,
  -0.032851;0.222717;-0.093803;,
  -0.040697;0.150138;-0.081091;,
  -0.047082;0.073170;-0.061142;,
  0.133003;0.378096;0.068634;,
  0.054721;0.476508;0.092576;,
  0.107492;0.460669;0.075714;,
  0.123879;0.294555;0.045695;,
  0.136810;0.264932;0.082734;,
  0.137150;0.193002;0.102306;,
  0.122100;0.123368;0.113373;,
  -0.065791;0.434933;0.022963;;
  916;
  3;0,1,2;,
  3;1,0,3;,
  3;4,5,6;,
  3;5,4,7;,
  3;8,9,10;,
  3;9,8,11;,
  3;12,13,14;,
  3;13,12,15;,
  3;16,12,17;,
  3;12,16,15;,
  3;18,19,20;,
  3;19,18,16;,
  3;6,21,22;,
  3;21,6,5;,
  3;14,23,24;,
  3;23,14,13;,
  3;25,26,27;,
  3;26,25,28;,
  3;29,30,31;,
  3;30,29,32;,
  3;30,33,31;,
  3;33,30,34;,
  3;35,36,37;,
  3;36,35,38;,
  3;38,39,36;,
  3;39,38,40;,
  3;37,41,42;,
  3;41,37,36;,
  3;36,43,41;,
  3;43,36,39;,
  3;42,30,32;,
  3;30,42,41;,
  3;41,34,30;,
  3;34,41,43;,
  3;44,45,46;,
  3;45,44,47;,
  3;48,49,50;,
  3;49,48,51;,
  3;50,52,53;,
  3;52,50,49;,
  3;54,55,56;,
  3;55,54,57;,
  3;57,58,55;,
  3;58,57,59;,
  3;56,60,61;,
  3;60,56,55;,
  3;55,62,60;,
  3;62,55,58;,
  3;61,49,51;,
  3;49,61,60;,
  3;60,52,49;,
  3;52,60,62;,
  3;32,19,63;,
  3;19,32,29;,
  3;64,65,66;,
  3;65,64,20;,
  3;14,67,12;,
  3;67,14,68;,
  3;68,69,67;,
  3;69,68,70;,
  3;70,42,69;,
  3;42,70,37;,
  3;48,34,51;,
  3;34,48,33;,
  3;51,43,61;,
  3;43,51,34;,
  3;43,56,61;,
  3;56,43,39;,
  3;39,54,56;,
  3;54,39,40;,
  3;12,63,17;,
  3;63,12,67;,
  3;67,32,63;,
  3;32,67,69;,
  3;69,42,32;,
  3;71,72,25;,
  3;73,74,75;,
  3;74,73,76;,
  3;74,77,75;,
  3;77,74,78;,
  3;79,78,80;,
  3;78,79,77;,
  3;81,82,83;,
  3;82,84,85;,
  3;84,82,86;,
  3;87,88,89;,
  3;88,90,89;,
  3;90,88,91;,
  3;92,93,94;,
  3;92,89,93;,
  3;92,87,89;,
  3;89,95,93;,
  3;95,89,90;,
  3;96,93,82;,
  3;93,86,82;,
  3;86,93,95;,
  3;97,98,99;,
  3;98,97,100;,
  3;100,101,98;,
  3;101,100,102;,
  3;103,104,105;,
  3;104,103,106;,
  3;106,107,104;,
  3;107,106,108;,
  3;105,109,110;,
  3;109,105,104;,
  3;104,111,109;,
  3;111,104,107;,
  3;110,100,97;,
  3;100,110,109;,
  3;109,102,100;,
  3;102,109,111;,
  3;112,113,114;,
  3;113,112,115;,
  3;116,117,118;,
  3;117,116,119;,
  3;120,121,122;,
  3;121,120,123;,
  3;120,124,125;,
  3;124,120,122;,
  3;126,124,127;,
  3;124,126,125;,
  3;95,97,86;,
  3;97,95,110;,
  3;86,99,84;,
  3;99,86,97;,
  3;90,103,105;,
  3;103,90,91;,
  3;105,95,90;,
  3;95,105,110;,
  3;128,96,129;,
  3;96,128,94;,
  3;129,130,128;,
  3;130,129,131;,
  3;72,28,25;,
  3;28,72,132;,
  3;10,133,8;,
  3;134,135,136;,
  3;135,134,137;,
  3;81,137,134;,
  3;138,11,139;,
  3;138,9,11;,
  3;138,140,9;,
  3;141,11,142;,
  3;11,141,139;,
  3;128,130,143;,
  3;94,144,92;,
  3;94,143,144;,
  3;94,128,143;,
  3;145,87,146;,
  3;87,145,147;,
  3;75,148,73;,
  3;148,75,149;,
  3;150,147,145;,
  3;7,149,75;,
  3;148,151,73;,
  3;102,152,101;,
  3;152,102,126;,
  3;102,125,126;,
  3;125,102,111;,
  3;111,120,125;,
  3;120,111,107;,
  3;120,108,123;,
  3;108,120,107;,
  3;8,153,154;,
  3;153,8,133;,
  3;154,155,8;,
  3;155,154,156;,
  3;122,114,113;,
  3;114,122,121;,
  3;121,112,114;,
  3;112,121,157;,
  3;158,124,159;,
  3;124,158,127;,
  3;159,122,113;,
  3;122,159,124;,
  3;126,160,152;,
  3;160,126,161;,
  3;162,121,123;,
  3;121,162,163;,
  3;121,164,157;,
  3;164,121,163;,
  3;165,126,127;,
  3;126,165,161;,
  3;161,166,160;,
  3;166,161,167;,
  3;162,118,163;,
  3;118,162,116;,
  3;163,117,164;,
  3;117,163,118;,
  3;165,167,161;,
  3;167,165,168;,
  3;169,170,171;,
  3;170,169,172;,
  3;173,174,175;,
  3;174,173,176;,
  3;177,178,179;,
  3;178,177,173;,
  3;180,178,181;,
  3;178,180,182;,
  3;183,169,171;,
  3;169,183,184;,
  3;174,185,186;,
  3;185,174,176;,
  3;46,187,44;,
  3;187,46,188;,
  3;180,169,182;,
  3;169,180,172;,
  3;20,29,65;,
  3;19,29,20;,
  3;29,31,189;,
  3;31,190,189;,
  3;190,31,33;,
  3;33,191,190;,
  3;191,33,48;,
  3;191,50,192;,
  3;50,191,48;,
  3;192,53,193;,
  3;53,192,50;,
  3;194,171,185;,
  3;171,194,183;,
  3;171,186,185;,
  3;186,171,170;,
  3;185,176,194;,
  3;194,173,177;,
  3;173,194,176;,
  3;178,175,181;,
  3;175,178,173;,
  3;179,182,184;,
  3;182,179,178;,
  3;182,169,184;,
  3;16,17,19;,
  3;17,63,19;,
  3;65,195,66;,
  3;196,197,198;,
  3;197,196,199;,
  3;200,154,153;,
  3;154,200,201;,
  3;202,203,204;,
  3;205,206,207;,
  3;196,208,209;,
  3;208,196,198;,
  3;210,209,211;,
  3;209,210,196;,
  3;212,213,214;,
  3;213,212,215;,
  3;212,214,211;,
  3;201,216,217;,
  3;216,201,200;,
  3;218,219,220;,
  3;219,218,217;,
  3;210,199,196;,
  3;213,205,207;,
  3;221,222,223;,
  3;198,197,224;,
  3;224,225,226;,
  3;225,224,197;,
  3;227,213,207;,
  3;228,229,214;,
  3;229,228,230;,
  3;220,231,232;,
  3;213,228,214;,
  3;156,201,233;,
  3;201,156,154;,
  3;233,217,218;,
  3;217,233,201;,
  3;219,217,234;,
  3;235,219,234;,
  3;236,237,238;,
  3;237,236,239;,
  3;209,240,211;,
  3;240,209,241;,
  3;211,242,212;,
  3;242,211,240;,
  3;243,239,244;,
  3;239,243,237;,
  3;244,236,245;,
  3;236,244,239;,
  3;246,221,223;,
  3;221,246,215;,
  3;221,212,247;,
  3;212,221,215;,
  3;199,248,2;,
  3;248,199,249;,
  3;133,10,250;,
  3;249,210,251;,
  3;210,249,199;,
  3;210,211,251;,
  3;252,1,253;,
  3;1,252,2;,
  3;20,254,18;,
  3;254,20,64;,
  3;24,68,14;,
  3;68,24,255;,
  3;68,256,70;,
  3;256,68,255;,
  3;256,37,70;,
  3;37,256,257;,
  3;258,2,252;,
  3;2,258,199;,
  3;257,259,37;,
  3;37,259,35;,
  3;260,204,261;,
  3;204,260,202;,
  3;262,263,223;,
  3;263,262,264;,
  3;197,258,225;,
  3;258,197,199;,
  3;265,203,227;,
  3;265,207,266;,
  3;207,265,227;,
  3;223,267,246;,
  3;267,223,263;,
  3;88,87,147;,
  3;83,82,85;,
  3;78,16,18;,
  3;16,78,74;,
  3;74,15,16;,
  3;15,74,76;,
  3;15,71,13;,
  3;71,15,76;,
  3;13,268,23;,
  3;268,13,71;,
  3;248,269,2;,
  3;2,269,0;,
  3;136,129,134;,
  3;129,136,131;,
  3;134,96,81;,
  3;96,134,129;,
  3;96,82,81;,
  3;93,96,94;,
  3;29,189,65;,
  3;205,215,246;,
  3;267,205,246;,
  3;205,267,206;,
  3;205,213,215;,
  3;187,188,270;,
  3;224,271,272;,
  3;222,221,208;,
  3;224,222,198;,
  3;272,273,262;,
  3;273,272,271;,
  3;263,274,275;,
  3;273,276,262;,
  3;277,271,278;,
  3;271,277,273;,
  3;222,272,262;,
  3;272,222,224;,
  3;222,208,198;,
  3;209,221,247;,
  3;221,209,208;,
  3;223,222,262;,
  3;266,206,279;,
  3;206,266,207;,
  3;206,280,279;,
  3;280,206,267;,
  3;280,263,275;,
  3;263,280,267;,
  3;264,262,276;,
  3;76,73,72;,
  3;138,281,140;,
