xof 0303txt 0032
template ColorRGBA {
 <35ff44e0-6c7c-11cf-8f52-0040333594a3>
 FLOAT red;
 FLOAT green;
 FLOAT blue;
 FLOAT alpha;
}

template ColorRGB {
 <d3e16e81-7835-11cf-8f52-0040333594a3>
 FLOAT red;
 FLOAT green;
 FLOAT blue;
}

template Material {
 <3d82ab4d-62da-11cf-ab39-0020af71e433>
 ColorRGBA faceColor;
 FLOAT power;
 ColorRGB specularColor;
 ColorRGB emissiveColor;
 [...]
}

template TextureFilename {
 <a42790e1-7810-11cf-8f52-0040333594a3>
 STRING filename;
}

template Frame {
 <3d82ab46-62da-11cf-ab39-0020af71e433>
 [...]
}

template Matrix4x4 {
 <f6f23f45-7686-11cf-8f52-0040333594a3>
 array FLOAT matrix[16];
}

template FrameTransformMatrix {
 <f6f23f41-7686-11cf-8f52-0040333594a3>
 Matrix4x4 frameMatrix;
}

template Vector {
 <3d82ab5e-62da-11cf-ab39-0020af71e433>
 FLOAT x;
 FLOAT y;
 FLOAT z;
}

template MeshFace {
 <3d82ab5f-62da-11cf-ab39-0020af71e433>
 DWORD nFaceVertexIndices;
 array DWORD faceVertexIndices[nFaceVertexIndices];
}

template Mesh {
 <3d82ab44-62da-11cf-ab39-0020af71e433>
 DWORD nVertices;
 array Vector vertices[nVertices];
 DWORD nFaces;
 array MeshFace faces[nFaces];
 [...]
}

template MeshMaterialList {
 <f6f23f42-7686-11cf-8f52-0040333594a3>
 DWORD nMaterials;
 DWORD nFaceIndexes;
 array DWORD faceIndexes[nFaceIndexes];
 [Material <3d82ab4d-62da-11cf-ab39-0020af71e433>]
}

template VertexElement {
 <f752461c-1e23-48f6-b9f8-8350850f336f>
 DWORD Type;
 DWORD Method;
 DWORD Usage;
 DWORD UsageIndex;
}

template DeclData {
 <bf22e553-292c-4781-9fea-62bd554bdd93>
 DWORD nElements;
 array VertexElement Elements[nElements];
 DWORD nDWords;
 array DWORD data[nDWords];
}

template XSkinMeshHeader {
 <3cf169ce-ff7c-44ab-93c0-f78f62d172e2>
 WORD nMaxSkinWeightsPerVertex;
 WORD nMaxSkinWeightsPerFace;
 WORD nBones;
}

template SkinWeights {
 <6f0d123b-bad2-4167-a0d0-80224f25fabb>
 STRING transformNodeName;
 DWORD nWeights;
 array DWORD vertexIndices[nWeights];
 array FLOAT weights[nWeights];
 Matrix4x4 matrixOffset;
}

template AnimTicksPerSecond {
 <9e415a43-7ba6-4a73-8743-b73d47e88476>
 DWORD AnimTicksPerSecond;
}

template Animation {
 <3d82ab4f-62da-11cf-ab39-0020af71e433>
 [...]
}

template AnimationSet {
 <3d82ab50-62da-11cf-ab39-0020af71e433>
 [Animation <3d82ab4f-62da-11cf-ab39-0020af71e433>]
}

template FloatKeys {
 <10dd46a9-775b-11cf-8f52-0040333594a3>
 DWORD nValues;
 array FLOAT values[nValues];
}

template TimedFloatKeys {
 <f406b180-7b3b-11cf-8f52-0040333594a3>
 DWORD time;
 FloatKeys tfkeys;
}

template AnimationKey {
 <10dd46a8-775b-11cf-8f52-0040333594a3>
 DWORD keyType;
 DWORD nKeys;
 array TimedFloatKeys keys[nKeys];
}


Material _02_-_Default {
 1.000000;1.000000;1.000000;1.000000;;
 9.999999;
 0.000000;0.000000;0.000000;;
 0.000000;0.000000;0.000000;;

 TextureFilename {
  "MaleBody_noTrans.png";
 }
}

Frame Dummy01 {
 

 FrameTransformMatrix {
  1.000000,0.000000,0.000000,0.000000,0.000000,-0.000000,-1.000000,0.000000,0.000000,1.000000,-0.000000,0.000000,0.000000,0.000000,0.000000,1.000000;;
 }

 Frame Bip01 {
  

  FrameTransformMatrix {
   0.484444,0.819615,-0.305852,0.000000,0.122471,0.282633,0.951378,0.000000,0.866207,-0.498347,0.036540,0.000000,0.000000,-0.050407,0.508268,1.000000;;
  }

  Frame Bip01_Pelvis {
   

   FrameTransformMatrix {
    -0.000000,1.000000,-0.000001,0.000000,0.087154,0.000001,0.996195,0.000000,0.996195,-0.000000,-0.087154,0.000000,0.000000,0.000000,0.000000,1.000000;;
   }

   Frame Bip01_Spine {
    

    FrameTransformMatrix {
     0.998192,-0.005238,-0.059886,0.000000,-0.000001,0.996195,-0.087152,0.000000,0.060114,0.086994,0.994393,0.000000,0.051628,-0.000007,-0.000084,1.000000;;
    }

    Frame Bip01_Spine1 {
     

     FrameTransformMatrix {
      0.944325,-0.155507,0.289944,0.000000,0.115539,0.981865,0.150304,0.000000,-0.308059,-0.108436,0.945167,0.000000,0.106506,0.000009,-0.000080,1.000000;;
     }

     Frame Bip01_Neck {
      

      FrameTransformMatrix {
       0.903366,0.000001,0.428870,0.000000,-0.000001,1.000000,-0.000000,0.000000,-0.428870,-0.000000,0.903366,0.000000,0.130516,0.000000,0.004628,1.000000;;
      }

      Frame Bip01_Head {
       

       FrameTransformMatrix {
        0.909554,-0.336216,0.244276,0.000000,0.282255,0.931188,0.230699,0.000000,-0.305032,-0.140885,0.941864,0.000000,0.033674,0.000000,0.000000,1.000000;;
       }

       Frame Bip01_HeadNub {
        

        FrameTransformMatrix {
         1.000000,0.000000,0.000000,0.000000,-0.000000,1.000000,0.000000,0.000000,0.000000,0.000000,1.000000,0.000000,0.169824,0.000000,0.000000,1.000000;;
        }
       }
      }

      Frame Bip01_L_Clavicle {
       

       FrameTransformMatrix {
        -0.000000,1.000000,-0.000003,0.000000,0.903024,-0.000001,-0.429589,0.000000,-0.429589,-0.000003,-0.903024,0.000000,-0.023698,0.015715,0.006128,1.000000;;
       }

       Frame Bip01_L_UpperArm {
        

        FrameTransformMatrix {
         0.255479,-0.912319,-0.320008,0.000000,0.628607,0.408226,-0.661971,0.000000,0.734563,-0.032039,0.677783,0.000000,0.087086,0.000000,0.000000,1.000000;;
        }

        Frame Bip01_L_Forearm {
         

         FrameTransformMatrix {
          0.823668,-0.000000,-0.567072,0.000000,-0.000000,1.000000,-0.000000,0.000000,0.567072,0.000000,0.823668,0.000000,0.137062,0.000000,0.000000,1.000000;;
         }

         Frame Bip01_L_Hand {
          

          FrameTransformMatrix {
           0.971486,-0.212704,0.104747,0.000000,-0.102153,0.023181,0.994499,0.000000,-0.213962,-0.976842,0.000792,0.000000,0.137062,0.000000,-0.000000,1.000000;;
          }

          Frame Bip01_L_Finger0 {
           

           FrameTransformMatrix {
            0.556874,-0.020367,0.830347,0.000000,0.558537,0.749101,-0.356210,0.000000,-0.614759,0.662144,0.428531,0.000000,0.057681,-0.023605,-0.000272,1.000000;;
           }

           Frame Bip01_L_Finger0Nub {
            

            FrameTransformMatrix {
             1.000000,0.000000,0.000000,0.000000,0.000000,1.000000,0.000000,0.000000,0.000000,-0.000000,1.000000,0.000000,0.029435,0.000000,0.000000,1.000000;;
            }
           }
          }

          Frame Bip01_L_Finger1 {
           

           FrameTransformMatrix {
            -0.342274,-0.000748,0.939600,0.000000,-0.000000,1.000000,0.000796,0.000000,-0.939600,0.000273,-0.342274,0.000000,0.084102,0.000000,0.000000,1.000000;;
           }

           Frame Bip01_L_Finger1Nub {
            

            FrameTransformMatrix {
             1.000000,-0.000000,-0.000000,0.000000,0.000000,1.000000,0.000000,0.000000,0.000000,0.000000,1.000000,0.000000,0.047988,-0.000000,0.000000,1.000000;;
            }
           }
          }
         }
        }
       }
      }

      Frame Bip01_R_Clavicle {
       

       FrameTransformMatrix {
        -0.000000,-1.000000,0.000003,0.000000,-0.903024,0.000001,0.429589,0.000000,-0.429589,-0.000003,-0.903024,0.000000,-0.023698,-0.015714,0.006128,1.000000;;
       }

       Frame Bip01_R_UpperArm {
        

        FrameTransformMatrix {
         0.313047,0.948166,-0.054614,0.000000,-0.871946,0.309723,0.379185,0.000000,0.376446,-0.071082,0.923708,0.000000,0.087086,0.000000,-0.000000,1.000000;;
        }

        Frame Bip01_R_Forearm {
         

         FrameTransformMatrix {
          0.811989,-0.000000,-0.583672,0.000000,-0.000000,1.000000,-0.000000,0.000000,0.583672,-0.000000,0.811989,0.000000,0.137062,-0.000000,0.000000,1.000000;;
         }

         Frame Bip01_R_Hand {
          

          FrameTransformMatrix {
           0.876605,0.385158,-0.288474,0.000000,-0.438815,0.393779,-0.807700,0.000000,-0.197497,0.834621,0.514202,0.000000,0.137062,0.000000,-0.000000,1.000000;;
          }

          Frame Bip01_R_Finger0 {
           

           FrameTransformMatrix {
            0.556874,0.020367,0.830347,0.000000,-0.558537,0.749101,0.356210,0.000000,-0.614759,-0.662144,0.428531,0.000000,0.057681,0.023605,-0.000272,1.000000;;
           }

           Frame Bip01_R_Finger0Nub {
            

            FrameTransformMatrix {
             -1.000000,-0.000000,-0.000000,0.000000,-0.000000,1.000000,0.000000,0.000000,0.000000,-0.000000,-1.000000,0.000000,0.029435,-0.000000,0.000000,1.000000;;
            }
           }
          }

          Frame Bip01_R_Finger1 {
           

           FrameTransformMatrix {
            -0.342274,0.000748,0.939600,0.000000,0.000000,1.000000,-0.000796,0.000000,-0.939600,-0.000273,-0.342274,0.000000,0.084102,0.000000,0.000000,1.000000;;
           }

           Frame Bip01_R_Finger1Nub {
            

            FrameTransformMatrix {
             -1.000000,-0.000000,-0.000000,0.000000,0.000000,1.000000,0.000000,0.000000,0.000000,-0.000000,-1.000000,0.000000,0.047988,0.000000,0.000000,1.000000;;
            }
           }
          }
         }
        }
       }
      }
     }

     Frame Bip01_BackPack {
      

      FrameTransformMatrix {
       0.035098,-0.075887,-0.996499,0.000000,0.053820,0.995810,-0.073939,0.000000,0.997934,-0.051036,0.039035,0.000000,0.051182,0.000002,-0.091273,1.000000;;
      }

      Frame Bip01_BackPackNub {
       

       FrameTransformMatrix {
        0.000796,0.000003,1.000000,0.000000,0.000000,-1.000000,0.000003,0.000000,1.000000,0.000000,-0.000796,0.000000,0.053240,0.000000,0.000000,1.000000;;
       }
      }
     }
    }

    Frame Bip01_L_Thigh {
     

     FrameTransformMatrix {
      -0.901012,0.078751,0.426586,0.000000,-0.142537,-0.982528,-0.119676,0.000000,0.409708,-0.168634,0.896494,0.000000,-0.051829,0.055015,0.001785,1.000000;;
     }

     Frame Bip01_L_Calf {
      

      FrameTransformMatrix {
       0.963712,0.000000,-0.266944,0.000000,0.000000,1.000000,-0.000000,0.000000,0.266944,-0.000000,0.963712,0.000000,0.237500,0.000000,-0.000000,1.000000;;
      }

      Frame Bip01_L_Foot {
       

       FrameTransformMatrix {
        0.985544,0.146792,0.084593,0.000000,-0.159604,0.971922,0.172897,0.000000,-0.056838,-0.183899,0.981300,0.000000,0.206841,0.000000,0.000000,1.000000;;
       }

       Frame Bip01_L_Toe0 {
        

        FrameTransformMatrix {
         -0.000002,0.000000,1.000000,0.000000,0.000001,1.000000,-0.000000,0.000000,-1.000000,0.000001,-0.000002,0.000000,0.065373,0.000000,0.066450,1.000000;;
        }

        Frame Bip01_L_Toe0Nub {
         

         FrameTransformMatrix {
          -1.000000,-0.000000,-0.000000,0.000000,-0.000000,1.000000,0.000000,0.000000,0.000000,0.000000,-1.000000,0.000000,0.006735,0.000000,0.000000,1.000000;;
         }
        }
       }
      }
     }
    }

    Frame Bip01_R_Thigh {
     

     FrameTransformMatrix {
      -0.875542,-0.110229,0.470399,0.000000,0.076525,-0.992975,-0.090249,0.000000,0.477042,-0.043020,0.877827,0.000000,-0.051251,-0.055015,-0.007823,1.000000;;
     }

     Frame Bip01_R_Calf {
      

      FrameTransformMatrix {
       0.926838,0.000000,-0.375462,0.000000,0.000000,1.000000,-0.000000,0.000000,0.375462,0.000000,0.926838,0.000000,0.237500,0.000000,0.000000,1.000000;;
      }

      Frame Bip01_R_Foot {
       

       FrameTransformMatrix {
        0.995183,-0.067413,0.071177,0.000000,0.004122,0.754179,0.656656,0.000000,-0.097948,-0.653199,0.750824,0.000000,0.206841,0.000000,0.000000,1.000000;;
       }

       Frame Bip01_R_Toe0 {
        

        FrameTransformMatrix {
         -0.087158,0.000001,0.996195,0.000000,0.000001,1.000000,-0.000001,0.000000,-0.996195,0.000001,-0.087158,0.000000,0.065373,0.000000,0.066450,1.000000;;
        }

        Frame Bip01_R_Toe0Nub {
         

         FrameTransformMatrix {
          1.000000,-0.000000,-0.000000,0.000000,-0.000000,1.000000,0.000000,0.000000,0.000000,0.000000,1.000000,0.000000,0.006735,0.000000,0.000000,1.000000;;
         }
        }
       }
      }
     }
    }
   }

   Frame Bip01_DressFront {
    

    FrameTransformMatrix {
     -0.830864,-0.008445,0.556411,0.000000,-0.032673,0.998900,-0.033627,0.000000,-0.555515,-0.046119,-0.830227,0.000000,-0.043921,0.001406,0.061063,1.000000;;
    }

    Frame Bip01_DressFront02 {
     

     FrameTransformMatrix {
      0.946511,0.081243,0.312276,0.000000,-0.077173,0.996694,-0.025393,0.000000,-0.313307,-0.000065,0.949652,0.000000,0.183366,0.000000,-0.000125,1.000000;;
     }

     Frame Bip01_DressFrontNub {
      

      FrameTransformMatrix {
       0.000796,0.000003,1.000000,0.000000,0.000000,-1.000000,0.000003,0.000000,1.000000,-0.000000,-0.000796,0.000000,0.165302,0.000000,0.000000,1.000000;;
      }
     }
    }
   }

   Frame Bip01_DressBack {
    

    FrameTransformMatrix {
     -0.830380,0.045218,0.555360,0.000000,-0.011734,0.995061,-0.098565,0.000000,-0.557074,-0.088363,-0.825748,0.000000,-0.047654,0.000012,-0.078304,1.000000;;
    }

    Frame Bip01_DressBack02 {
     

     FrameTransformMatrix {
      0.961427,0.000001,0.275061,0.000000,-0.000001,1.000000,-0.000000,0.000000,-0.275061,-0.000000,0.961427,0.000000,0.176189,0.000000,-0.000105,1.000000;;
     }

     Frame Bip01_DressBackNub {
      

      FrameTransformMatrix {
       0.000796,0.000003,1.000000,0.000000,0.000000,-1.000000,0.000003,0.000000,1.000000,-0.000000,-0.000796,0.000000,0.136508,0.000000,-0.000000,1.000000;;
      }
     }
    }
   }
  }

  Frame Bip01_Prop1 {
   

   FrameTransformMatrix {
    0.422404,-0.045727,-0.905253,0.000000,0.725946,-0.580963,0.368083,0.000000,-0.542750,-0.812645,-0.212206,0.000000,0.024908,-0.011984,-0.136265,1.000000;;
   }
  }

  Frame Bip01_Prop2 {
   

   FrameTransformMatrix {
    0.619219,-0.579509,0.529847,0.000000,0.772153,0.326810,-0.544954,0.000000,0.142647,0.746569,0.649836,0.000000,0.109229,0.024051,0.111682,1.000000;;
   }
  }
 }
}

Frame Translation_Data {
 

 FrameTransformMatrix {
  1.000000,0.000000,0.000000,0.000000,0.000000,-0.000000,-1.000000,0.000000,0.000000,1.000000,-0.000000,0.000000,0.000000,-0.000000,0.000000,1.000000;;
 }
}

Frame Body {
 

 FrameTransformMatrix {
  1.000000,0.000000,0.000000,0.000000,0.000000,1.000000,0.000000,0.000000,0.000000,0.000000,1.000000,0.000000,0.000000,0.000000,0.000000,1.000000;;
 }

 Mesh Body {
  617;
  0.100607;0.748407;-0.048487;,
  0.067445;0.732570;-0.055997;,
  0.059305;0.765275;-0.059587;,
  0.110646;0.730322;-0.037290;,
  0.113265;0.715133;-0.026312;,
  0.090506;0.671604;-0.030691;,
  0.078048;0.698137;-0.051453;,
  0.112637;0.690682;0.006733;,
  0.049000;0.801701;-0.040056;,
  0.085387;0.799565;0.007755;,
  0.087472;0.791557;-0.023309;,
  0.053491;0.801594;0.000429;,
  0.065724;0.567968;0.105179;,
  0.021217;0.580198;0.102120;,
  0.017834;0.570583;0.109881;,
  0.061097;0.576705;0.097297;,
  0.080205;0.561200;0.046802;,
  0.081094;0.540955;0.075118;,
  0.067755;0.547549;0.009453;,
  0.076621;0.510918;0.050198;,
  0.053875;0.497347;0.032444;,
  0.043596;0.662278;-0.056354;,
  0.040881;0.693822;-0.068345;,
  -0.017496;0.577490;0.083738;,
  -0.020635;0.566039;0.093028;,
  0.035161;0.684385;0.087376;,
  -0.009748;0.724704;0.056012;,
  -0.013342;0.682903;0.068537;,
  0.044486;0.729858;0.072876;,
  0.070218;0.472235;0.034443;,
  0.119812;0.377346;0.060966;,
  0.093719;0.379415;0.021339;,
  0.089722;0.471885;0.080676;,
  0.110049;0.285659;0.009116;,
  0.121895;0.283400;0.060620;,
  0.019384;0.466995;0.033883;,
  0.021947;0.358091;0.100773;,
  -0.023761;0.469998;0.130369;,
  0.041070;0.369447;0.028133;,
  0.058513;0.275387;0.078007;,
  0.070540;0.276160;0.037490;,
  0.098513;0.368189;0.121446;,
  0.064558;0.452463;0.133945;,
  0.096081;0.282656;0.092156;,
  0.125728;0.006966;0.097821;,
  0.068102;0.007521;0.115457;,
  0.089256;0.006946;0.071462;,
  0.097821;0.007495;0.133674;,
  0.108665;0.227284;0.036131;,
  0.130746;0.156656;0.081591;,
  0.113692;0.153820;0.044418;,
  0.127680;0.230928;0.074080;,
  0.128294;0.076892;0.090103;,
  0.122127;0.075193;0.055955;,
  0.063439;0.205474;0.045260;,
  0.059192;0.159008;0.095053;,
  0.044130;0.223129;0.094476;,
  0.077483;0.149039;0.057633;,
  0.088416;0.085542;0.097104;,
  0.097564;0.068216;0.069657;,
  0.117101;0.164746;0.116721;,
  0.110082;0.238905;0.119589;,
  0.110040;0.092316;0.106580;,
  0.080979;0.515149;0.090312;,
  0.020641;0.485976;0.006960;,
  0.019384;0.466995;0.033883;,
  0.010715;0.457467;0.028752;,
  0.059781;0.526892;0.139265;,
  0.004555;0.532549;0.139032;,
  0.057402;0.470899;0.141403;,
  0.005751;0.477786;0.143614;,
  0.028841;0.632353;0.094523;,
  0.071063;0.679105;0.086697;,
  0.088936;0.678648;0.075889;,
  0.084789;0.614958;0.041477;,
  0.105936;0.662961;0.028326;,
  0.068737;0.627311;0.087532;,
  0.089938;0.646332;-0.014448;,
  0.077252;0.601744;0.007978;,
  0.045677;0.644810;-0.043285;,
  0.035569;0.593347;-0.016541;,
  0.133913;0.725029;-0.038795;,
  0.154092;0.681135;-0.023597;,
  0.086096;0.732125;-0.015155;,
  0.121578;0.631213;0.020816;,
  0.100686;0.675223;0.002915;,
  0.164987;0.635542;-0.000573;,
  0.110321;0.745313;0.039169;,
  0.100686;0.675223;0.002915;,
  0.125430;0.700580;0.058684;,
  0.142270;0.647184;0.067781;,
  0.121578;0.631213;0.020816;,
  0.120440;0.749783;0.041629;,
  0.178894;0.706807;0.032102;,
  0.158209;0.749568;0.017384;,
  0.185583;0.651416;0.046527;,
  0.151266;0.737554;-0.017863;,
  0.166437;0.616694;-0.009961;,
  0.126252;0.549995;0.005857;,
  0.115523;0.608936;0.015495;,
  0.158369;0.557497;-0.010255;,
  0.132005;0.509911;0.003802;,
  0.154839;0.507318;-0.008086;,
  0.115523;0.608936;0.015495;,
  0.158619;0.550706;0.053035;,
  0.143108;0.609375;0.072238;,
  0.126252;0.549995;0.005857;,
  0.155957;0.508653;0.035362;,
  0.132005;0.509911;0.003802;,
  0.183066;0.556768;0.040398;,
  0.193791;0.617162;0.047009;,
  0.171718;0.505329;0.025676;,
  0.094722;0.437207;0.018274;,
  0.148300;0.448249;0.034531;,
  0.109281;0.448561;0.006315;,
  0.133601;0.437038;0.045906;,
  0.100469;0.441100;0.003348;,
  0.109276;0.426974;0.001520;,
  0.105478;0.433310;0.009675;,
  0.099295;0.434708;-0.006340;,
  0.139007;0.479858;0.042977;,
  0.127418;0.448980;-0.007593;,
  0.143936;0.442833;0.042152;,
  0.115089;0.480730;-0.000604;,
  0.158714;0.431952;0.034323;,
  0.172595;0.474554;0.026390;,
  0.148598;0.476199;-0.019691;,
  0.143250;0.438539;-0.013662;,
  0.112916;0.797207;-0.014429;,
  0.127337;0.784598;-0.037395;,
  0.087472;0.791557;-0.023309;,
  0.092385;0.776275;-0.042768;,
  0.085173;0.729015;0.071148;,
  0.066459;0.783618;-0.053836;,
  0.129036;0.758452;-0.046231;,
  0.110646;0.730322;-0.037290;,
  0.100607;0.748407;-0.048487;,
  0.122599;0.740317;-0.031517;,
  0.099470;0.769760;0.040248;,
  0.053391;0.765974;0.044789;,
  0.103755;0.771711;0.035795;,
  -0.002279;0.756858;0.030787;,
  0.011227;0.789879;-0.017525;,
  0.085387;0.799565;0.007755;,
  0.103755;0.771711;0.035795;,
  0.105002;0.725026;0.000071;,
  0.106251;0.760240;0.032348;,
  0.086096;0.732125;-0.015155;,
  0.099022;0.712459;0.047739;,
  0.105439;0.693919;0.019065;,
  0.113265;0.715133;-0.026312;,
  0.098159;0.722371;0.061158;,
  0.115089;0.480730;-0.000604;,
  0.069983;0.801712;-0.083958;,
  0.057192;0.819590;-0.077938;,
  0.020501;0.802584;-0.047432;,
  0.030643;0.825359;-0.080603;,
  0.143250;0.438539;-0.013662;,
  0.094722;0.437207;0.018274;,
  0.133601;0.437038;0.045906;,
  0.106550;0.459457;-0.001575;,
  0.110764;0.442457;-0.020659;,
  0.106550;0.459457;-0.001575;,
  0.117417;0.447049;0.005114;,
  0.130427;0.435872;-0.012537;,
  0.130427;0.435872;-0.012537;,
  0.100469;0.441100;0.003348;,
  0.099295;0.434708;-0.006340;,
  0.109276;0.426974;0.001520;,
  0.171837;0.027549;0.035674;,
  0.169679;0.005308;-0.018041;,
  0.164868;0.023988;-0.012822;,
  0.180223;0.005825;0.032734;,
  0.070797;0.040779;0.104056;,
  0.089256;0.006946;0.071462;,
  0.068102;0.007521;0.115457;,
  0.089618;0.031865;0.068290;,
  0.088416;0.085542;0.097104;,
  0.106348;0.043793;0.125550;,
  0.110040;0.092316;0.106580;,
  0.125728;0.006966;0.097821;,
  0.097821;0.007495;0.133674;,
  0.128272;0.041874;0.095915;,
  0.122127;0.075193;0.055955;,
  0.128294;0.076892;0.090103;,
  0.135986;0.021101;-0.018464;,
  0.134501;0.005467;-0.027660;,
  0.180223;0.005825;0.032734;,
  0.134501;0.005467;-0.027660;,
  0.041070;0.369447;0.028133;,
  0.070540;0.276160;0.037490;,
  0.063439;0.205474;0.045260;,
  0.077483;0.149039;0.057633;,
  0.097564;0.068216;0.069657;,
  0.097564;0.068216;0.069657;,
  -0.011364;0.461103;0.075689;,
  0.083936;0.784433;-0.104603;,
  0.067680;0.763444;-0.100208;,
  0.076393;0.764512;-0.107206;,
  0.065453;0.784860;-0.090092;,
  0.074385;0.812390;-0.114864;,
  0.065136;0.834543;-0.117354;,
  0.052336;0.816341;-0.238428;,
  0.034253;0.787103;-0.239300;,
  0.032499;0.816756;-0.242266;,
  0.071457;0.751413;-0.190813;,
  0.054878;0.743836;-0.191503;,
  0.066247;0.767978;-0.214922;,
  0.081574;0.768113;-0.127619;,
  0.087933;0.797100;-0.129714;,
  0.081497;0.796339;-0.112425;,
  0.086814;0.824655;-0.157341;,
  0.087899;0.806654;-0.173979;,
  0.078592;0.786409;-0.216585;,
  0.085931;0.812695;-0.210645;,
  0.085072;0.779877;-0.178160;,
  0.083315;0.841012;-0.155742;,
  0.071229;0.862250;-0.156774;,
  0.031636;0.870916;-0.153157;,
  0.063610;0.865134;-0.204585;,
  0.030267;0.873577;-0.202358;,
  0.086435;0.773725;-0.156348;,
  0.073267;0.751446;-0.122658;,
  0.073306;0.749227;-0.158544;,
  0.060309;0.731761;-0.102719;,
  0.040538;0.739961;-0.093314;,
  0.041418;0.720671;-0.101920;,
  0.060561;0.782168;-0.230370;,
  0.072386;0.814584;-0.229033;,
  0.079701;0.847264;-0.208421;,
  0.065877;0.843658;-0.227336;,
  0.048157;0.850462;-0.230108;,
  0.030757;0.852399;-0.231068;,
  0.033761;0.847706;-0.120431;,
  0.079701;0.847264;-0.208421;,
  0.065877;0.843658;-0.227336;,
  0.094096;0.797708;-0.132628;,
  0.097247;0.821950;-0.173466;,
  0.102708;0.823983;-0.152982;,
  0.091149;0.810854;-0.157260;,
  0.102708;0.823983;-0.152982;,
  0.094096;0.797708;-0.132628;,
  0.097247;0.821950;-0.173466;,
  0.087899;0.806654;-0.173979;,
  0.089716;0.792649;-0.153148;,
  0.087933;0.797100;-0.129714;,
  0.072098;0.756245;-0.179631;,
  0.089716;0.792649;-0.153148;,
  0.066459;0.783618;-0.053836;,
  0.069983;0.801712;-0.083958;,
  0.092385;0.776275;-0.042768;,
  0.074385;0.812390;-0.114864;,
  0.038719;0.743467;-0.078618;,
  0.039021;0.720625;-0.071969;,
  0.030073;0.543708;-0.012187;,
  -0.033713;0.529562;0.121716;,
  -0.036660;0.496120;0.128758;,
  -0.026880;0.453056;0.119084;,
  0.042604;0.757222;-0.093988;,
  -0.011364;0.461103;0.075689;,
  0.048157;0.850462;-0.230108;,
  0.030757;0.852399;-0.231068;,
  0.059852;0.736928;-0.134292;,
  0.051699;0.737260;-0.157855;,
  0.052304;0.733927;-0.148814;,
  0.035205;0.772466;-0.234317;,
  0.036710;0.753070;-0.217919;,
  0.052750;0.749573;-0.180011;,
  -0.014345;0.629827;0.075191;,
  0.092385;0.776275;-0.042768;,
  0.169679;0.005308;-0.018041;,
  0.052271;0.727327;-0.128128;,
  0.059522;0.734989;-0.127979;,
  0.051723;0.732279;-0.131489;,
  0.039823;0.728164;-0.149205;,
  0.039891;0.722087;-0.160331;,
  0.051525;0.728999;-0.136769;,
  0.040083;0.731229;-0.131654;,
  0.040630;0.723534;-0.127174;,
  0.038300;0.736259;-0.192193;,
  0.038516;0.736879;-0.182043;,
  0.106251;0.760240;0.032348;,
  0.040293;0.724855;-0.137786;,
  0.095374;0.735741;0.011471;,
  0.105002;0.725026;0.000071;,
  0.113265;0.715133;-0.026312;,
  0.083315;0.841012;-0.155742;,
  0.108665;0.227284;0.036131;,
  0.079271;0.148261;0.012356;,
  0.066221;0.223818;-0.001761;,
  0.113692;0.153821;0.044418;,
  0.110049;0.285659;0.009116;,
  0.068539;0.278973;-0.011551;,
  0.093719;0.379415;0.021339;,
  0.042737;0.368744;0.000579;,
  0.070218;0.472235;0.034443;,
  0.028179;0.455921;0.010123;,
  0.053875;0.497348;0.032444;,
  0.085587;0.075928;0.017256;,
  0.122127;0.075193;0.055955;,
  0.051666;0.155234;0.121251;,
  -0.010497;0.102506;0.110259;,
  0.060703;0.085898;0.128168;,
  -0.010836;0.175904;0.105621;,
  -0.006579;0.242417;0.093254;,
  0.043336;0.222497;0.109076;,
  -0.008277;0.308511;0.091869;,
  0.041399;0.271366;0.103688;,
  0.015820;0.356189;0.114289;,
  -0.021397;0.384803;0.109923;,
  -0.035789;0.468977;0.129020;,
  0.095374;0.735741;0.011471;,
  -0.027616;0.733261;-0.094687;,
  0.005213;0.725220;-0.078418;,
  -0.038450;0.712713;-0.091007;,
  0.006815;0.759076;-0.078499;,
  -0.044186;0.695916;-0.083901;,
  -0.008855;0.661432;-0.070916;,
  -0.054134;0.673609;-0.060781;,
  0.001523;0.689099;-0.079024;,
  -0.005298;0.795289;-0.059619;,
  -0.061565;0.782575;-0.045066;,
  -0.034144;0.791244;-0.031144;,
  -0.041923;0.776544;-0.069927;,
  -0.085161;0.566344;0.034329;,
  -0.055802;0.578902;0.064382;,
  -0.076321;0.574392;0.029965;,
  -0.058245;0.569764;0.074157;,
  -0.047709;0.559047;-0.015873;,
  -0.071370;0.539314;0.003527;,
  -0.010205;0.546237;-0.028746;,
  -0.049128;0.509682;-0.008642;,
  -0.020388;0.496548;-0.002426;,
  -0.017496;0.577490;0.083738;,
  -0.020635;0.566039;0.093028;,
  -0.058609;0.676733;0.043895;,
  -0.009748;0.724704;0.056012;,
  -0.060362;0.719124;0.030430;,
  -0.013342;0.682903;0.068537;,
  -0.031448;0.473937;-0.015195;,
  -0.073232;0.374793;-0.037185;,
  -0.078342;0.468940;0.001006;,
  -0.026895;0.382145;-0.044551;,
  -0.018773;0.287222;-0.067875;,
  -0.064148;0.281462;-0.041811;,
  0.004407;0.471748;0.021365;,
  -0.034500;0.356729;0.061336;,
  0.004607;0.374274;-0.001387;,
  -0.045675;0.469762;0.120080;,
  -0.033224;0.276998;0.016385;,
  -0.011892;0.279061;-0.019716;,
  -0.102210;0.360758;0.019016;,
  -0.099483;0.447103;0.054546;,
  -0.069602;0.280852;-0.001677;,
  -0.079457;0.006312;-0.018854;,
  -0.105447;0.010327;0.035372;,
  -0.119050;0.008553;0.003328;,
  -0.058808;0.008431;0.021072;,
  -0.033917;0.226797;-0.044970;,
  -0.078002;0.154736;-0.024814;,
  -0.074781;0.228918;-0.033108;,
  -0.039089;0.153243;-0.037628;,
  -0.075984;0.075703;-0.016097;,
  -0.044264;0.074393;-0.024845;,
  -0.008505;0.209349;-0.004298;,
  -0.039237;0.163822;0.036189;,
  -0.023796;0.151939;-0.001949;,
  -0.032313;0.229060;0.042084;,
  -0.065728;0.087619;0.020175;,
  -0.055162;0.069094;0.009539;,
  -0.094826;0.164300;0.008521;,
  -0.096482;0.238809;0.010201;,
  -0.082892;0.092635;0.005245;,
  -0.082532;0.513389;0.013534;,
  0.004407;0.471748;0.021365;,
  -0.106867;0.525098;0.061014;,
  -0.071524;0.531730;0.103308;,
  -0.103259;0.466917;0.064824;,
  -0.072034;0.475650;0.105382;,
  -0.055560;0.627242;0.052031;,
  -0.079758;0.666799;0.016762;,
  -0.082575;0.664654;-0.003639;,
  -0.042935;0.607224;-0.022827;,
  -0.072529;0.618758;0.016410;,
  -0.053914;0.649918;-0.045795;,
  -0.008051;0.638336;-0.059885;,
  -0.009697;0.596479;-0.035797;,
  -0.073177;0.698553;-0.104808;,
  -0.034547;0.710181;-0.069196;,
  -0.097762;0.656741;-0.090240;,
  -0.080977;0.614777;-0.031475;,
  -0.115883;0.614847;-0.065269;,
  -0.054894;0.656051;-0.048384;,
  -0.073729;0.730294;-0.027099;,
  -0.094790;0.688397;-0.006820;,
  -0.054894;0.656051;-0.048384;,
  -0.114599;0.636177;0.004428;,
  -0.080977;0.614777;-0.031475;,
  -0.084039;0.734800;-0.028451;,
  -0.137686;0.689387;-0.048805;,
  -0.112783;0.730160;-0.062606;,
  -0.149457;0.636169;-0.029195;,
  -0.095791;0.713458;-0.092055;,
  -0.114408;0.595204;-0.072207;,
  -0.081025;0.532521;-0.036567;,
  -0.106771;0.536770;-0.062384;,
  -0.073558;0.592559;-0.031900;,
  -0.088582;0.494666;-0.031518;,
  -0.103979;0.487862;-0.052510;,
  -0.073558;0.592559;-0.031900;,
  -0.126110;0.537909;-0.001749;,
  -0.081025;0.532521;-0.036567;,
  -0.116976;0.599071;0.013431;,
  -0.121454;0.489642;-0.014065;,
  -0.088582;0.494666;-0.031518;,
  -0.145593;0.541445;-0.021799;,
  -0.157669;0.601785;-0.026600;,
  -0.130499;0.488244;-0.026268;,
  -0.044663;0.441206;0.007934;,
  -0.094662;0.429249;-0.016842;,
  -0.086605;0.419620;0.000864;,
  -0.052345;0.451212;-0.010087;,
  -0.041342;0.448286;-0.006552;,
  -0.039525;0.433818;-0.014788;,
  -0.031849;0.446442;-0.013077;,
  -0.044810;0.437637;-0.005925;,
  -0.108170;0.456970;-0.002493;,
  -0.056173;0.451171;-0.032623;,
  -0.066883;0.480440;-0.017212;,
  -0.093835;0.423023;-0.008654;,
  -0.093864;0.411802;-0.025153;,
  -0.117918;0.448232;-0.037990;,
  -0.075446;0.473304;-0.054407;,
  -0.058146;0.439396;-0.048559;,
  -0.068362;0.775824;-0.079705;,
  -0.062143;0.762234;-0.105610;,
  -0.041923;0.776544;-0.069927;,
  -0.030819;0.761723;-0.087158;,
  -0.087397;0.711347;0.001286;,
  -0.005953;0.775066;-0.079925;,
  -0.053198;0.736627;-0.111832;,
  -0.038450;0.712713;-0.091007;,
  -0.055889;0.716368;-0.098157;,
  -0.027616;0.733261;-0.094687;,
  -0.084748;0.748737;-0.026478;,
  -0.085490;0.750238;-0.032581;,
  -0.054660;0.753212;0.005861;,
  -0.002279;0.756858;0.030787;,
  0.011227;0.789879;-0.017525;,
  -0.061565;0.782575;-0.045066;,
  -0.085490;0.750238;-0.032581;,
  -0.056236;0.705652;-0.058735;,
  -0.034547;0.710181;-0.069196;,
  -0.083247;0.738329;-0.036430;,
  -0.077484;0.694389;-0.023716;,
  -0.058327;0.677153;-0.047233;,
  -0.044186;0.695916;-0.083901;,
  -0.088191;0.703293;-0.014282;,
  -0.066883;0.480440;-0.017212;,
  0.002153;0.795645;-0.096220;,
  0.007011;0.815101;-0.087009;,
  0.020501;0.802584;-0.047432;,
  0.030643;0.825359;-0.080603;,
  -0.058146;0.439396;-0.048559;,
  -0.044663;0.441206;0.007934;,
  -0.086605;0.419620;0.000864;,
  -0.050876;0.464492;-0.013235;,
  -0.034431;0.455018;-0.030864;,
  -0.050876;0.464492;-0.013235;,
  -0.056280;0.447886;-0.016674;,
  -0.049157;0.440442;-0.039026;,
  -0.049157;0.440442;-0.039026;,
  -0.041342;0.448286;-0.006552;,
  -0.031849;0.446442;-0.013077;,
  -0.039525;0.433818;-0.014788;,
  -0.010947;0.024023;-0.056330;,
  0.041623;0.001877;-0.044899;,
  -0.007017;0.001834;-0.062894;,
  0.035939;0.020817;-0.042024;,
  -0.093433;0.043349;0.032455;,
  -0.058808;0.008431;0.021072;,
  -0.055362;0.033279;0.019722;,
  -0.105447;0.010327;0.035372;,
  -0.065728;0.087619;0.020175;,
  -0.109378;0.044268;-0.006014;,
  -0.082892;0.092635;0.005245;,
  -0.079457;0.006312;-0.018854;,
  -0.076838;0.041003;-0.023132;,
  -0.119050;0.008553;0.003328;,
  -0.044264;0.074393;-0.024845;,
  -0.075984;0.075703;-0.016097;,
  0.037200;0.019651;-0.012506;,
  0.045913;0.004120;-0.008752;,
  -0.007017;0.001834;-0.062894;,
  0.045913;0.004120;-0.008752;,
  0.004607;0.374274;-0.001387;,
  -0.011892;0.279061;-0.019716;,
  -0.008505;0.209349;-0.004298;,
  -0.023796;0.151939;-0.001949;,
  -0.055162;0.069094;0.009539;,
  -0.055162;0.069094;0.009539;,
  -0.008107;0.779218;-0.102324;,
  0.010611;0.760210;-0.098796;,
  0.012910;0.780160;-0.099590;,
  0.001499;0.760268;-0.105352;,
  -0.002291;0.808045;-0.112965;,
  0.004263;0.831094;-0.115848;,
  0.013050;0.814115;-0.237455;,
  0.032499;0.816756;-0.242266;,
  0.003753;0.747577;-0.189137;,
  0.005864;0.764556;-0.213427;,
  0.021026;0.741918;-0.190665;,
  -0.005056;0.763205;-0.125474;,
  -0.014742;0.791282;-0.127172;,
  -0.007416;0.791301;-0.110224;,
  -0.018106;0.818710;-0.154744;,
  -0.017971;0.800655;-0.171359;,
  -0.008550;0.781472;-0.214428;,
  -0.012348;0.774357;-0.175749;,
  -0.018508;0.806777;-0.208059;,
  -0.016400;0.835362;-0.153273;,
  -0.006855;0.857826;-0.154841;,
  0.031636;0.870916;-0.153157;,
  -0.001977;0.861418;-0.202962;,
  0.030267;0.873577;-0.202358;,
  -0.011931;0.768151;-0.153913;,
  0.003755;0.745286;-0.156822;,
  0.005314;0.747595;-0.120976;,
  0.021379;0.729555;-0.101755;,
  0.009143;0.779255;-0.229097;,
  -0.006186;0.810132;-0.227088;,
  -0.016118;0.841835;-0.206049;,
  -0.002925;0.839759;-0.225633;,
  0.030757;0.852399;-0.231068;,
  0.013755;0.848513;-0.229256;,
  0.033761;0.847706;-0.120431;,
  -0.016118;0.841835;-0.206049;,
  -0.002925;0.839759;-0.225633;,
  -0.021070;0.791182;-0.129777;,
  -0.028948;0.814800;-0.170342;,
  -0.020845;0.804508;-0.154488;,
  -0.033587;0.816261;-0.149608;,
  -0.033587;0.816261;-0.149608;,
  -0.021070;0.791182;-0.129777;,
  -0.028948;0.814800;-0.170342;,
  -0.017971;0.800655;-0.171359;,
  -0.017165;0.786593;-0.150502;,
  -0.014742;0.791282;-0.127172;,
  0.003122;0.752336;-0.177924;,
  -0.017165;0.786593;-0.150502;,
  -0.005953;0.775066;-0.079925;,
  0.002153;0.795645;-0.096220;,
  -0.030819;0.761723;-0.087158;,
  -0.002291;0.808045;-0.112965;,
  -0.033713;0.529562;0.121716;,
  -0.036660;0.496120;0.128758;,
  -0.026880;0.453056;0.119084;,
  -0.011364;0.461103;0.075689;,
  0.013755;0.848513;-0.229256;,
  0.030757;0.852399;-0.231068;,
  0.019692;0.734653;-0.133297;,
  0.026583;0.735837;-0.157233;,
  0.026805;0.732482;-0.148183;,
  0.023058;0.747890;-0.179276;,
  -0.014345;0.629827;0.075191;,
  -0.030819;0.761723;-0.087158;,
  0.041623;0.001877;-0.044899;,
  0.020549;0.732781;-0.127014;,
  0.028603;0.725986;-0.127542;,
  0.028422;0.730959;-0.130912;,
  0.028728;0.727708;-0.136205;,
  -0.083247;0.738329;-0.036430;,
  -0.057499;0.717288;-0.044958;,
  -0.056236;0.705652;-0.058735;,
  -0.044186;0.695916;-0.083901;,
  -0.016400;0.835362;-0.153273;,
  0.014469;0.222918;-0.036676;,
  0.041120;0.145574;-0.013489;,
  0.004811;0.146152;-0.032286;,
  0.038317;0.223266;-0.018254;,
  0.014882;0.283282;-0.048795;,
  0.039913;0.278853;-0.027782;,
  0.015839;0.373256;-0.019509;,
  0.028900;0.364309;-0.007619;,
  0.013755;0.460373;0.000008;,
  0.020463;0.448499;0.007771;,
  0.020641;0.485976;0.006960;,
  -0.020388;0.496548;-0.002426;,
  0.045214;0.079217;-0.012928;,
  0.003057;0.073637;-0.029517;,
  -0.051318;0.086084;0.067149;,
  -0.094826;0.164300;0.008521;,
  -0.082882;0.092635;0.005254;,
  -0.048341;0.161084;0.060403;,
  -0.096482;0.238809;0.010201;,
  -0.046270;0.226320;0.052002;,
  -0.041797;0.273863;0.049747;,
  -0.069602;0.280852;-0.001677;,
  -0.102210;0.360758;0.019016;,
  -0.040986;0.352420;0.077011;,
  -0.036660;0.496120;0.128758;,
  -0.072034;0.475650;0.105382;,
  -0.057499;0.717288;-0.044958;,
  -0.031448;0.473937;-0.015195;,
  -0.026895;0.382145;-0.044551;,
  -0.018773;0.287222;-0.067875;,
  -0.033917;0.226797;-0.044970;,
  -0.039089;0.153243;-0.037628;,
  -0.044264;0.074393;-0.024845;,
  0.098513;0.368189;0.121446;,
  0.005751;0.477786;0.143614;,
  0.064558;0.452463;0.133945;,
  0.096081;0.282656;0.092156;,
  0.110082;0.238905;0.119589;,
  0.117101;0.164746;0.116721;,
  0.110040;0.092316;0.106580;,
  -0.099483;0.447103;0.054546;;
  916;
  3;0,1,2;,
  3;1,0,3;,
  3;4,5,6;,
  3;5,4,7;,
  3;8,9,10;,
  3;9,8,11;,
  3;12,13,14;,
  3;13,12,15;,
  3;16,12,17;,
  3;12,16,15;,
  3;18,19,20;,
  3;19,18,16;,
  3;6,21,22;,
  3;21,6,5;,
  3;14,23,24;,
  3;23,14,13;,
  3;25,26,27;,
  3;26,25,28;,
  3;29,30,31;,
  3;30,29,32;,
  3;30,33,31;,
  3;33,30,34;,
  3;35,36,37;,
  3;36,35,38;,
  3;38,39,36;,
  3;39,38,40;,
  3;37,41,42;,
  3;41,37,36;,
  3;36,43,41;,
  3;43,36,39;,
  3;42,30,32;,
  3;30,42,41;,
  3;41,34,30;,
  3;34,41,43;,
  3;44,45,46;,
  3;45,44,47;,
  3;48,49,50;,
  3;49,48,51;,
  3;50,52,53;,
  3;52,50,49;,
  3;54,55,56;,
  3;55,54,57;,
  3;57,58,55;,
  3;58,57,59;,
  3;56,60,61;,
  3;60,56,55;,
  3;55,62,60;,
  3;62,55,58;,
  3;61,49,51;,
  3;49,61,60;,
  3;60,52,49;,
  3;52,60,62;,
  3;32,19,63;,
  3;19,32,29;,
  3;64,65,66;,
  3;65,64,20;,
  3;14,67,12;,
  3;67,14,68;,
  3;68,69,67;,
  3;69,68,70;,
  3;70,42,69;,
  3;42,70,37;,
  3;48,34,51;,
  3;34,48,33;,
  3;51,43,61;,
  3;43,51,34;,
  3;43,56,61;,
  3;56,43,39;,
  3;39,54,56;,
  3;54,39,40;,
  3;12,63,17;,
  3;63,12,67;,
  3;67,32,63;,
  3;32,67,69;,
  3;69,42,32;,
  3;71,72,25;,
  3;73,74,75;,
  3;74,73,76;,
  3;74,77,75;,
  3;77,74,78;,
  3;79,78,80;,
  3;78,79,77;,
  3;81,82,83;,
  3;82,84,85;,
  3;84,82,86;,
  3;87,88,89;,
  3;88,90,89;,
  3;90,88,91;,
  3;92,93,94;,
  3;92,89,93;,
  3;92,87,89;,
  3;89,95,93;,
  3;95,89,90;,
  3;96,93,82;,
  3;93,86,82;,
  3;86,93,95;,
  3;97,98,99;,
  3;98,97,100;,
  3;100,101,98;,
  3;101,100,102;,
  3;103,104,105;,
  3;104,103,106;,
  3;106,107,104;,
  3;107,106,108;,
  3;105,109,110;,
  3;109,105,104;,
  3;104,111,109;,
  3;111,104,107;,
  3;110,100,97;,
  3;100,110,109;,
  3;109,102,100;,
  3;102,109,111;,
  3;112,113,114;,
  3;113,112,115;,
  3;116,117,118;,
  3;117,116,119;,
  3;120,121,122;,
  3;121,120,123;,
  3;120,124,125;,
  3;124,120,122;,
  3;126,124,127;,
  3;124,126,125;,
  3;95,97,86;,
  3;97,95,110;,
  3;86,99,84;,
  3;99,86,97;,
  3;90,103,105;,
  3;103,90,91;,
  3;105,95,90;,
  3;95,105,110;,
  3;128,96,129;,
  3;96,128,94;,
  3;129,130,128;,
  3;130,129,131;,
  3;72,28,25;,
  3;28,72,132;,
  3;10,133,8;,
  3;134,135,136;,
  3;135,134,137;,
  3;81,137,134;,
  3;138,11,139;,
  3;138,9,11;,
  3;138,140,9;,
  3;141,11,142;,
  3;11,141,139;,
  3;128,130,143;,
  3;94,144,92;,
  3;94,143,144;,
  3;94,128,143;,
  3;145,87,146;,
  3;87,145,147;,
  3;75,148,73;,
  3;148,75,149;,
  3;150,147,145;,
  3;7,149,75;,
  3;148,151,73;,
  3;102,152,101;,
  3;152,102,126;,
  3;102,125,126;,
  3;125,102,111;,
  3;111,120,125;,
  3;120,111,107;,
  3;120,108,123;,
  3;108,120,107;,
  3;8,153,154;,
  3;153,8,133;,
  3;154,155,8;,
  3;155,154,156;,
  3;122,114,113;,
  3;114,122,121;,
  3;121,112,114;,
  3;112,121,157;,
  3;158,124,159;,
  3;124,158,127;,
  3;159,122,113;,
  3;122,159,124;,
  3;126,160,152;,
  3;160,126,161;,
  3;162,121,123;,
  3;121,162,163;,
  3;121,164,157;,
  3;164,121,163;,
  3;165,126,127;,
  3;126,165,161;,
  3;161,166,160;,
  3;166,161,167;,
  3;162,118,163;,
  3;118,162,116;,
  3;163,117,164;,
  3;117,163,118;,
  3;165,167,161;,
  3;167,165,168;,
  3;169,170,171;,
  3;170,169,172;,
  3;173,174,175;,
  3;174,173,176;,
  3;177,178,179;,
  3;178,177,173;,
  3;180,178,181;,
  3;178,180,182;,
  3;183,169,171;,
  3;169,183,184;,
  3;174,185,186;,
  3;185,174,176;,
  3;46,187,44;,
  3;187,46,188;,
  3;180,169,182;,
  3;169,180,172;,
  3;20,29,65;,
  3;19,29,20;,
  3;29,31,189;,
  3;31,190,189;,
  3;190,31,33;,
  3;33,191,190;,
  3;191,33,48;,
  3;191,50,192;,
  3;50,191,48;,
  3;192,53,193;,
  3;53,192,50;,
  3;194,171,185;,
  3;171,194,183;,
  3;171,186,185;,
  3;186,171,170;,
  3;185,176,194;,
  3;194,173,177;,
  3;173,194,176;,
  3;178,175,181;,
  3;175,178,173;,
  3;179,182,184;,
  3;182,179,178;,
  3;182,169,184;,
  3;16,17,19;,
  3;17,63,19;,
  3;65,195,66;,
  3;196,197,198;,
  3;197,196,199;,
  3;200,154,153;,
  3;154,200,201;,
  3;202,203,204;,
  3;205,206,207;,
  3;196,208,209;,
  3;208,196,198;,
  3;210,209,211;,
  3;209,210,196;,
  3;212,213,214;,
  3;213,212,215;,
  3;212,214,211;,
  3;201,216,217;,
  3;216,201,200;,
  3;218,219,220;,
  3;219,218,217;,
  3;210,199,196;,
  3;213,205,207;,
  3;221,222,223;,
  3;198,197,224;,
  3;224,225,226;,
  3;225,224,197;,
  3;227,213,207;,
  3;228,229,214;,
  3;229,228,230;,
  3;220,231,232;,
  3;213,228,214;,
  3;156,201,233;,
  3;201,156,154;,
  3;233,217,218;,
  3;217,233,201;,
  3;219,217,234;,
  3;235,219,234;,
  3;236,237,238;,
  3;237,236,239;,
  3;209,240,211;,
  3;240,209,241;,
  3;211,242,212;,
  3;242,211,240;,
  3;243,239,244;,
  3;239,243,237;,
  3;244,236,245;,
  3;236,244,239;,
  3;246,221,223;,
  3;221,246,215;,
  3;221,212,247;,
  3;212,221,215;,
  3;199,248,2;,
  3;248,199,249;,
  3;133,10,250;,
  3;249,210,251;,
  3;210,249,199;,
  3;210,211,251;,
  3;252,1,253;,
  3;1,252,2;,
  3;20,254,18;,
  3;254,20,64;,
  3;24,68,14;,
  3;68,24,255;,
  3;68,256,70;,
  3;256,68,255;,
  3;256,37,70;,
  3;37,256,257;,
  3;258,2,252;,
  3;2,258,199;,
  3;257,259,37;,
  3;37,259,35;,
  3;260,204,261;,
  3;204,260,202;,
  3;262,263,223;,
  3;263,262,264;,
  3;197,258,225;,
  3;258,197,199;,
  3;265,203,227;,
  3;265,207,266;,
  3;207,265,227;,
  3;223,267,246;,
  3;267,223,263;,
  3;88,87,147;,
  3;83,82,85;,
  3;78,16,18;,
  3;16,78,74;,
  3;74,15,16;,
  3;15,74,76;,
  3;15,71,13;,
  3;71,15,76;,
  3;13,268,23;,
  3;268,13,71;,
  3;248,269,2;,
  3;2,269,0;,
  3;136,129,134;,
  3;129,136,131;,
  3;134,96,81;,
  3;96,134,129;,
  3;96,82,81;,
  3;93,96,94;,
  3;29,189,65;,
  3;205,215,246;,
  3;267,205,246;,
  3;205,267,206;,
  3;205,213,215;,
  3;187,188,270;,
  3;224,271,272;,
  3;222,221,208;,
  3;224,222,198;,
  3;272,273,262;,
  3;273,272,271;,
  3;263,274,275;,
  3;273,276,262;,
  3;277,271,278;,
  3;271,277,273;,
  3;222,272,262;,
  3;272,222,224;,
  3;222,208,198;,
  3;209,221,247;,
  3;221,209,208;,
  3;223,222,262;,
  3;266,206,279;,
  3;206,266,207;,
  3;206,280,279;,
  3;280,206,267;,
  3;280,263,275;,
  3;263,280,267;,
  3;264,262,276;,
  3;76,73,72;,
  3;138,281,140;,
  3;73,132,72;,
  3;132,73,151;,
  3;72,71,76;,
  3;271,226,278;,
  3;155,11,8;,
  3;276,277,282;,
  3;277,276,273;,
  3;274,276,282;,
  3;276,274,264;,
  3;28,141,26;,
  3;141,28,139;,
  3;139,132,138;,
