xof 0303txt 0032
template ColorRGBA {
 <35ff44e0-6c7c-11cf-8f52-0040333594a3>
 FLOAT red;
 FLOAT green;
 FLOAT blue;
 FLOAT alpha;
}

template ColorRGB {
 <d3e16e81-7835-11cf-8f52-0040333594a3>
 FLOAT red;
 FLOAT green;
 FLOAT blue;
}

template Material {
 <3d82ab4d-62da-11cf-ab39-0020af71e433>
 ColorRGBA faceColor;
 FLOAT power;
 ColorRGB specularColor;
 ColorRGB emissiveColor;
 [...]
}

template TextureFilename {
 <a42790e1-7810-11cf-8f52-0040333594a3>
 STRING filename;
}

template Frame {
 <3d82ab46-62da-11cf-ab39-0020af71e433>
 [...]
}

template Matrix4x4 {
 <f6f23f45-7686-11cf-8f52-0040333594a3>
 array FLOAT matrix[16];
}

template FrameTransformMatrix {
 <f6f23f41-7686-11cf-8f52-0040333594a3>
 Matrix4x4 frameMatrix;
}

template Vector {
 <3d82ab5e-62da-11cf-ab39-0020af71e433>
 FLOAT x;
 FLOAT y;
 FLOAT z;
}

template MeshFace {
 <3d82ab5f-62da-11cf-ab39-0020af71e433>
 DWORD nFaceVertexIndices;
 array DWORD faceVertexIndices[nFaceVertexIndices];
}

template Mesh {
 <3d82ab44-62da-11cf-ab39-0020af71e433>
 DWORD nVertices;
 array Vector vertices[nVertices];
 DWORD nFaces;
 array MeshFace faces[nFaces];
 [...]
}

template MeshMaterialList {
 <f6f23f42-7686-11cf-8f52-0040333594a3>
 DWORD nMaterials;
 DWORD nFaceIndexes;
 array DWORD faceIndexes[nFaceIndexes];
 [Material <3d82ab4d-62da-11cf-ab39-0020af71e433>]
}

template VertexElement {
 <f752461c-1e23-48f6-b9f8-8350850f336f>
 DWORD Type;
 DWORD Method;
 DWORD Usage;
 DWORD UsageIndex;
}

template DeclData {
 <bf22e553-292c-4781-9fea-62bd554bdd93>
 DWORD nElements;
 array VertexElement Elements[nElements];
 DWORD nDWords;
 array DWORD data[nDWords];
}

template XSkinMeshHeader {
 <3cf169ce-ff7c-44ab-93c0-f78f62d172e2>
 WORD nMaxSkinWeightsPerVertex;
 WORD nMaxSkinWeightsPerFace;
 WORD nBones;
}

template SkinWeights {
 <6f0d123b-bad2-4167-a0d0-80224f25fabb>
 STRING transformNodeName;
 DWORD nWeights;
 array DWORD vertexIndices[nWeights];
 array FLOAT weights[nWeights];
 Matrix4x4 matrixOffset;
}

template AnimTicksPerSecond {
 <9e415a43-7ba6-4a73-8743-b73d47e88476>
 DWORD AnimTicksPerSecond;
}

template Animation {
 <3d82ab4f-62da-11cf-ab39-0020af71e433>
 [...]
}

template AnimationSet {
 <3d82ab50-62da-11cf-ab39-0020af71e433>
 [Animation <3d82ab4f-62da-11cf-ab39-0020af71e433>]
}

template FloatKeys {
 <10dd46a9-775b-11cf-8f52-0040333594a3>
 DWORD nValues;
 array FLOAT values[nValues];
}

template TimedFloatKeys {
 <f406b180-7b3b-11cf-8f52-0040333594a3>
 DWORD time;
 FloatKeys tfkeys;
}

template AnimationKey {
 <10dd46a8-775b-11cf-8f52-0040333594a3>
 DWORD keyType;
 DWORD nKeys;
 array TimedFloatKeys keys[nKeys];
}


Material _03_-_Default {
 1.000000;1.000000;1.000000;1.000000;;
 9.999999;
 0.000000;0.000000;0.000000;;
 0.000000;0.000000;0.000000;;

 TextureFilename {
  "MaleBody_full.png";
 }
}

Frame Dummy01 {
 

 FrameTransformMatrix {
  1.000000,0.000000,0.000000,0.000000,0.000000,-0.000000,-1.000000,0.000000,0.000000,1.000000,-0.000000,0.000000,0.000000,0.000000,0.000000,1.000000;;
 }

 Frame Bip01 {
  

  FrameTransformMatrix {
   0.338216,0.221703,-0.914581,0.000000,-0.268393,0.954215,0.132058,0.000000,0.901984,0.200803,0.382234,0.000000,-0.000603,-0.013603,0.046578,1.000000;;
  }

  Frame Bip01_Pelvis {
   

   FrameTransformMatrix {
    -0.014425,0.993511,0.112816,0.000000,0.303526,-0.103153,0.947223,0.000000,0.952714,0.047906,-0.300069,0.000000,0.000000,0.000000,0.000000,1.000000;;
   }

   Frame Bip01_Spine {
    

    FrameTransformMatrix {
     0.981829,-0.174390,0.074828,0.000000,0.186395,0.960238,-0.207846,0.000000,-0.035606,0.218017,0.975295,0.000000,0.051301,-0.005345,0.002391,1.000000;;
    }

    Frame Bip01_Spine1 {
     

     FrameTransformMatrix {
      0.961385,-0.002127,0.275198,0.000000,-0.004761,0.999692,0.024360,0.000000,-0.275166,-0.024729,0.961079,0.000000,0.106503,0.000002,-0.000082,1.000000;;
     }

     Frame Bip01_Neck {
      

      FrameTransformMatrix {
       0.847329,0.316069,-0.426771,0.000000,-0.303531,0.947645,0.099188,0.000000,0.435778,0.045493,0.898904,0.000000,0.130493,-0.000001,0.004628,1.000000;;
      }

      Frame Bip01_Head {
       

       FrameTransformMatrix {
        0.900473,-0.187451,0.392442,0.000000,0.298681,0.922441,-0.244730,0.000000,-0.316130,0.337588,0.886621,0.000000,0.033674,-0.000000,0.000000,1.000000;;
       }

       Frame Bip01_HeadNub {
        

        FrameTransformMatrix {
         1.000000,-0.000000,0.000000,0.000000,-0.000000,1.000000,-0.000000,0.000000,-0.000000,0.000000,1.000000,0.000000,0.169824,0.000000,0.000000,1.000000;;
        }
       }
      }

      Frame Bip01_L_Clavicle {
       

       FrameTransformMatrix {
        -0.047949,0.979503,0.195637,0.000000,0.863620,-0.057754,0.500825,0.000000,0.501858,0.192970,-0.843149,0.000000,-0.013405,0.021723,-0.013909,1.000000;;
       }

       Frame Bip01_L_UpperArm {
        

        FrameTransformMatrix {
         0.928505,-0.290238,-0.231605,0.000000,-0.102026,0.400316,-0.910680,0.000000,0.357029,0.869201,0.342083,0.000000,0.087086,0.000000,-0.000000,1.000000;;
        }

        Frame Bip01_L_Forearm {
         

         FrameTransformMatrix {
          0.643376,-0.000000,-0.765550,0.000000,0.000000,1.000000,-0.000000,0.000000,0.765550,-0.000000,0.643376,0.000000,0.137062,-0.000000,0.000000,1.000000;;
         }

         Frame Bip01_L_Hand {
          

          FrameTransformMatrix {
           0.969996,-0.197088,-0.142351,0.000000,0.156246,0.056768,0.986085,0.000000,-0.186265,-0.978741,0.085859,0.000000,0.137062,0.000000,0.000000,1.000000;;
          }

          Frame Bip01_L_Finger0 {
           

           FrameTransformMatrix {
            0.556874,-0.020367,0.830347,0.000000,0.558537,0.749101,-0.356210,0.000000,-0.614759,0.662144,0.428531,0.000000,0.057681,-0.023605,-0.000272,1.000000;;
           }

           Frame Bip01_L_Finger0Nub {
            

            FrameTransformMatrix {
             1.000000,-0.000000,0.000000,0.000000,0.000000,1.000000,-0.000000,0.000000,0.000000,-0.000000,1.000000,0.000000,0.029435,0.000000,0.000000,1.000000;;
            }
           }
          }

          Frame Bip01_L_Finger1 {
           

           FrameTransformMatrix {
            0.963133,-0.000214,0.269027,0.000000,-0.000000,1.000000,0.000796,0.000000,-0.269027,-0.000767,0.963132,0.000000,0.084102,0.000000,-0.000000,1.000000;;
           }

           Frame Bip01_L_Finger1Nub {
            

            FrameTransformMatrix {
             1.000000,-0.000000,0.000000,0.000000,0.000000,1.000000,0.000000,0.000000,0.000000,0.000000,1.000000,0.000000,0.047988,0.000000,0.000000,1.000000;;
            }
           }
          }
         }
        }
       }
      }

      Frame Bip01_R_Clavicle {
       

       FrameTransformMatrix {
        -0.293378,-0.953291,-0.071876,0.000000,-0.850485,0.294595,-0.435762,0.000000,0.436582,-0.066713,-0.897187,0.000000,-0.023338,-0.008061,-0.015339,1.000000;;
       }

       Frame Bip01_R_UpperArm {
        

        FrameTransformMatrix {
         0.625752,0.776724,-0.071660,0.000000,-0.289504,0.316572,0.903311,0.000000,0.724308,-0.544502,0.422960,0.000000,0.087086,0.000000,-0.000000,1.000000;;
        }

        Frame Bip01_R_Forearm {
         

         FrameTransformMatrix {
          -0.457206,0.000000,-0.889361,0.000000,0.000000,1.000000,0.000000,0.000000,0.889361,0.000000,-0.457206,0.000000,0.137062,0.000000,0.000000,1.000000;;
         }

         Frame Bip01_R_Hand {
          

          FrameTransformMatrix {
           0.990950,0.003186,-0.134192,0.000000,-0.125973,-0.323140,-0.937929,0.000000,-0.046351,0.946346,-0.319815,0.000000,0.137062,0.000000,0.000000,1.000000;;
          }

          Frame Bip01_R_Finger0 {
           

           FrameTransformMatrix {
            0.556874,0.020367,0.830347,0.000000,-0.558537,0.749101,0.356210,0.000000,-0.614759,-0.662144,0.428531,0.000000,0.057681,0.023605,-0.000272,1.000000;;
           }

           Frame Bip01_R_Finger0Nub {
            

            FrameTransformMatrix {
             -1.000000,0.000000,0.000000,0.000000,-0.000000,1.000000,-0.000000,0.000000,0.000000,0.000000,-1.000000,0.000000,0.029435,0.000000,0.000000,1.000000;;
            }
           }
          }

          Frame Bip01_R_Finger1 {
           

           FrameTransformMatrix {
            0.864703,0.000400,0.502282,0.000000,-0.000000,1.000000,-0.000796,0.000000,-0.502283,0.000689,0.864703,0.000000,0.084102,0.000000,0.000000,1.000000;;
           }

           Frame Bip01_R_Finger1Nub {
            

            FrameTransformMatrix {
             -1.000000,0.000000,0.000000,0.000000,0.000000,1.000000,0.000000,0.000000,0.000000,0.000000,-1.000000,0.000000,0.047988,0.000000,-0.000000,1.000000;;
            }
           }
          }
         }
        }
       }
      }
     }

     Frame Bip01_BackPack {
      

      FrameTransformMatrix {
       0.180560,0.080500,-0.980264,0.000000,0.047560,0.994765,0.090451,0.000000,0.982413,-0.062954,0.175786,0.000000,0.063697,0.000003,-0.088856,1.000000;;
      }

      Frame Bip01_BackPackNub {
       

       FrameTransformMatrix {
        0.000796,0.000003,1.000000,0.000000,-0.000000,-1.000000,0.000003,0.000000,1.000000,-0.000000,-0.000796,0.000000,0.053240,-0.000000,0.000000,1.000000;;
       }
      }
     }
    }

    Frame Bip01_L_Thigh {
     

     FrameTransformMatrix {
      -0.982323,0.163837,0.090554,0.000000,-0.174032,-0.977479,-0.119363,0.000000,0.068958,-0.133012,0.988713,0.000000,-0.061111,0.049096,0.012700,1.000000;;
     }

     Frame Bip01_L_Calf {
      

      FrameTransformMatrix {
       0.936378,0.000000,-0.350995,0.000000,-0.000000,1.000000,-0.000000,0.000000,0.350995,-0.000000,0.936377,0.000000,0.237500,0.000000,0.000000,1.000000;;
      }

      Frame Bip01_L_Foot {
       

       FrameTransformMatrix {
        0.976931,0.208845,-0.044612,0.000000,-0.174454,0.900935,0.397343,0.000000,0.123176,-0.380394,0.916585,0.000000,0.206841,-0.000000,0.000000,1.000000;;
       }

       Frame Bip01_L_Toe0 {
        

        FrameTransformMatrix {
         -0.672770,-0.067730,0.736745,0.000000,-0.409983,0.863056,-0.295040,0.000000,-0.615869,-0.500547,-0.608406,0.000000,0.065373,0.000000,0.066450,1.000000;;
        }

        Frame Bip01_L_Toe0Nub {
         

         FrameTransformMatrix {
          -1.000000,0.000000,0.000000,0.000000,0.000000,1.000000,-0.000000,0.000000,-0.000000,-0.000000,-1.000000,0.000000,0.006735,0.000000,0.000000,1.000000;;
         }
        }
       }
      }
     }
    }

    Frame Bip01_R_Thigh {
     

     FrameTransformMatrix {
      -0.980207,-0.185961,-0.067909,0.000000,0.179129,-0.979156,0.095739,0.000000,-0.084298,0.081680,0.993087,0.000000,-0.041849,-0.056963,-0.011380,1.000000;;
     }

     Frame Bip01_R_Calf {
      

      FrameTransformMatrix {
       0.946148,0.000000,-0.323735,0.000000,0.000000,1.000000,0.000000,0.000000,0.323735,0.000000,0.946148,0.000000,0.237500,-0.000000,-0.000000,1.000000;;
      }

      Frame Bip01_R_Foot {
       

       FrameTransformMatrix {
        0.987673,0.148291,-0.050113,0.000000,-0.151205,0.986652,-0.060452,0.000000,0.040480,0.067284,0.996912,0.000000,0.206841,0.000000,0.000000,1.000000;;
       }

       Frame Bip01_R_Toe0 {
        

        FrameTransformMatrix {
         -0.029521,-0.728314,0.684607,0.000000,-0.639477,0.540165,0.547075,0.000000,-0.768243,-0.421640,-0.481687,0.000000,0.065373,0.000000,0.066450,1.000000;;
        }

        Frame Bip01_R_Toe0Nub {
         

         FrameTransformMatrix {
          1.000000,0.000000,0.000000,0.000000,-0.000000,1.000000,0.000000,0.000000,-0.000000,0.000000,1.000000,0.000000,0.006735,0.000000,0.000000,1.000000;;
         }
        }
       }
      }
     }
    }
   }

   Frame Bip01_DressFront {
    

    FrameTransformMatrix {
     -0.983318,0.040431,-0.177344,0.000000,0.037280,0.999083,0.021066,0.000000,0.178033,0.014103,-0.983923,0.000000,-0.043227,0.001461,0.056662,1.000000;;
    }

    Frame Bip01_DressFront02 {
     

     FrameTransformMatrix {
      0.999660,0.025930,-0.002552,0.000000,-0.025568,0.995096,0.095549,0.000000,0.005017,-0.095451,0.995422,0.000000,0.183324,0.000013,-0.000131,1.000000;;
     }

     Frame Bip01_DressFrontNub {
      

      FrameTransformMatrix {
       0.000796,0.000003,1.000000,0.000000,0.000000,-1.000000,0.000003,0.000000,1.000000,0.000000,-0.000796,0.000000,0.165302,0.000000,0.000000,1.000000;;
      }
     }
    }
   }

   Frame Bip01_DressBack {
    

    FrameTransformMatrix {
     -0.990890,0.121831,0.057395,0.000000,0.127464,0.985981,0.107677,0.000000,-0.043472,0.114011,-0.992528,0.000000,-0.047726,-0.000016,-0.078280,1.000000;;
    }

    Frame Bip01_DressBack02 {
     

     FrameTransformMatrix {
      0.988615,0.121618,-0.088600,0.000000,-0.114028,0.989730,0.086211,0.000000,0.098175,-0.075127,0.992329,0.000000,0.176148,0.000008,-0.000108,1.000000;;
     }

     Frame Bip01_DressBackNub {
      

      FrameTransformMatrix {
       0.000796,0.000003,1.000000,0.000000,0.000000,-1.000000,0.000003,0.000000,1.000000,-0.000000,-0.000796,0.000000,0.136509,-0.000000,0.000000,1.000000;;
      }
     }
    }
   }
  }

  Frame Bip01_Prop1 {
   

   FrameTransformMatrix {
    0.422404,-0.045727,-0.905253,0.000000,0.725946,-0.580963,0.368083,0.000000,-0.542750,-0.812645,-0.212206,0.000000,0.040939,0.120939,-0.074975,1.000000;;
   }
  }

  Frame Bip01_Prop2 {
   

   FrameTransformMatrix {
    -0.073895,0.286878,0.955113,0.000000,0.997075,0.040016,0.065122,0.000000,-0.019538,0.957131,-0.288996,0.000000,0.132571,0.023464,0.177740,1.000000;;
   }
  }
 }
}

Frame Translation_Data {
 

 FrameTransformMatrix {
  1.000000,0.000000,0.000000,0.000000,0.000000,-0.000000,-1.000000,0.000000,0.000000,1.000000,-0.000000,0.000000,0.000000,0.000000,0.000000,1.000000;;
 }
}

Frame Body {
 

 FrameTransformMatrix {
  1.000000,0.000000,0.000000,0.000000,0.000000,1.000000,0.000000,0.000000,0.000000,0.000000,1.000000,0.000000,0.000000,0.000000,0.000000,1.000000;;
 }

 Mesh Body {
  617;
  -0.008727;0.028505;-0.250136;,
  -0.035734;0.027535;-0.239275;,
  -0.053294;0.037906;-0.266270;,
  0.005386;0.031168;-0.233902;,
  0.019195;0.045091;-0.226458;,
  0.005954;0.022256;-0.185816;,
  -0.015171;0.017173;-0.211195;,
  0.029598;0.062000;-0.198222;,
  -0.068883;0.071413;-0.285489;,
  -0.022987;0.107700;-0.279975;,
  -0.019222;0.069013;-0.277032;,
  -0.057074;0.107671;-0.274853;,
  0.071597;0.099598;-0.039816;,
  0.025287;0.117211;-0.038242;,
  0.030762;0.119640;-0.023901;,
  0.059223;0.100158;-0.051377;,
  0.058564;0.045359;-0.062500;,
  0.076621;0.057184;-0.033082;,
  0.035051;0.011461;-0.059199;,
  0.067184;0.022840;-0.014191;,
  0.041156;0.009732;-0.002195;,
  -0.040776;-0.000357;-0.169139;,
  -0.052199;0.002754;-0.200878;,
  -0.015859;0.111683;-0.028253;,
  -0.009889;0.115636;-0.013129;,
  -0.019835;0.141084;-0.141255;,
  -0.082387;0.132961;-0.167610;,
  -0.068605;0.129524;-0.126616;,
  -0.029685;0.145099;-0.186173;,
  0.076107;0.003533;0.031921;,
  0.162094;0.027130;0.105054;,
  0.131335;-0.007831;0.114384;,
  0.104154;0.045441;0.027029;,
  0.177943;-0.022096;0.198949;,
  0.196511;0.026805;0.192433;,
  0.033997;0.016015;0.056850;,
  0.084014;0.082146;0.154143;,
  0.019253;0.101047;0.084676;,
  0.087027;0.007331;0.141297;,
  0.142477;0.053868;0.219203;,
  0.148084;0.012194;0.218240;,
  0.154503;0.090278;0.117305;,
  0.100449;0.098477;0.058502;,
  0.176876;0.061751;0.198733;,
  0.283906;0.097196;0.446654;,
  0.225843;0.108487;0.458195;,
  0.252792;0.067854;0.460652;,
  0.251687;0.129227;0.447381;,
  0.199783;0.009557;0.252500;,
  0.248587;0.057489;0.306010;,
  0.229465;0.023604;0.318927;,
  0.220566;0.043850;0.238107;,
  0.272371;0.074132;0.380684;,
  0.266375;0.041600;0.389137;,
  0.165473;0.027102;0.285959;,
  0.182125;0.080961;0.324408;,
  0.146923;0.076813;0.268889;,
  0.198485;0.042328;0.333008;,
  0.232738;0.082301;0.383337;,
  0.246482;0.054623;0.400557;,
  0.236954;0.093359;0.298027;,
  0.206387;0.090531;0.230095;,
  0.251135;0.089314;0.369136;,
  0.087330;0.057268;-0.005115;,
  0.002524;-0.006260;0.009429;,
  0.033997;0.016015;0.056850;,
  0.007839;0.000990;0.045559;,
  0.087826;0.109642;0.010386;,
  0.037853;0.129387;0.024341;,
  0.093749;0.101551;0.051931;,
  0.047512;0.117355;0.065984;,
  -0.002925;0.129403;-0.092594;,
  0.014306;0.133685;-0.150803;,
  0.027851;0.121101;-0.160575;,
  0.036567;0.064801;-0.114792;,
  0.035434;0.068825;-0.167474;,
  0.032293;0.114280;-0.106199;,
  0.014511;0.025045;-0.159251;,
  0.023725;0.030538;-0.109602;,
  -0.034352;0.003154;-0.148394;,
  -0.018510;0.012145;-0.092366;,
  0.036475;0.021363;-0.210115;,
  0.083723;0.007462;-0.198313;,
  0.030209;0.073982;-0.200758;,
  0.133765;0.052038;-0.171345;,
  0.086573;0.063910;-0.178425;,
  0.132295;0.006042;-0.186875;,
  0.062846;0.090692;-0.249415;,
  0.086573;0.063910;-0.178425;,
  0.111683;0.083200;-0.236415;,
  0.163452;0.065864;-0.211604;,
  0.133765;0.052038;-0.171345;,
  0.064602;0.085142;-0.259138;,
  0.108586;0.026719;-0.256516;,
  0.062269;0.041108;-0.267503;,
  0.162139;0.019993;-0.227043;,
  0.046470;0.022887;-0.238292;,
  0.131932;-0.003243;-0.170715;,
  0.160640;0.024932;-0.102189;,
  0.134526;0.050515;-0.150621;,
  0.157673;-0.008498;-0.117057;,
  0.181594;0.011816;-0.071398;,
  0.182665;-0.014187;-0.073973;,
  0.134526;0.050515;-0.150621;,
  0.209710;0.025147;-0.131617;,
  0.189031;0.059953;-0.181196;,
  0.160640;0.024932;-0.102189;,
  0.217239;0.008527;-0.087744;,
  0.181594;0.011816;-0.071398;,
  0.206991;-0.000437;-0.143112;,
  0.186432;0.006516;-0.201273;,
  0.216643;-0.009671;-0.089730;,
  0.205894;-0.002405;0.054736;,
  0.242103;0.017796;0.015525;,
  0.201253;0.013902;0.040721;,
  0.246162;0.001694;0.029503;,
  0.186481;0.024654;0.000396;,
  0.192144;0.013167;0.011187;,
  0.196073;0.021638;0.005366;,
  0.179164;0.019700;0.008013;,
  0.227172;0.018797;-0.053165;,
  0.186078;-0.001842;-0.014043;,
  0.237946;0.006077;-0.019729;,
  0.178965;0.018946;-0.040991;,
  0.240015;-0.012624;-0.013090;,
  0.227974;-0.018879;-0.056522;,
  0.177353;-0.019669;-0.044734;,
  0.190011;-0.020519;-0.008371;,
  0.017665;0.067878;-0.275809;,
  0.022739;0.038477;-0.274058;,
  -0.019222;0.069013;-0.277032;,
  -0.014824;0.045184;-0.270414;,
  0.007903;0.139107;-0.200709;,
  -0.050317;0.050505;-0.281398;,
  0.018174;0.020430;-0.252029;,
  0.005386;0.031168;-0.233902;,
  -0.008727;0.028505;-0.250136;,
  0.020701;0.033827;-0.220678;,
  0.006186;0.124558;-0.250162;,
  -0.038308;0.134019;-0.228052;,
  0.008885;0.120220;-0.254891;,
  -0.090775;0.121691;-0.206290;,
  -0.097011;0.089706;-0.256738;,
  -0.022987;0.107700;-0.279975;,
  0.008885;0.120220;-0.254891;,
  0.013194;0.069849;-0.220199;,
  0.015476;0.111246;-0.243342;,
  0.030209;0.073982;-0.200758;,
  0.020129;0.109674;-0.198897;,
  0.024824;0.075355;-0.194393;,
  0.019195;0.045091;-0.226458;,
  0.019563;0.126003;-0.202864;,
  0.178965;0.018946;-0.040991;,
  -0.057258;0.074722;-0.295305;,
  -0.073381;0.089419;-0.290335;,
  -0.097259;0.067298;-0.279624;,
  -0.100269;0.087380;-0.288115;,
  0.190011;-0.020519;-0.008371;,
  0.205894;-0.002405;0.054736;,
  0.246162;0.001694;0.029503;,
  0.180019;0.021165;-0.018159;,
  0.169438;0.004862;-0.001035;,
  0.180019;0.021165;-0.018159;,
  0.193536;0.012299;-0.010711;,
  0.186370;-0.009573;-0.001992;,
  0.186370;-0.009573;-0.001992;,
  0.186481;0.024654;0.000396;,
  0.179164;0.019700;0.008013;,
  0.192144;0.013167;0.011187;,
  0.332473;0.037130;0.425553;,
  0.343624;-0.010964;0.456331;,
  0.333796;-0.010113;0.438953;,
  0.346118;0.039470;0.444507;,
  0.222215;0.090968;0.427811;,
  0.252792;0.067854;0.460652;,
  0.225843;0.108487;0.458195;,
  0.247690;0.059795;0.437411;,
  0.232738;0.082301;0.383337;,
  0.252454;0.114876;0.412029;,
  0.251135;0.089314;0.369136;,
  0.283906;0.097196;0.446654;,
  0.251687;0.129227;0.447381;,
  0.278339;0.088584;0.413136;,
  0.266375;0.041600;0.389137;,
  0.272371;0.074132;0.380684;,
  0.307588;-0.017929;0.450192;,
  0.311235;-0.023899;0.466993;,
  0.346118;0.039470;0.444507;,
  0.311235;-0.023899;0.466993;,
  0.087027;0.007331;0.141297;,
  0.148084;0.012194;0.218240;,
  0.165473;0.027102;0.285959;,
  0.198485;0.042328;0.333008;,
  0.246482;0.054623;0.400557;,
  0.246482;0.054623;0.400557;,
  0.008009;0.048091;0.067589;,
  -0.044267;0.068256;-0.310718;,
  -0.047416;0.044009;-0.299478;,
  -0.040493;0.047353;-0.307660;,
  -0.057842;0.056590;-0.296714;,
  -0.066836;0.083913;-0.325670;,
  -0.086160;0.096985;-0.331851;,
  -0.087805;0.043429;-0.442680;,
  -0.088280;0.010058;-0.434389;,
  -0.105032;0.032920;-0.443762;,
  -0.038009;0.011867;-0.384606;,
  -0.048332;-0.002799;-0.381278;,
  -0.051000;0.016577;-0.410908;,
  -0.037906;0.047477;-0.328868;,
  -0.047357;0.074041;-0.338358;,
  -0.052483;0.074814;-0.320636;,
  -0.062492;0.088933;-0.371114;,
  -0.052308;0.070166;-0.383204;,
  -0.049890;0.037495;-0.418396;,
  -0.057111;0.064447;-0.419659;,
  -0.040965;0.045513;-0.380751;,
  -0.073904;0.101149;-0.372818;,
  -0.095191;0.112445;-0.376997;,
  -0.133603;0.100946;-0.370068;,
  -0.103218;0.098353;-0.422705;,
  -0.136156;0.089399;-0.417920;,
  -0.036628;0.046895;-0.358507;,
  -0.036459;0.030894;-0.319154;,
  -0.035292;0.019547;-0.353251;,
  -0.037446;0.013490;-0.293676;,
  -0.058618;0.012969;-0.283773;,
  -0.047946;-0.004832;-0.287797;,
  -0.063177;0.021390;-0.428254;,
  -0.069703;0.054410;-0.435964;,
  -0.080229;0.090534;-0.424535;,
  -0.090235;0.075675;-0.440058;,
  -0.108933;0.071782;-0.441856;,
  -0.124852;0.064503;-0.440843;,
  -0.119839;0.091500;-0.333523;,
  -0.080229;0.090534;-0.424535;,
  -0.090235;0.075675;-0.440058;,
  -0.042385;0.076824;-0.342148;,
  -0.052157;0.087584;-0.387470;,
  -0.048514;0.097413;-0.368932;,
  -0.051677;0.079691;-0.368486;,
  -0.048514;0.097413;-0.368932;,
  -0.042385;0.076824;-0.342148;,
  -0.052157;0.087584;-0.387470;,
  -0.052308;0.070166;-0.383204;,
  -0.043545;0.065019;-0.360181;,
  -0.047357;0.074041;-0.338358;,
  -0.039941;0.019150;-0.375013;,
  -0.043545;0.065019;-0.360181;,
  -0.050317;0.050505;-0.281398;,
  -0.057258;0.074722;-0.295305;,
  -0.014824;0.045184;-0.270414;,
  -0.066836;0.083913;-0.325670;,
  -0.070475;0.013262;-0.248108;,
  -0.062221;0.010269;-0.224922;,
  -0.006290;0.002394;-0.049739;,
  -0.003075;0.125691;0.033530;,
  0.002844;0.116305;0.065988;,
  0.014240;0.102689;0.089773;,
  -0.072884;0.024527;-0.289679;,
  0.008009;0.048091;0.067589;,
  -0.108933;0.071782;-0.441856;,
  -0.124852;0.064503;-0.440843;,
  -0.040501;0.009150;-0.325229;,
  -0.047670;-0.000875;-0.346906;,
  -0.045435;-0.000930;-0.337514;,
  -0.079936;-0.000250;-0.426383;,
  -0.068668;-0.011186;-0.406363;,
  -0.053105;0.003941;-0.371214;,
  -0.046730;0.118197;-0.078440;,
  -0.014824;0.045184;-0.270414;,
  0.343624;-0.010964;0.456331;,
  -0.042065;-0.000909;-0.316064;,
  -0.039786;0.009061;-0.318656;,
  -0.045083;0.002021;-0.320357;,
  -0.053177;-0.011987;-0.334871;,
  -0.049996;-0.019932;-0.344223;,
  -0.043567;-0.002192;-0.324673;,
  -0.054525;-0.004661;-0.318685;,
  -0.050099;-0.009562;-0.312688;,
  -0.058655;-0.017466;-0.377950;,
  -0.058786;-0.014151;-0.368336;,
  0.015476;0.111246;-0.243342;,
  -0.051070;-0.011457;-0.323174;,
  0.005705;0.086156;-0.223676;,
  0.013194;0.069849;-0.220199;,
  0.019195;0.045091;-0.226458;,
  -0.073904;0.101149;-0.372818;,
  0.199783;0.009557;0.252500;,
  0.156562;0.001457;0.339459;,
  0.122460;-0.010190;0.270644;,
  0.229465;0.023604;0.318927;,
  0.177943;-0.022096;0.198949;,
  0.112514;-0.023951;0.214358;,
  0.131335;-0.007831;0.114384;,
  0.066083;-0.015757;0.132715;,
  0.076107;0.003533;0.031921;,
  0.030885;-0.013003;0.051739;,
  0.041156;0.009732;-0.002195;,
  0.181492;0.005680;0.407409;,
  0.266375;0.041600;0.389137;,
  0.179584;0.100848;0.330317;,
  0.121880;0.065121;0.423957;,
  0.212039;0.109440;0.391392;,
  0.096749;0.074888;0.357713;,
  0.073152;0.077397;0.295123;,
  0.147974;0.091371;0.267802;,
  0.050878;0.085462;0.240984;,
  0.131216;0.081865;0.226130;,
  0.080964;0.096468;0.157227;,
  0.029855;0.102141;0.159945;,
  0.009903;0.112188;0.092497;,
  0.005705;0.086156;-0.223676;,
  -0.133814;0.000385;-0.221772;,
  -0.096532;0.008701;-0.219819;,
  -0.137507;-0.003707;-0.198859;,
  -0.104710;0.022151;-0.250561;,
  -0.135731;-0.002589;-0.178772;,
  -0.092533;-0.008871;-0.154244;,
  -0.135707;0.009756;-0.145231;,
  -0.089933;-0.005986;-0.187270;,
  -0.122140;0.055183;-0.269603;,
  -0.168956;0.066136;-0.236347;,
  -0.142689;0.081150;-0.247456;,
  -0.152251;0.040080;-0.246998;,
  -0.092555;0.087790;-0.013300;,
  -0.057877;0.107084;-0.022304;,
  -0.089160;0.082089;-0.022940;,
  -0.052007;0.113686;-0.010531;,
  -0.079557;0.028540;-0.036030;,
  -0.089248;0.045252;-0.006288;,
  -0.049131;0.001210;-0.043066;,
  -0.068690;0.012389;0.008494;,
  -0.039637;0.003921;0.010856;,
  -0.015859;0.111683;-0.028253;,
  -0.009889;0.115636;-0.013129;,
  -0.114548;0.110392;-0.110826;,
  -0.082387;0.132961;-0.167610;,
  -0.133612;0.112253;-0.152858;,
  -0.068605;0.129524;-0.126616;,
  -0.036786;-0.001167;0.056482;,
  -0.067533;0.002472;0.165747;,
  -0.079815;0.022496;0.067559;,
  -0.022749;-0.009406;0.155316;,
  -0.005981;-0.017849;0.250552;,
  -0.048831;0.012225;0.257281;,
  0.002556;0.038813;0.053395;,
  -0.021467;0.099451;0.163335;,
  0.011853;0.031993;0.152823;,
  -0.004588;0.099332;0.088528;,
  -0.014288;0.068143;0.249921;,
  0.004562;0.030468;0.250864;,
  -0.091551;0.062195;0.172930;,
  -0.087938;0.078119;0.093186;,
  -0.051865;0.052487;0.252623;,
  -0.046897;0.082624;0.519582;,
  -0.024568;0.137987;0.511313;,
  -0.057118;0.125683;0.509285;,
  -0.003869;0.095347;0.523006;,
  -0.012119;0.012867;0.307986;,
  -0.045333;0.043996;0.381948;,
  -0.052129;0.027436;0.309411;,
  -0.007392;0.028560;0.380252;,
  -0.034030;0.064840;0.456671;,
  -0.005302;0.045912;0.459442;,
  0.017721;0.053195;0.317350;,
  -0.004442;0.100586;0.361160;,
  0.010064;0.062930;0.375504;,
  -0.005573;0.098791;0.295325;,
  -0.012388;0.096256;0.440485;,
  0.000491;0.076218;0.464344;,
  -0.061202;0.077247;0.370622;,
  -0.072265;0.070901;0.297175;,
  -0.034496;0.086314;0.437276;,
  -0.090558;0.044471;0.023620;,
  0.002556;0.038813;0.053395;,
  -0.093475;0.096600;0.039672;,
  -0.044915;0.123433;0.037712;,
  -0.086271;0.084287;0.083065;,
  -0.044519;0.113645;0.077329;,
  -0.089903;0.103129;-0.066104;,
  -0.138032;0.084319;-0.101861;,
  -0.145385;0.064962;-0.104919;,
  -0.095057;0.025040;-0.074705;,
  -0.113285;0.070304;-0.061862;,
  -0.126023;0.016504;-0.115601;,
  -0.084463;-0.007028;-0.127453;,
  -0.065878;0.003470;-0.082313;,
  -0.154957;-0.008410;-0.175245;,
  -0.146274;0.044619;-0.178102;,
  -0.176593;-0.019771;-0.130886;,
  -0.204591;0.030871;-0.087677;,
  -0.211466;-0.016732;-0.093527;,
  -0.166196;0.038280;-0.120308;,
  -0.205090;0.057919;-0.186802;,
  -0.227175;0.053093;-0.140985;,
  -0.166196;0.038280;-0.120308;,
  -0.234508;0.037359;-0.073201;,
  -0.204591;0.030871;-0.087677;,
  -0.213284;0.051583;-0.191399;,
  -0.237568;-0.005018;-0.151886;,
  -0.215957;0.006930;-0.195051;,
  -0.241255;-0.010140;-0.078737;,
  -0.182764;-0.009094;-0.186311;,
  -0.201278;-0.019468;-0.116537;,
  -0.132949;0.020961;-0.113317;,
  -0.141737;-0.014590;-0.115832;,
  -0.191464;0.037020;-0.112920;,
  -0.093948;0.011750;-0.111132;,
  -0.091889;-0.012736;-0.111363;,
  -0.191464;0.037020;-0.112920;,
  -0.138060;0.010254;-0.057342;,
  -0.132949;0.020961;-0.113317;,
  -0.198196;0.034760;-0.050757;,
  -0.092721;0.006728;-0.072596;,
  -0.093948;0.011750;-0.111132;,
  -0.145081;-0.016941;-0.059623;,
  -0.207908;-0.021390;-0.054587;,
  -0.092049;-0.013995;-0.073784;,
  0.028645;0.004596;-0.147384;,
  0.003468;0.026460;-0.101071;,
  0.022161;0.015433;-0.101388;,
  0.009618;0.015633;-0.147586;,
  -0.027490;0.017706;-0.145613;,
  -0.014502;0.007544;-0.142700;,
  -0.023500;0.010764;-0.154097;,
  -0.018620;0.016968;-0.138788;,
  -0.057280;0.024474;-0.085400;,
  -0.038672;-0.007411;-0.133173;,
  -0.067456;0.012078;-0.132463;,
  -0.021668;0.013426;-0.087764;,
  -0.013445;-0.004435;-0.084376;,
  -0.057185;-0.011634;-0.074102;,
  -0.068694;-0.025523;-0.122854;,
  -0.030502;-0.024743;-0.127756;,
  -0.180195;0.035799;-0.240933;,
  -0.176519;0.006139;-0.240083;,
  -0.152251;0.040080;-0.246998;,
  -0.142802;0.019115;-0.243092;,
  -0.163151;0.085046;-0.145876;,
  -0.121406;0.028921;-0.260544;,
  -0.161323;-0.010182;-0.222299;,
  -0.137507;-0.003707;-0.198859;,
  -0.154160;0.001992;-0.195275;,
  -0.133814;0.000385;-0.221772;,
  -0.181184;0.070935;-0.192723;,
  -0.183704;0.065711;-0.196138;,
  -0.143868;0.101319;-0.194272;,
  -0.090775;0.121691;-0.206290;,
  -0.097011;0.089706;-0.256738;,
  -0.168956;0.066136;-0.236347;,
  -0.183704;0.065711;-0.196138;,
  -0.145781;0.024869;-0.174803;,
  -0.146274;0.044619;-0.178102;,
  -0.178620;0.058742;-0.187429;,
  -0.154825;0.054381;-0.142813;,
  -0.137503;0.024052;-0.142357;,
  -0.135731;-0.002589;-0.178772;,
  -0.165149;0.067626;-0.143652;,
  -0.067456;0.012078;-0.132463;,
  -0.121180;0.049060;-0.290600;,
  -0.120670;0.070434;-0.286854;,
  -0.097259;0.067298;-0.279624;,
  -0.100269;0.087380;-0.288115;,
  -0.030502;-0.024743;-0.127756;,
  0.028645;0.004596;-0.147384;,
  0.022161;0.015433;-0.101388;,
  -0.046693;0.013513;-0.142164;,
  -0.034778;-0.005629;-0.154915;,
  -0.046693;0.013513;-0.142164;,
  -0.033458;0.007987;-0.131624;,
  -0.027177;-0.015333;-0.136367;,
  -0.027177;-0.015333;-0.136367;,
  -0.027490;0.017706;-0.145613;,
  -0.023500;0.010764;-0.154097;,
  -0.014502;0.007544;-0.142700;,
  -0.024915;0.005693;0.516362;,
  0.014912;-0.020473;0.549736;,
  -0.030751;0.001502;0.538706;,
  0.016361;-0.017134;0.530087;,
  -0.013032;0.122802;0.481654;,
  -0.003869;0.095347;0.523006;,
  0.001662;0.088466;0.499487;,
  -0.024568;0.137987;0.511313;,
  -0.012388;0.096256;0.440485;,
  -0.051336;0.107328;0.476330;,
  -0.034496;0.086314;0.437276;,
  -0.046897;0.082624;0.519582;,
  -0.042373;0.072910;0.486208;,
  -0.057118;0.125683;0.509285;,
  -0.005302;0.045912;0.459442;,
  -0.034030;0.064840;0.456671;,
  0.038303;0.002572;0.532224;,
  0.044245;0.001196;0.549371;,
  -0.030751;0.001502;0.538706;,
  0.044245;0.001196;0.549371;,
  0.011853;0.031993;0.152823;,
  0.004562;0.030468;0.250864;,
  0.017721;0.053195;0.317350;,
  0.010064;0.062930;0.375504;,
  0.000491;0.076218;0.464344;,
  0.000491;0.076218;0.464344;,
  -0.120527;0.018924;-0.294745;,
  -0.094698;0.013423;-0.289575;,
  -0.107357;0.036712;-0.293070;,
  -0.102545;0.007212;-0.294663;,
  -0.130364;0.042817;-0.312364;,
  -0.136595;0.064359;-0.321288;,
  -0.120355;0.022373;-0.435862;,
  -0.105032;0.032920;-0.443762;,
  -0.094104;-0.024420;-0.372857;,
  -0.101029;-0.015786;-0.400429;,
  -0.076379;-0.020943;-0.375403;,
  -0.109681;0.001046;-0.313835;,
  -0.132427;0.019011;-0.320540;,
  -0.126149;0.027160;-0.305207;,
  -0.149421;0.032700;-0.352907;,
  -0.140024;0.013424;-0.364832;,
  -0.122089;-0.009209;-0.403275;,
  -0.121680;-0.006701;-0.363845;,
  -0.143641;0.008471;-0.401535;,
  -0.156520;0.047705;-0.355515;,
  -0.159885;0.070595;-0.363447;,
  -0.133603;0.100946;-0.370068;,
  -0.157559;0.063200;-0.411324;,
  -0.136156;0.089399;-0.417920;,
  -0.118127;-0.005825;-0.341438;,
  -0.092917;-0.017730;-0.341181;,
  -0.092760;-0.005526;-0.307362;,
  -0.069700;-0.007374;-0.286921;,
  -0.105778;-0.006169;-0.419331;,
  -0.134802;0.012298;-0.422329;,
  -0.159618;0.039178;-0.407907;,
  -0.147240;0.038800;-0.428119;,
  -0.124852;0.064503;-0.440843;,
  -0.137435;0.053344;-0.435887;,
  -0.119839;0.091500;-0.333523;,
  -0.159618;0.039178;-0.407907;,
  -0.147240;0.038800;-0.428119;,
  -0.137803;0.015099;-0.322164;,
  -0.156713;0.019948;-0.365572;,
  -0.144467;0.019666;-0.349052;,
  -0.161438;0.024364;-0.345281;,
  -0.161438;0.024364;-0.345281;,
  -0.137803;0.015099;-0.322164;,
  -0.156713;0.019948;-0.365572;,
  -0.140024;0.013424;-0.364832;,
  -0.132098;0.007735;-0.341634;,
  -0.132427;0.019011;-0.320540;,
  -0.097089;-0.017819;-0.363044;,
  -0.132098;0.007735;-0.341634;,
  -0.121406;0.028921;-0.260544;,
  -0.121180;0.049060;-0.290600;,
  -0.142802;0.019115;-0.243092;,
  -0.130364;0.042817;-0.312364;,
  -0.003075;0.125691;0.033530;,
  0.002844;0.116305;0.065988;,
  0.014240;0.102689;0.089773;,
  0.008009;0.048091;0.067589;,
  -0.137435;0.053344;-0.435887;,
  -0.124852;0.064503;-0.440843;,
  -0.073776;-0.012374;-0.318260;,
  -0.068480;-0.014337;-0.342548;,
  -0.066562;-0.014597;-0.333089;,
  -0.077705;-0.011973;-0.366062;,
  -0.046730;0.118197;-0.078440;,
  -0.142802;0.019115;-0.243092;,
  0.014912;-0.020473;0.549736;,
  -0.072076;-0.011828;-0.311893;,
  -0.061675;-0.013595;-0.311956;,
  -0.064388;-0.010467;-0.316313;,
  -0.062454;-0.014410;-0.320717;,
  -0.178620;0.058742;-0.187429;,
  -0.148633;0.042418;-0.179618;,
  -0.145781;0.024869;-0.174803;,
  -0.135731;-0.002589;-0.178772;,
  -0.156520;0.047705;-0.355515;,
  0.034154;0.002021;0.291395;,
  0.091161;-0.000821;0.354784;,
  0.036836;0.009958;0.368162;,
  0.072507;-0.004355;0.279615;,
  0.024826;-0.007900;0.235480;,
  0.057384;-0.011505;0.224959;,
  0.018706;0.000565;0.141644;,
  0.036261;-0.007208;0.137114;,
  0.008322;0.001144;0.052978;,
  0.016311;-0.008330;0.053729;,
  0.002524;-0.006260;0.009429;,
  -0.039637;0.003921;0.010856;,
  0.107851;-0.001604;0.418822;,
  0.046190;0.014663;0.439678;,
  0.005555;0.127389;0.438852;,
  -0.061202;0.077247;0.370622;,
  -0.034484;0.086320;0.437274;,
  -0.003555;0.115433;0.365983;,
  -0.072265;0.070901;0.297175;,
  -0.018442;0.109961;0.298537;,
  -0.020507;0.102292;0.249157;,
  -0.051865;0.052487;0.252623;,
  -0.091551;0.062195;0.172930;,
  -0.026502;0.116069;0.165563;,
  0.002844;0.116305;0.065988;,
  -0.044519;0.113645;0.077329;,
  -0.148633;0.042418;-0.179618;,
  -0.036786;-0.001167;0.056482;,
  -0.022749;-0.009406;0.155316;,
  -0.005981;-0.017849;0.250552;,
  -0.012119;0.012867;0.307986;,
  -0.007392;0.028560;0.380252;,
  -0.005302;0.045912;0.459442;,
  0.154503;0.090278;0.117305;,
  0.047512;0.117355;0.065983;,
  0.100449;0.098477;0.058502;,
  0.176876;0.061751;0.198733;,
  0.206387;0.090531;0.230095;,
  0.236954;0.093359;0.298027;,
  0.251135;0.089314;0.369136;,
  -0.087938;0.078119;0.093186;;
  916;
  3;0,1,2;,
  3;1,0,3;,
  3;4,5,6;,
  3;5,4,7;,
  3;8,9,10;,
  3;9,8,11;,
  3;12,13,14;,
  3;13,12,15;,
  3;16,12,17;,
  3;12,16,15;,
  3;18,19,20;,
  3;19,18,16;,
  3;6,21,22;,
  3;21,6,5;,
  3;14,23,24;,
  3;23,14,13;,
  3;25,26,27;,
  3;26,25,28;,
  3;29,30,31;,
  3;30,29,32;,
  3;30,33,31;,
  3;33,30,34;,
  3;35,36,37;,
  3;36,35,38;,
  3;38,39,36;,
  3;39,38,40;,
  3;37,41,42;,
  3;41,37,36;,
  3;36,43,41;,
  3;43,36,39;,
  3;42,30,32;,
  3;30,42,41;,
  3;41,34,30;,
  3;34,41,43;,
  3;44,45,46;,
  3;45,44,47;,
  3;48,49,50;,
  3;49,48,51;,
  3;50,52,53;,
  3;52,50,49;,
  3;54,55,56;,
  3;55,54,57;,
  3;57,58,55;,
  3;58,57,59;,
  3;56,60,61;,
  3;60,56,55;,
  3;55,62,60;,
  3;62,55,58;,
  3;61,49,51;,
  3;49,61,60;,
  3;60,52,49;,
  3;52,60,62;,
  3;32,19,63;,
  3;19,32,29;,
  3;64,65,66;,
  3;65,64,20;,
  3;14,67,12;,
  3;67,14,68;,
  3;68,69,67;,
  3;69,68,70;,
  3;70,42,69;,
  3;42,70,37;,
  3;48,34,51;,
  3;34,48,33;,
  3;51,43,61;,
  3;43,51,34;,
  3;43,56,61;,
  3;56,43,39;,
  3;39,54,56;,
  3;54,39,40;,
  3;12,63,17;,
  3;63,12,67;,
  3;67,32,63;,
  3;32,67,69;,
  3;69,42,32;,
  3;71,72,25;,
  3;73,74,75;,
  3;74,73,76;,
  3;74,77,75;,
  3;77,74,78;,
  3;79,78,80;,
  3;78,79,77;,
  3;81,82,83;,
  3;82,84,85;,
  3;84,82,86;,
  3;87,88,89;,
  3;88,90,89;,
  3;90,88,91;,
  3;92,93,94;,
  3;92,89,93;,
  3;92,87,89;,
  3;89,95,93;,
  3;95,89,90;,
  3;96,93,82;,
  3;93,86,82;,
  3;86,93,95;,
  3;97,98,99;,
  3;98,97,100;,
  3;100,101,98;,
  3;101,100,102;,
  3;103,104,105;,
  3;104,103,106;,
  3;106,107,104;,
  3;107,106,108;,
  3;105,109,110;,
  3;109,105,104;,
  3;104,111,109;,
  3;111,104,107;,
  3;110,100,97;,
  3;100,110,109;,
  3;109,102,100;,
  3;102,109,111;,
  3;112,113,114;,
  3;113,112,115;,
  3;116,117,118;,
  3;117,116,119;,
  3;120,121,122;,
  3;121,120,123;,
  3;120,124,125;,
  3;124,120,122;,
  3;126,124,127;,
  3;124,126,125;,
  3;95,97,86;,
  3;97,95,110;,
  3;86,99,84;,
  3;99,86,97;,
  3;90,103,105;,
  3;103,90,91;,
  3;105,95,90;,
  3;95,105,110;,
  3;128,96,129;,
  3;96,128,94;,
  3;129,130,128;,
  3;130,129,131;,
  3;72,28,25;,
  3;28,72,132;,
  3;10,133,8;,
  3;134,135,136;,
  3;135,134,137;,
  3;81,137,134;,
  3;138,11,139;,
  3;138,9,11;,
  3;138,140,9;,
  3;141,11,142;,
  3;11,141,139;,
  3;128,130,143;,
  3;94,144,92;,
  3;94,143,144;,
  3;94,128,143;,
  3;145,87,146;,
  3;87,145,147;,
  3;75,148,73;,
  3;148,75,149;,
  3;150,147,145;,
  3;7,149,75;,
  3;148,151,73;,
  3;102,152,101;,
  3;152,102,126;,
  3;102,125,126;,
  3;125,102,111;,
  3;111,120,125;,
  3;120,111,107;,
  3;120,108,123;,
  3;108,120,107;,
  3;8,153,154;,
  3;153,8,133;,
  3;154,155,8;,
  3;155,154,156;,
  3;122,114,113;,
  3;114,122,121;,
  3;121,112,114;,
  3;112,121,157;,
  3;158,124,159;,
  3;124,158,127;,
  3;159,122,113;,
  3;122,159,124;,
  3;126,160,152;,
  3;160,126,161;,
  3;162,121,123;,
  3;121,162,163;,
  3;121,164,157;,
  3;164,121,163;,
  3;165,126,127;,
  3;126,165,161;,
  3;161,166,160;,
  3;166,161,167;,
  3;162,118,163;,
  3;118,162,116;,
  3;163,117,164;,
  3;117,163,118;,
  3;165,167,161;,
  3;167,165,168;,
  3;169,170,171;,
  3;170,169,172;,
  3;173,174,175;,
  3;174,173,176;,
  3;177,178,179;,
  3;178,177,173;,
  3;180,178,181;,
  3;178,180,182;,
  3;183,169,171;,
  3;169,183,184;,
  3;174,185,186;,
  3;185,174,176;,
  3;46,187,44;,
  3;187,46,188;,
  3;180,169,182;,
  3;169,180,172;,
  3;20,29,65;,
  3;19,29,20;,
  3;29,31,189;,
  3;31,190,189;,
  3;190,31,33;,
  3;33,191,190;,
  3;191,33,48;,
  3;191,50,192;,
  3;50,191,48;,
  3;192,53,193;,
  3;53,192,50;,
  3;194,171,185;,
  3;171,194,183;,
  3;171,186,185;,
  3;186,171,170;,
  3;185,176,194;,
  3;194,173,177;,
  3;173,194,176;,
  3;178,175,181;,
  3;175,178,173;,
  3;179,182,184;,
  3;182,179,178;,
  3;182,169,184;,
  3;16,17,19;,
  3;17,63,19;,
  3;65,195,66;,
  3;196,197,198;,
  3;197,196,199;,
  3;200,154,153;,
  3;154,200,201;,
  3;202,203,204;,
  3;205,206,207;,
  3;196,208,209;,
  3;208,196,198;,
  3;210,209,211;,
  3;209,210,196;,
  3;212,213,214;,
  3;213,212,215;,
  3;212,214,211;,
  3;201,216,217;,
  3;216,201,200;,
  3;218,219,220;,
  3;219,218,217;,
  3;210,199,196;,
  3;213,205,207;,
  3;221,222,223;,
  3;198,197,224;,
  3;224,225,226;,
  3;225,224,197;,
  3;227,213,207;,
  3;228,229,214;,
  3;229,228,230;,
  3;220,231,232;,
  3;213,228,214;,
  3;156,201,233;,
  3;201,156,154;,
  3;233,217,218;,
  3;217,233,201;,
  3;219,217,234;,
  3;235,219,234;,
  3;236,237,238;,
  3;237,236,239;,
  3;209,240,211;,
  3;240,209,241;,
  3;211,242,212;,
  3;242,211,240;,
  3;243,239,244;,
  3;239,243,237;,
  3;244,236,245;,
  3;236,244,239;,
  3;246,221,223;,
  3;221,246,215;,
  3;221,212,247;,
  3;212,221,215;,
  3;199,248,2;,
  3;248,199,249;,
  3;133,10,250;,
  3;249,210,251;,
  3;210,249,199;,
  3;210,211,251;,
  3;252,1,253;,
  3;1,252,2;,
  3;20,254,18;,
  3;254,20,64;,
  3;24,68,14;,
  3;68,24,255;,
  3;68,256,70;,
  3;256,68,255;,
  3;256,37,70;,
  3;37,256,257;,
  3;258,2,252;,
  3;2,258,199;,
  3;257,259,37;,
  3;37,259,35;,
  3;260,204,261;,
  3;204,260,202;,
  3;262,263,223;,
  3;263,262,264;,
  3;197,258,225;,
  3;258,197,199;,
  3;265,203,227;,
  3;265,207,266;,
  3;207,265,227;,
  3;223,267,246;,
  3;267,223,263;,
  3;88,87,147;,
  3;83,82,85;,
  3;78,16,18;,
  3;16,78,74;,
  3;74,15,16;,
  3;15,74,76;,
  3;15,71,13;,
  3;71,15,76;,
  3;13,268,23;,
  3;268,13,71;,
  3;248,269,2;,
  3;2,269,0;,
  3;136,129,134;,
  3;129,136,131;,
  3;134,96,81;,
  3;96,134,129;,
  3;96,82,81;,
  3;93,96,94;,
  3;29,189,65;,
  3;205,215,246;,
  3;267,205,246;,
  3;205,267,206;,
  3;205,213,215;,
  3;187,188,270;,
  3;224,271,272;,
  3;222,221,208;,
  3;224,222,198;,
  3;272,273,262;,
  3;273,272,271;,
  3;263,274,275;,
  3;273,276,262;,
  3;277,271,278;,
  3;271,277,273;,
  3;222,272,262;,
  3;272,222,224;,
  3;222,208,198;,
  3;209,221,247;,
  3;221,209,208;,
  3;223,222,262;,
  3;266,206,279;,
  3;206,266,207;,
  3;206,280,279;,
  3;280,206,267;,
  3;280,263,275;,
  3;263,280,267;,
