xof 0303txt 0032
template ColorRGBA {
 <35ff44e0-6c7c-11cf-8f52-0040333594a3>
 FLOAT red;
 FLOAT green;
 FLOAT blue;
 FLOAT alpha;
}

template ColorRGB {
 <d3e16e81-7835-11cf-8f52-0040333594a3>
 FLOAT red;
 FLOAT green;
 FLOAT blue;
}

template Material {
 <3d82ab4d-62da-11cf-ab39-0020af71e433>
 ColorRGBA faceColor;
 FLOAT power;
 ColorRGB specularColor;
 ColorRGB emissiveColor;
 [...]
}

template TextureFilename {
 <a42790e1-7810-11cf-8f52-0040333594a3>
 STRING filename;
}

template Frame {
 <3d82ab46-62da-11cf-ab39-0020af71e433>
 [...]
}

template Matrix4x4 {
 <f6f23f45-7686-11cf-8f52-0040333594a3>
 array FLOAT matrix[16];
}

template FrameTransformMatrix {
 <f6f23f41-7686-11cf-8f52-0040333594a3>
 Matrix4x4 frameMatrix;
}

template Vector {
 <3d82ab5e-62da-11cf-ab39-0020af71e433>
 FLOAT x;
 FLOAT y;
 FLOAT z;
}

template MeshFace {
 <3d82ab5f-62da-11cf-ab39-0020af71e433>
 DWORD nFaceVertexIndices;
 array DWORD faceVertexIndices[nFaceVertexIndices];
}

template Mesh {
 <3d82ab44-62da-11cf-ab39-0020af71e433>
 DWORD nVertices;
 array Vector vertices[nVertices];
 DWORD nFaces;
 array MeshFace faces[nFaces];
 [...]
}

template MeshMaterialList {
 <f6f23f42-7686-11cf-8f52-0040333594a3>
 DWORD nMaterials;
 DWORD nFaceIndexes;
 array DWORD faceIndexes[nFaceIndexes];
 [Material <3d82ab4d-62da-11cf-ab39-0020af71e433>]
}

template VertexElement {
 <f752461c-1e23-48f6-b9f8-8350850f336f>
 DWORD Type;
 DWORD Method;
 DWORD Usage;
 DWORD UsageIndex;
}

template DeclData {
 <bf22e553-292c-4781-9fea-62bd554bdd93>
 DWORD nElements;
 array VertexElement Elements[nElements];
 DWORD nDWords;
 array DWORD data[nDWords];
}

template XSkinMeshHeader {
 <3cf169ce-ff7c-44ab-93c0-f78f62d172e2>
 WORD nMaxSkinWeightsPerVertex;
 WORD nMaxSkinWeightsPerFace;
 WORD nBones;
}

template SkinWeights {
 <6f0d123b-bad2-4167-a0d0-80224f25fabb>
 STRING transformNodeName;
 DWORD nWeights;
 array DWORD vertexIndices[nWeights];
 array FLOAT weights[nWeights];
 Matrix4x4 matrixOffset;
}

template AnimTicksPerSecond {
 <9e415a43-7ba6-4a73-8743-b73d47e88476>
 DWORD AnimTicksPerSecond;
}

template Animation {
 <3d82ab4f-62da-11cf-ab39-0020af71e433>
 [...]
}

template AnimationSet {
 <3d82ab50-62da-11cf-ab39-0020af71e433>
 [Animation <3d82ab4f-62da-11cf-ab39-0020af71e433>]
}

template FloatKeys {
 <10dd46a9-775b-11cf-8f52-0040333594a3>
 DWORD nValues;
 array FLOAT values[nValues];
}

template TimedFloatKeys {
 <f406b180-7b3b-11cf-8f52-0040333594a3>
 DWORD time;
 FloatKeys tfkeys;
}

template AnimationKey {
 <10dd46a8-775b-11cf-8f52-0040333594a3>
 DWORD keyType;
 DWORD nKeys;
 array TimedFloatKeys keys[nKeys];
}


Material _03_-_Default {
 1.000000;1.000000;1.000000;1.000000;;
 9.999999;
 0.000000;0.000000;0.000000;;
 0.000000;0.000000;0.000000;;

 TextureFilename {
  "MaleBody_full.png";
 }
}

Frame Dummy01 {
 

 FrameTransformMatrix {
  1.000000,0.000000,0.000000,0.000000,0.000000,-0.000000,-1.000000,0.000000,0.000000,1.000000,-0.000000,0.000000,0.000000,0.000000,0.000000,1.000000;;
 }

 Frame Bip01 {
  

  FrameTransformMatrix {
   0.519040,0.852675,0.059517,0.000000,0.068204,-0.110725,0.991508,0.000000,0.852025,-0.510573,-0.115627,0.000000,0.000000,0.042143,0.482064,1.000000;;
  }

  Frame Bip01_Pelvis {
   

   FrameTransformMatrix {
    0.000000,1.000000,-0.000001,0.000000,-0.000001,0.000001,1.000000,0.000000,1.000000,0.000000,0.000001,0.000000,0.000000,0.000000,0.000000,1.000000;;
   }

   Frame Bip01_Spine {
    

    FrameTransformMatrix {
     0.997770,-0.029070,-0.060089,0.000000,0.029017,0.999577,-0.001767,0.000000,0.060115,0.000019,0.998191,0.000000,0.051628,0.000000,-0.000085,1.000000;;
    }

    Frame Bip01_Spine1 {
     

     FrameTransformMatrix {
      0.974314,-0.141472,0.175210,0.000000,0.115540,0.981865,0.150303,0.000000,-0.193296,-0.126199,0.972990,0.000000,0.106496,0.000011,-0.000083,1.000000;;
     }

     Frame Bip01_Neck {
      

      FrameTransformMatrix {
       0.903366,0.000001,0.428870,0.000000,-0.000001,1.000000,-0.000000,0.000000,-0.428870,-0.000000,0.903366,0.000000,0.130516,0.000000,0.004628,1.000000;;
      }

      Frame Bip01_Head {
       

       FrameTransformMatrix {
        0.964007,-0.258518,0.062114,0.000000,0.232159,0.932327,0.277251,0.000000,-0.129585,-0.252852,0.958787,0.000000,0.033674,0.000000,0.000000,1.000000;;
       }

       Frame Bip01_HeadNub {
        

        FrameTransformMatrix {
         1.000000,0.000000,0.000000,0.000000,0.000000,1.000000,0.000000,0.000000,-0.000000,0.000000,1.000000,0.000000,0.169824,0.000000,0.000000,1.000000;;
        }
       }
      }

      Frame Bip01_L_Clavicle {
       

       FrameTransformMatrix {
        -0.322829,0.945609,0.040058,0.000000,0.844617,0.306933,-0.438651,0.000000,-0.427087,-0.107776,-0.897764,0.000000,-0.023698,0.015715,0.006128,1.000000;;
       }

       Frame Bip01_L_UpperArm {
        

        FrameTransformMatrix {
         0.470464,-0.881425,0.041871,0.000000,0.708999,0.349330,-0.612609,0.000000,0.525342,0.317897,0.789277,0.000000,0.087086,-0.000000,0.000000,1.000000;;
        }

        Frame Bip01_L_Forearm {
         

         FrameTransformMatrix {
          0.854620,0.000000,-0.519253,0.000000,-0.000000,1.000000,0.000000,0.000000,0.519253,0.000000,0.854620,0.000000,0.137062,0.000000,-0.000000,1.000000;;
         }

         Frame Bip01_L_Hand {
          

          FrameTransformMatrix {
           0.986455,0.028324,-0.161569,0.000000,0.164014,-0.185233,0.968911,0.000000,-0.002485,-0.982286,-0.187370,0.000000,0.137062,0.000000,0.000000,1.000000;;
          }

          Frame Bip01_L_Finger0 {
           

           FrameTransformMatrix {
            0.829256,-0.514255,0.218807,0.000000,0.558537,0.749101,-0.356210,0.000000,0.019274,0.417601,0.908427,0.000000,0.057681,-0.023605,-0.000272,1.000000;;
           }

           Frame Bip01_L_Finger0Nub {
            

            FrameTransformMatrix {
             1.000000,0.000000,-0.000000,0.000000,0.000000,1.000000,0.000000,0.000000,0.000000,0.000000,1.000000,0.000000,0.029435,0.000000,0.000000,1.000000;;
            }
           }
          }

          Frame Bip01_L_Finger1 {
           

           FrameTransformMatrix {
            0.989590,-0.000115,0.143914,0.000000,0.000000,1.000000,0.000796,0.000000,-0.143914,-0.000788,0.989590,0.000000,0.084102,0.000000,0.000000,1.000000;;
           }

           Frame Bip01_L_Finger1Nub {
            

            FrameTransformMatrix {
             1.000000,0.000000,0.000000,0.000000,0.000000,1.000000,0.000000,0.000000,0.000000,-0.000000,1.000000,0.000000,0.047988,0.000000,0.000000,1.000000;;
            }
           }
          }
         }
        }
       }
      }

      Frame Bip01_R_Clavicle {
       

       FrameTransformMatrix {
        -0.406482,-0.912663,0.042634,0.000000,-0.808852,0.381163,0.447743,0.000000,-0.424889,0.147515,-0.893145,0.000000,-0.023698,-0.015714,0.006128,1.000000;;
       }

       Frame Bip01_R_UpperArm {
        

        FrameTransformMatrix {
         0.581206,0.809320,-0.084858,0.000000,-0.670130,0.535174,0.514310,0.000000,0.461655,-0.242054,0.853396,0.000000,0.087086,0.000000,-0.000000,1.000000;;
        }

        Frame Bip01_R_Forearm {
         

         FrameTransformMatrix {
          0.960018,0.000000,-0.279939,0.000000,0.000000,1.000000,-0.000000,0.000000,0.279939,-0.000000,0.960018,0.000000,0.137062,0.000000,-0.000000,1.000000;;
         }

         Frame Bip01_R_Hand {
          

          FrameTransformMatrix {
           0.945748,0.207069,0.250364,0.000000,0.185184,0.289610,-0.939060,0.000000,-0.266958,0.934478,0.235552,0.000000,0.137062,-0.000000,0.000000,1.000000;;
          }

          Frame Bip01_R_Finger0 {
           

           FrameTransformMatrix {
            0.829256,0.514255,0.218807,0.000000,-0.558537,0.749101,0.356210,0.000000,0.019274,-0.417601,0.908427,0.000000,0.057681,0.023605,-0.000272,1.000000;;
           }

           Frame Bip01_R_Finger0Nub {
            

            FrameTransformMatrix {
             -1.000000,0.000000,-0.000000,0.000000,0.000000,1.000000,0.000000,0.000000,0.000000,-0.000000,-1.000000,0.000000,0.029435,0.000000,0.000000,1.000000;;
            }
           }
          }

          Frame Bip01_R_Finger1 {
           

           FrameTransformMatrix {
            0.989590,0.000115,0.143914,0.000000,0.000000,1.000000,-0.000796,0.000000,-0.143914,0.000788,0.989590,0.000000,0.084102,-0.000000,0.000000,1.000000;;
           }

           Frame Bip01_R_Finger1Nub {
            

            FrameTransformMatrix {
             -1.000000,-0.000000,0.000000,0.000000,0.000000,1.000000,-0.000000,0.000000,-0.000000,0.000000,-1.000000,0.000000,0.047988,0.000000,0.000000,1.000000;;
            }
           }
          }
         }
        }
       }
      }
     }

     Frame Bip01_BackPack {
      

      FrameTransformMatrix {
       0.180560,0.080500,-0.980264,0.000000,0.047560,0.994765,0.090451,0.000000,0.982413,-0.062954,0.175786,0.000000,0.063696,0.000003,-0.088856,1.000000;;
      }

      Frame Bip01_BackPackNub {
       

       FrameTransformMatrix {
        0.000796,0.000003,1.000000,0.000000,-0.000000,-1.000000,0.000003,0.000000,1.000000,0.000000,-0.000796,0.000000,0.053240,0.000000,0.000000,1.000000;;
       }
      }
     }
    }

    Frame Bip01_L_Thigh {
     

     FrameTransformMatrix {
      -0.940567,0.240981,-0.239297,0.000000,-0.219999,-0.969137,-0.111243,0.000000,-0.258719,-0.051987,0.964553,0.000000,-0.053124,0.053704,-0.003018,1.000000;;
     }

     Frame Bip01_L_Calf {
      

      FrameTransformMatrix {
       0.920212,0.000000,-0.391419,0.000000,0.000000,1.000000,0.000000,0.000000,0.391419,-0.000000,0.920213,0.000000,0.237500,0.000000,-0.000000,1.000000;;
      }

      Frame Bip01_L_Foot {
       

       FrameTransformMatrix {
        0.855034,0.147973,0.497012,0.000000,-0.176150,0.984313,0.009985,0.000000,-0.487737,-0.096086,0.867686,0.000000,0.206841,-0.000000,-0.000000,1.000000;;
       }

       Frame Bip01_L_Toe0 {
        

        FrameTransformMatrix {
         0.000001,0.000000,1.000000,0.000000,-0.000000,1.000000,-0.000000,0.000000,-1.000000,-0.000000,0.000001,0.000000,0.065373,0.000000,0.066450,1.000000;;
        }

        Frame Bip01_L_Toe0Nub {
         

         FrameTransformMatrix {
          -1.000000,-0.000000,0.000000,0.000000,-0.000000,1.000000,-0.000000,0.000000,-0.000000,0.000000,-1.000000,0.000000,0.006735,-0.000000,-0.000000,1.000000;;
         }
        }
       }
      }
     }
    }

    Frame Bip01_R_Thigh {
     

     FrameTransformMatrix {
      -0.960964,0.011111,0.276450,0.000000,-0.019384,-0.999442,-0.027214,0.000000,0.275993,-0.031510,0.960643,0.000000,-0.049913,-0.056700,-0.003020,1.000000;;
     }

     Frame Bip01_R_Calf {
      

      FrameTransformMatrix {
       0.831096,-0.000000,-0.556129,0.000000,-0.000000,1.000000,0.000000,0.000000,0.556129,0.000000,0.831096,0.000000,0.237500,0.000000,-0.000000,1.000000;;
      }

      Frame Bip01_R_Foot {
       

       FrameTransformMatrix {
        0.968276,-0.117709,0.220421,0.000000,0.093773,0.988800,0.116107,0.000000,-0.231619,-0.091754,0.968470,0.000000,0.206841,-0.000000,0.000000,1.000000;;
       }

       Frame Bip01_R_Toe0 {
        

        FrameTransformMatrix {
         0.020043,-0.518758,0.854687,0.000000,0.028218,0.854811,0.518172,0.000000,-0.999401,0.013731,0.031772,0.000000,0.065373,-0.000000,0.066450,1.000000;;
        }

        Frame Bip01_R_Toe0Nub {
         

         FrameTransformMatrix {
          1.000000,-0.000000,0.000000,0.000000,0.000000,1.000000,0.000000,0.000000,0.000000,-0.000000,1.000000,0.000000,0.006735,-0.000000,0.000000,1.000000;;
         }
        }
       }
      }
     }
    }
   }

   Frame Bip01_DressFront {
    

    FrameTransformMatrix {
     -0.977642,0.209920,0.012270,0.000000,0.181202,0.870629,-0.457352,0.000000,-0.106690,-0.444903,-0.889201,0.000000,-0.043986,0.001464,0.061071,1.000000;;
    }

    Frame Bip01_DressFront02 {
     

     FrameTransformMatrix {
      0.995078,-0.070512,0.069625,0.000000,0.071337,0.997408,-0.009431,0.000000,-0.068779,0.014351,0.997529,0.000000,0.183333,-0.000002,-0.000131,1.000000;;
     }

     Frame Bip01_DressFrontNub {
      

      FrameTransformMatrix {
       0.000796,0.000003,1.000000,0.000000,0.000000,-1.000000,0.000003,0.000000,1.000000,-0.000000,-0.000796,0.000000,0.165302,-0.000000,-0.000000,1.000000;;
      }
     }
    }
   }

   Frame Bip01_DressBack {
    

    FrameTransformMatrix {
     -0.977752,0.164135,0.130614,0.000000,0.105689,0.923343,-0.369145,0.000000,-0.181191,-0.347128,-0.920148,0.000000,-0.047707,0.000049,-0.078290,1.000000;;
    }

    Frame Bip01_DressBack02 {
     

     FrameTransformMatrix {
      0.907632,0.239380,0.344822,0.000000,-0.281871,0.956270,0.078079,0.000000,-0.311052,-0.168063,0.935415,0.000000,0.176193,0.000018,-0.000102,1.000000;;
     }

     Frame Bip01_DressBackNub {
      

      FrameTransformMatrix {
       0.000796,0.000003,1.000000,0.000000,-0.000000,-1.000000,0.000003,0.000000,1.000000,0.000000,-0.000796,0.000000,0.136508,0.000000,0.000000,1.000000;;
      }
     }
    }
   }
  }

  Frame Bip01_Prop1 {
   

   FrameTransformMatrix {
    0.422404,-0.045727,-0.905253,0.000000,0.725946,-0.580963,0.368083,0.000000,-0.542750,-0.812645,-0.212206,0.000000,-0.012202,-0.054702,-0.115579,1.000000;;
   }
  }

  Frame Bip01_Prop2 {
   

   FrameTransformMatrix {
    -0.073895,0.286878,0.955113,0.000000,0.997075,0.040017,0.065122,0.000000,-0.019538,0.957131,-0.288996,0.000000,0.022972,-0.007612,0.125840,1.000000;;
   }
  }
 }
}

Frame Translation_Data {
 

 FrameTransformMatrix {
  1.000000,0.000000,0.000000,0.000000,0.000000,-0.000000,-1.000000,0.000000,0.000000,1.000000,-0.000000,0.000000,0.000000,0.000000,0.000000,1.000000;;
 }
}

Frame Body {
 

 FrameTransformMatrix {
  1.000000,0.000000,0.000000,0.000000,0.000000,1.000000,0.000000,0.000000,0.000000,0.000000,1.000000,0.000000,0.000000,0.000000,0.000000,1.000000;;
 }

 Mesh Body {
  617;
  0.076782;0.742674;-0.022759;,
  0.045732;0.739204;-0.043477;,
  0.033467;0.768519;-0.031686;,
  0.086000;0.723531;-0.022884;,
  0.093924;0.714114;-0.023443;,
  0.077123;0.675752;-0.049694;,
  0.060670;0.708218;-0.055114;,
  0.096899;0.678243;-0.006350;,
  0.018840;0.789910;0.002122;,
  0.054574;0.767165;0.045892;,
  0.058900;0.766605;0.018822;,
  0.023757;0.771220;0.037979;,
  0.054325;0.519074;0.038830;,
  0.010691;0.529885;0.034796;,
  0.006160;0.517736;0.037969;,
  0.051013;0.530400;0.033518;,
  0.075662;0.536155;-0.016666;,
  0.075004;0.506188;0.003111;,
  0.067683;0.537120;-0.057577;,
  0.076153;0.486003;-0.032712;,
  0.056228;0.481025;-0.055862;,
  0.031604;0.673859;-0.079259;,
  0.024166;0.708076;-0.073897;,
  -0.025944;0.532503;0.012505;,
  -0.029820;0.518375;0.015842;,
  0.020569;0.629698;0.060124;,
  -0.028576;0.672570;0.047386;,
  -0.027382;0.631475;0.039995;,
  0.024694;0.675554;0.067510;,
  0.068838;0.431101;-0.045447;,
  0.099240;0.339673;0.019279;,
  0.078392;0.332994;-0.022866;,
  0.082154;0.436254;0.003052;,
  0.083016;0.236116;-0.006182;,
  0.088510;0.249821;0.044298;,
  0.015828;0.427495;-0.045418;,
  -0.004251;0.342390;0.047828;,
  -0.028464;0.415309;0.013948;,
  0.024446;0.330675;-0.021531;,
  0.023246;0.255452;0.052544;,
  0.039648;0.241292;0.016650;,
  0.070099;0.350247;0.076150;,
  0.049457;0.422310;0.052838;,
  0.059621;0.262598;0.069580;,
  0.049200;0.001004;0.157161;,
  -0.008426;0.001559;0.174797;,
  0.012728;0.000984;0.130802;,
  0.021292;0.001533;0.193014;,
  0.067396;0.191075;0.040432;,
  0.069847;0.142209;0.112186;,
  0.056875;0.127118;0.076344;,
  0.082350;0.206940;0.077034;,
  0.051161;0.072464;0.149470;,
  0.047476;0.062687;0.116681;,
  0.018023;0.181159;0.048700;,
  -0.000892;0.159534;0.110595;,
  -0.002855;0.219482;0.083372;,
  0.019178;0.133032;0.083595;,
  0.012273;0.086783;0.149194;,
  0.021036;0.062254;0.128997;,
  0.054189;0.165455;0.138647;,
  0.061648;0.234775;0.112262;,
  0.033821;0.093263;0.159106;,
  0.075553;0.476560;0.007438;,
  0.026920;0.478855;-0.087793;,
  0.015828;0.427495;-0.045418;,
  0.017299;0.443816;-0.079673;,
  0.048466;0.467910;0.054075;,
  -0.006720;0.470961;0.048870;,
  0.045191;0.429025;0.050760;,
  -0.005708;0.432293;0.045557;,
  0.018752;0.580103;0.045822;,
  0.056853;0.628812;0.058919;,
  0.074741;0.634820;0.049654;,
  0.077254;0.590314;-0.007156;,
  0.093656;0.642546;0.000207;,
  0.059106;0.581738;0.039478;,
  0.079834;0.644025;-0.046782;,
  0.071758;0.590991;-0.043799;,
  0.036299;0.648883;-0.076003;,
  0.031611;0.589524;-0.072043;,
  0.111161;0.693100;-0.008255;,
  0.125692;0.645982;0.003306;,
  0.057865;0.697580;-0.002334;,
  0.080786;0.588854;0.021061;,
  0.066503;0.637457;0.007035;,
  0.128838;0.595408;0.018079;,
  0.060522;0.697723;0.058533;,
  0.066503;0.637457;0.007035;,
  0.068794;0.649146;0.072024;,
  0.082568;0.594918;0.074709;,
  0.080786;0.588854;0.021061;,
  0.068950;0.701032;0.065349;,
  0.128054;0.657990;0.068320;,
  0.112909;0.703928;0.056770;,
  0.130483;0.601365;0.071796;,
  0.119460;0.699996;0.019669;,
  0.134416;0.577522;0.007041;,
  0.093733;0.510145;-0.003868;,
  0.078050;0.566975;0.010501;,
  0.129213;0.519381;-0.005682;,
  0.101943;0.471416;-0.010387;,
  0.127109;0.469900;-0.012705;,
  0.078050;0.566975;0.010501;,
  0.106606;0.502367;0.051337;,
  0.082995;0.557418;0.072635;,
  0.093733;0.510145;-0.003868;,
  0.110234;0.461131;0.026479;,
  0.101943;0.471416;-0.010387;,
  0.133735;0.509804;0.049671;,
  0.139065;0.567956;0.069315;,
  0.130128;0.461387;0.023857;,
  0.124290;0.359345;-0.077451;,
  0.097153;0.362959;-0.027378;,
  0.106425;0.371656;-0.073823;,
  0.114837;0.351047;-0.031441;,
  0.110751;0.414179;-0.076415;,
  0.124924;0.406140;-0.072545;,
  0.114231;0.403850;-0.073769;,
  0.121018;0.418401;-0.080004;,
  0.094407;0.427599;0.008269;,
  0.118625;0.424362;-0.046941;,
  0.106779;0.394863;-0.004813;,
  0.098032;0.450114;-0.035913;,
  0.125370;0.387794;-0.006399;,
  0.131866;0.428168;0.013558;,
  0.136600;0.452524;-0.032119;,
  0.137040;0.416797;-0.046495;,
  0.082494;0.755615;0.037439;,
  0.101488;0.755825;0.014329;,
  0.058900;0.766605;0.018822;,
  0.067709;0.761758;-0.002966;,
  0.065187;0.680124;0.067553;,
  0.038299;0.782664;-0.017640;,
  0.104505;0.738615;-0.007887;,
  0.086000;0.723531;-0.022884;,
  0.076782;0.742674;-0.022759;,
  0.095506;0.712728;-0.008286;,
  0.071245;0.729100;0.060752;,
  0.028671;0.719137;0.060338;,
  0.074894;0.733018;0.058221;,
  -0.025544;0.711270;0.040917;,
  -0.016875;0.764517;0.014528;,
  0.054574;0.767165;0.045892;,
  0.074894;0.733018;0.058221;,
  0.081375;0.706083;0.004243;,
  0.077114;0.721817;0.049996;,
  0.057865;0.697580;-0.002334;,
  0.080868;0.677528;0.039696;,
  0.089395;0.674725;0.005847;,
  0.093924;0.714114;-0.023443;,
  0.078853;0.680182;0.056200;,
  0.098032;0.450114;-0.035913;,
  0.039751;0.811690;-0.034462;,
  0.025497;0.822085;-0.019830;,
  -0.009541;0.790852;-0.005365;,
  -0.001446;0.825685;-0.019960;,
  0.137040;0.416797;-0.046495;,
  0.124290;0.359345;-0.077451;,
  0.114837;0.351047;-0.031441;,
  0.101568;0.427876;-0.065177;,
  0.126925;0.432667;-0.067426;,
  0.101568;0.427876;-0.065177;,
  0.109938;0.413709;-0.058391;,
  0.132505;0.419430;-0.050408;,
  0.132505;0.419430;-0.050408;,
  0.110751;0.414179;-0.076415;,
  0.121018;0.418401;-0.080004;,
  0.124924;0.406140;-0.072545;,
  0.095309;0.021587;0.095015;,
  0.093151;-0.000653;0.041299;,
  0.088339;0.018026;0.046518;,
  0.103694;-0.000137;0.092075;,
  -0.005732;0.034817;0.163396;,
  0.012728;0.000984;0.130802;,
  -0.008426;0.001559;0.174797;,
  0.013090;0.025903;0.127630;,
  0.012273;0.086783;0.149194;,
  0.029820;0.037831;0.184890;,
  0.033821;0.093263;0.159106;,
  0.049200;0.001004;0.157161;,
  0.021292;0.001533;0.193014;,
  0.051743;0.035912;0.155256;,
  0.047476;0.062687;0.116681;,
  0.051161;0.072464;0.149470;,
  0.059458;0.015140;0.040876;,
  0.057972;-0.000495;0.031680;,
  0.103694;-0.000137;0.092075;,
  0.057972;-0.000495;0.031680;,
  0.024446;0.330675;-0.021531;,
  0.039648;0.241292;0.016650;,
  0.018023;0.181159;0.048700;,
  0.019178;0.133032;0.083595;,
  0.021036;0.062254;0.128997;,
  0.021036;0.062254;0.128997;,
  -0.009750;0.428408;-0.038023;,
  0.055153;0.808842;-0.060778;,
  0.040167;0.789077;-0.071213;,
  0.048702;0.794828;-0.075696;,
  0.036728;0.800401;-0.049326;,
  0.043898;0.836346;-0.051035;,
  0.033386;0.854447;-0.039020;,
  0.019841;0.917220;-0.144044;,
  0.003416;0.894398;-0.163843;,
  -0.000042;0.918949;-0.147217;,
  0.043275;0.837975;-0.148463;,
  0.027140;0.831732;-0.154242;,
  0.036789;0.865822;-0.156539;,
  0.053371;0.810914;-0.088960;,
  0.058062;0.834824;-0.071890;,
  0.051935;0.822848;-0.059243;,
  0.054992;0.873566;-0.075548;,
  0.056839;0.870452;-0.099816;,
  0.048054;0.881673;-0.145736;,
  0.053995;0.898425;-0.124191;,
  0.055457;0.852436;-0.120211;,
  0.050604;0.884908;-0.063951;,
  0.037331;0.901224;-0.051469;,
  -0.002627;0.903478;-0.044122;,
  0.028858;0.933604;-0.086569;,
  -0.004869;0.936905;-0.080279;,
  0.057486;0.833842;-0.107340;,
  0.046087;0.794519;-0.096002;,
  0.045721;0.815764;-0.125006;,
  0.034549;0.765990;-0.093571;,
  0.014490;0.765228;-0.081585;,
  0.016324;0.755979;-0.100508;,
  0.030088;0.886285;-0.159486;,
  0.040095;0.910919;-0.137452;,
  0.045868;0.923194;-0.100543;,
  0.031991;0.931794;-0.117728;,
  0.013877;0.937855;-0.115946;,
  -0.003616;0.939040;-0.115873;,
  0.001280;0.864862;-0.033743;,
  0.045868;0.923194;-0.100543;,
  0.031991;0.931794;-0.117728;,
  0.064137;0.837477;-0.073591;,
  0.065320;0.882349;-0.089416;,
  0.070960;0.871099;-0.072236;,
  0.060095;0.863155;-0.084199;,
  0.070960;0.871099;-0.072236;,
  0.064137;0.837477;-0.073591;,
  0.065320;0.882349;-0.089416;,
  0.056839;0.870452;-0.099816;,
  0.059746;0.846486;-0.092707;,
  0.058062;0.834824;-0.071890;,
  0.043809;0.834566;-0.136763;,
  0.059746;0.846486;-0.092707;,
  0.038299;0.782664;-0.017640;,
  0.039751;0.811690;-0.034462;,
  0.067709;0.761758;-0.002966;,
  0.043898;0.836346;-0.051035;,
  0.015606;0.756044;-0.059738;,
  0.018879;0.732985;-0.064593;,
  0.032449;0.539977;-0.083179;,
  -0.042588;0.473222;0.026924;,
  -0.043340;0.439526;0.020548;,
  -0.038353;0.422821;0.023906;,
  0.016623;0.776766;-0.069078;,
  -0.009750;0.428408;-0.038023;,
  0.013877;0.937855;-0.115946;,
  -0.003616;0.939040;-0.115873;,
  0.033337;0.790116;-0.114552;,
  0.024832;0.805007;-0.132654;,
  0.025756;0.796702;-0.127820;,
  0.005262;0.880034;-0.169342;,
  0.008094;0.854749;-0.169095;,
  0.024863;0.828673;-0.141794;,
  -0.023587;0.581822;0.024641;,
  0.067709;0.761758;-0.002966;,
  0.093151;-0.000653;0.041299;,
  0.026399;0.778411;-0.116135;,
  0.033210;0.784575;-0.110946;,
  0.025524;0.784331;-0.115568;,
  0.013613;0.791874;-0.132109;,
  0.013858;0.794330;-0.144544;,
  0.025432;0.785180;-0.121728;,
  0.013960;0.783018;-0.116652;,
  0.015004;0.774280;-0.118111;,
  0.011004;0.825489;-0.160021;,
  0.011335;0.819487;-0.151818;,
  0.077114;0.721817;0.049996;,
  0.014436;0.782060;-0.125434;,
  0.070831;0.709970;0.018365;,
  0.081375;0.706083;0.004243;,
  0.093924;0.714114;-0.023443;,
  0.050604;0.884908;-0.063951;,
  0.067396;0.191075;0.040432;,
  0.043459;0.120228;-0.008361;,
  0.043019;0.191667;-0.035079;,
  0.056875;0.127118;0.076344;,
  0.083016;0.236116;-0.006182;,
  0.051508;0.246140;-0.047424;,
  0.078392;0.332994;-0.022866;,
  0.035023;0.338217;-0.064379;,
  0.068838;0.431101;-0.045447;,
  0.029132;0.425463;-0.079313;,
  0.056228;0.481025;-0.055862;,
  0.040935;0.051251;0.007521;,
  0.047476;0.062687;0.116681;,
  -0.010271;0.161886;0.130047;,
  -0.032965;0.069722;0.054189;,
  -0.015085;0.100174;0.163187;,
  -0.029034;0.139975;0.033960;,
  -0.017579;0.203512;0.008715;,
  -0.005401;0.224855;0.096747;,
  -0.014674;0.259973;-0.011069;,
  0.002995;0.262416;0.074766;,
  -0.012125;0.345025;0.060277;,
  -0.031304;0.341526;0.012395;,
  -0.042992;0.411873;0.018163;,
  0.070831;0.709970;0.018365;,
  -0.052273;0.733386;-0.076749;,
  -0.015309;0.736087;-0.069818;,
  -0.055903;0.713990;-0.082803;,
  -0.018018;0.765890;-0.053904;,
  -0.060541;0.705946;-0.090147;,
  -0.020409;0.673872;-0.095278;,
  -0.066803;0.675087;-0.082860;,
  -0.014391;0.704385;-0.087505;,
  -0.034419;0.787190;-0.020861;,
  -0.088222;0.758948;-0.015032;,
  -0.062200;0.766830;0.000886;,
  -0.071916;0.756871;-0.035031;,
  -0.087707;0.538349;-0.046282;,
  -0.062449;0.539317;-0.009103;,
  -0.079486;0.547228;-0.044808;,
  -0.065455;0.527455;-0.004946;,
  -0.045811;0.551818;-0.089575;,
  -0.068513;0.525664;-0.082891;,
  -0.006352;0.546667;-0.102014;,
  -0.042732;0.503210;-0.102904;,
  -0.013678;0.490511;-0.097752;,
  -0.025944;0.532503;0.012505;,
  -0.029820;0.518375;0.015842;,
  -0.071567;0.631784;0.012707;,
  -0.028576;0.672570;0.047386;,
  -0.078225;0.673570;0.019408;,
  -0.027382;0.631475;0.039995;,
  -0.022847;0.464068;-0.117241;,
  -0.055849;0.364776;-0.153720;,
  -0.070366;0.453102;-0.105662;,
  -0.009782;0.376026;-0.156318;,
  0.006940;0.282246;-0.192174;,
  -0.039478;0.273962;-0.170490;,
  0.010144;0.457184;-0.076509;,
  -0.022835;0.335423;-0.055835;,
  0.019136;0.364132;-0.112277;,
  -0.049092;0.418108;0.001587;,
  -0.012092;0.266774;-0.111324;,
  0.011162;0.271493;-0.144922;,
  -0.087549;0.341101;-0.102437;,
  -0.093983;0.419111;-0.059805;,
  -0.047252;0.270790;-0.131622;,
  -0.060592;-0.000401;-0.133085;,
  -0.054468;-0.000347;-0.073130;,
  -0.082739;-0.002097;-0.093446;,
  -0.022216;0.001985;-0.109705;,
  -0.010530;0.218727;-0.169710;,
  -0.057748;0.148699;-0.149486;,
  -0.051972;0.222366;-0.160524;,
  -0.018176;0.145696;-0.159770;,
  -0.060455;0.069988;-0.134500;,
  -0.028543;0.068553;-0.148380;,
  0.011840;0.202355;-0.126862;,
  -0.022572;0.159341;-0.086589;,
  -0.005149;0.145495;-0.123179;,
  -0.014222;0.224574;-0.082887;,
  -0.044316;0.081854;-0.098137;,
  -0.028201;0.063106;-0.117098;,
  -0.076320;0.160063;-0.117679;,
  -0.076013;0.234595;-0.119089;,
  -0.064543;0.086934;-0.111243;,
  -0.078363;0.497448;-0.084796;,
  0.010144;0.457184;-0.076509;,
  -0.108404;0.489199;-0.039928;,
  -0.078335;0.480680;0.005955;,
  -0.100260;0.434393;-0.049907;,
  -0.073793;0.431472;-0.006662;,
  -0.063879;0.585200;0.000006;,
  -0.091341;0.632168;-0.017349;,
  -0.093782;0.638636;-0.037076;,
  -0.047791;0.598028;-0.076490;,
  -0.079197;0.590270;-0.037207;,
  -0.063408;0.646103;-0.080625;,
  -0.016447;0.646206;-0.096333;,
  -0.013368;0.596242;-0.090998;,
  -0.085233;0.682434;-0.092160;,
  -0.048078;0.684468;-0.053288;,
  -0.100711;0.634625;-0.098456;,
  -0.073288;0.570711;-0.064641;,
  -0.108902;0.579595;-0.096485;,
  -0.056775;0.623911;-0.059151;,
  -0.088573;0.676295;-0.008508;,
  -0.100337;0.626588;-0.009546;,
  -0.056775;0.623911;-0.059151;,
  -0.108384;0.576060;-0.023021;,
  -0.073288;0.570711;-0.064641;,
  -0.099603;0.678881;-0.008236;,
  -0.144364;0.637617;-0.048838;,
  -0.128343;0.684238;-0.042291;,
  -0.143928;0.584878;-0.054730;,
  -0.109725;0.685656;-0.075249;,
  -0.109565;0.557302;-0.108019;,
  -0.079371;0.486436;-0.088527;,
  -0.105176;0.497853;-0.112003;,
  -0.068395;0.543318;-0.070472;,
  -0.086685;0.446602;-0.094473;,
  -0.105011;0.447418;-0.113922;,
  -0.068395;0.543318;-0.070472;,
  -0.123595;0.486072;-0.052223;,
  -0.079371;0.486436;-0.088527;,
  -0.110598;0.541148;-0.023954;,
  -0.120088;0.446534;-0.073789;,
  -0.086685;0.446602;-0.094473;,
  -0.143112;0.495140;-0.070414;,
  -0.151666;0.555077;-0.061177;,
  -0.131150;0.444462;-0.086901;,
  -0.092235;0.312300;-0.095062;,
  -0.117922;0.344559;-0.055612;,
  -0.127714;0.330364;-0.068794;,
  -0.081850;0.326626;-0.081993;,
  -0.063661;0.360736;-0.100413;,
  -0.076471;0.354353;-0.109108;,
  -0.063640;0.361270;-0.112067;,
  -0.071694;0.352989;-0.099290;,
  -0.117230;0.418124;-0.062261;,
  -0.086035;0.383834;-0.100942;,
  -0.074530;0.413695;-0.087345;,
  -0.126407;0.382218;-0.066991;,
  -0.136494;0.373308;-0.081721;,
  -0.137924;0.417123;-0.093918;,
  -0.093762;0.413343;-0.121076;,
  -0.097850;0.375585;-0.114684;,
  -0.100657;0.739470;-0.037442;,
  -0.098166;0.738468;-0.067233;,
  -0.071916;0.756871;-0.035031;,
  -0.062690;0.751738;-0.057039;,
  -0.104208;0.676859;-0.011617;,
  -0.032726;0.779038;-0.048290;,
  -0.082303;0.722998;-0.084314;,
  -0.055903;0.713990;-0.082803;,
  -0.072064;0.698865;-0.078081;,
  -0.052273;0.733386;-0.076749;,
  -0.106618;0.718494;-0.015843;,
  -0.107551;0.722038;-0.020272;,
  -0.077311;0.713725;0.014603;,
  -0.025544;0.711270;0.040917;,
  -0.016875;0.764517;0.014528;,
  -0.088222;0.758948;-0.015032;,
  -0.107551;0.722038;-0.020272;,
  -0.070500;0.697144;-0.061007;,
  -0.048078;0.684468;-0.053288;,
  -0.101666;0.710545;-0.026802;,
  -0.092391;0.674188;-0.041280;,
  -0.071357;0.671626;-0.069284;,
  -0.060541;0.705946;-0.090147;,
  -0.104068;0.676656;-0.029292;,
  -0.074530;0.413695;-0.087345;,
  -0.027220;0.806340;-0.051107;,
  -0.024049;0.818126;-0.032145;,
  -0.009541;0.790852;-0.005365;,
  -0.001446;0.825685;-0.019960;,
  -0.097850;0.375585;-0.114684;,
  -0.092235;0.312300;-0.095062;,
  -0.127714;0.330364;-0.068794;,
  -0.062559;0.379221;-0.092975;,
  -0.070109;0.379226;-0.117754;,
  -0.062559;0.379221;-0.092975;,
  -0.077671;0.369836;-0.093582;,
  -0.091622;0.376283;-0.112806;,
  -0.091622;0.376283;-0.112806;,
  -0.063661;0.360736;-0.100413;,
  -0.063640;0.361270;-0.112067;,
  -0.076471;0.354353;-0.109108;,
  -0.022876;0.024011;-0.199368;,
  0.028918;0.005758;-0.218574;,
  -0.021863;0.002446;-0.208578;,
  0.024644;0.024072;-0.211821;,
  -0.047437;0.033610;-0.079514;,
  -0.022216;0.001985;-0.109705;,
  -0.021239;0.027061;-0.110878;,
  -0.054468;-0.000347;-0.073130;,
  -0.044316;0.081854;-0.098137;,
  -0.081202;0.034576;-0.103886;,
  -0.064543;0.086934;-0.111243;,
  -0.060592;-0.000401;-0.133085;,
  -0.062346;0.034515;-0.135619;,
  -0.082739;-0.002097;-0.093446;,
  -0.028543;0.068553;-0.148380;,
  -0.060455;0.069988;-0.134500;,
  0.041246;0.021994;-0.187442;,
  0.051399;0.007089;-0.189888;,
  -0.021863;0.002446;-0.208578;,
  0.051399;0.007089;-0.189888;,
  0.019136;0.364132;-0.112277;,
  0.011162;0.271493;-0.144922;,
  0.011840;0.202355;-0.126862;,
  -0.005149;0.145495;-0.123179;,
  -0.028201;0.063106;-0.117098;,
  -0.028201;0.063106;-0.117098;,
  -0.036409;0.798546;-0.064619;,
  -0.016603;0.782693;-0.073594;,
  -0.015150;0.796257;-0.062220;,
  -0.025800;0.786451;-0.078821;,
  -0.032377;0.827769;-0.054235;,
  -0.027169;0.847638;-0.041560;,
  -0.019240;0.912825;-0.145683;,
  -0.000042;0.918949;-0.147217;,
  -0.024075;0.830402;-0.151288;,
  -0.023278;0.859068;-0.159059;,
  -0.006536;0.827945;-0.155654;,
  -0.032806;0.801224;-0.092575;,
  -0.044076;0.823339;-0.076175;,
  -0.036514;0.812902;-0.062953;,
  -0.049380;0.861830;-0.079926;,
  -0.048477;0.858610;-0.104233;,
  -0.038632;0.871926;-0.149372;,
  -0.041454;0.841539;-0.124276;,
  -0.049899;0.886743;-0.128549;,
  -0.048590;0.873754;-0.068112;,
  -0.040344;0.892490;-0.054727;,
  -0.002627;0.903478;-0.044122;,
  -0.036386;0.926268;-0.089306;,
  -0.004869;0.936905;-0.080279;,
  -0.040366;0.822839;-0.111445;,
  -0.023467;0.807984;-0.127909;,
  -0.021511;0.786918;-0.098837;,
  -0.004177;0.761635;-0.095195;,
  -0.021061;0.880534;-0.161631;,
  -0.038067;0.902130;-0.140731;,
  -0.049450;0.912476;-0.104541;,
  -0.036452;0.924098;-0.120599;,
  -0.003616;0.939040;-0.115873;,
  -0.020344;0.934007;-0.117381;,
  0.001280;0.864862;-0.033743;,
  -0.049450;0.912476;-0.104541;,
  -0.036452;0.924098;-0.120599;,
  -0.050426;0.824595;-0.078396;,
  -0.060215;0.868233;-0.094682;,
  -0.051314;0.850628;-0.088872;,
  -0.064622;0.855854;-0.077923;,
  -0.064622;0.855854;-0.077923;,
  -0.050426;0.824595;-0.078396;,
  -0.060215;0.868233;-0.094682;,
  -0.048477;0.858610;-0.104233;,
  -0.046576;0.834530;-0.097167;,
  -0.044076;0.823339;-0.076175;,
  -0.024806;0.826850;-0.139641;,
  -0.046576;0.834530;-0.097167;,
  -0.032726;0.779038;-0.048290;,
  -0.027220;0.806340;-0.051107;,
  -0.062690;0.751738;-0.057039;,
  -0.032377;0.827769;-0.054235;,
  -0.042588;0.473222;0.026924;,
  -0.043340;0.439526;0.020548;,
  -0.038353;0.422821;0.023906;,
  -0.009750;0.428408;-0.038023;,
  -0.020344;0.934007;-0.117381;,
  -0.003616;0.939040;-0.115873;,
  -0.006614;0.785624;-0.116228;,
  -0.000154;0.802198;-0.133702;,
  0.000390;0.793849;-0.128884;,
  -0.004675;0.825352;-0.143033;,
  -0.023587;0.581822;0.024641;,
  -0.062690;0.751738;-0.057039;,
  0.028918;0.005758;-0.218574;,
  -0.005559;0.780216;-0.112572;,
  0.002854;0.775764;-0.117123;,
  0.002345;0.781724;-0.116540;,
  0.002755;0.782630;-0.122680;,
  -0.101666;0.710545;-0.026802;,
  -0.073758;0.701123;-0.043870;,
  -0.070500;0.697144;-0.061007;,
  -0.060541;0.705946;-0.090147;,
  -0.048590;0.873754;-0.068112;,
  0.032745;0.213100;-0.144017;,
  0.034709;0.127298;-0.083225;,
  0.022268;0.136841;-0.145477;,
  0.036453;0.203499;-0.089116;,
  0.036709;0.276924;-0.154009;,
  0.044809;0.263071;-0.100131;,
  0.029624;0.366671;-0.123747;,
  0.033619;0.351331;-0.095721;,
  0.022340;0.452695;-0.104181;,
  0.026583;0.436057;-0.094688;,
  0.026920;0.478855;-0.087793;,
  -0.013678;0.490511;-0.097752;,
  0.035994;0.062050;-0.080677;,
  0.019595;0.064599;-0.146047;,
  -0.039676;0.077109;-0.048154;,
  -0.076320;0.160063;-0.117679;,
  -0.064532;0.086934;-0.111234;,
  -0.034205;0.151430;-0.059014;,
  -0.076013;0.234595;-0.119089;,
  -0.028833;0.222601;-0.073760;,
  -0.022476;0.261785;-0.079456;,
  -0.047252;0.270790;-0.131622;,
  -0.087548;0.341101;-0.102437;,
  -0.030024;0.328533;-0.041437;,
  -0.043340;0.439526;0.020548;,
  -0.073793;0.431472;-0.006662;,
  -0.073758;0.701123;-0.043870;,
  -0.022847;0.464068;-0.117241;,
  -0.009782;0.376026;-0.156318;,
  0.006940;0.282246;-0.192174;,
  -0.010530;0.218727;-0.169710;,
  -0.018176;0.145696;-0.159770;,
  -0.028543;0.068553;-0.148380;,
  0.070099;0.350247;0.076150;,
  -0.005708;0.432293;0.045557;,
  0.049457;0.422310;0.052838;,
  0.059621;0.262598;0.069580;,
  0.061648;0.234775;0.112262;,
  0.054189;0.165455;0.138647;,
  0.033821;0.093263;0.159106;,
  -0.093983;0.419111;-0.059805;;
  916;
  3;0,1,2;,
  3;1,0,3;,
  3;4,5,6;,
  3;5,4,7;,
  3;8,9,10;,
  3;9,8,11;,
  3;12,13,14;,
  3;13,12,15;,
  3;16,12,17;,
  3;12,16,15;,
  3;18,19,20;,
  3;19,18,16;,
  3;6,21,22;,
  3;21,6,5;,
  3;14,23,24;,
  3;23,14,13;,
  3;25,26,27;,
  3;26,25,28;,
  3;29,30,31;,
  3;30,29,32;,
  3;30,33,31;,
  3;33,30,34;,
  3;35,36,37;,
  3;36,35,38;,
  3;38,39,36;,
  3;39,38,40;,
  3;37,41,42;,
  3;41,37,36;,
  3;36,43,41;,
  3;43,36,39;,
  3;42,30,32;,
  3;30,42,41;,
  3;41,34,30;,
  3;34,41,43;,
  3;44,45,46;,
  3;45,44,47;,
  3;48,49,50;,
  3;49,48,51;,
  3;50,52,53;,
  3;52,50,49;,
  3;54,55,56;,
  3;55,54,57;,
  3;57,58,55;,
  3;58,57,59;,
  3;56,60,61;,
  3;60,56,55;,
  3;55,62,60;,
  3;62,55,58;,
  3;61,49,51;,
  3;49,61,60;,
  3;60,52,49;,
  3;52,60,62;,
  3;32,19,63;,
  3;19,32,29;,
  3;64,65,66;,
  3;65,64,20;,
  3;14,67,12;,
  3;67,14,68;,
  3;68,69,67;,
  3;69,68,70;,
  3;70,42,69;,
  3;42,70,37;,
  3;48,34,51;,
  3;34,48,33;,
  3;51,43,61;,
  3;43,51,34;,
  3;43,56,61;,
  3;56,43,39;,
  3;39,54,56;,
  3;54,39,40;,
  3;12,63,17;,
  3;63,12,67;,
  3;67,32,63;,
  3;32,67,69;,
  3;69,42,32;,
  3;71,72,25;,
  3;73,74,75;,
  3;74,73,76;,
  3;74,77,75;,
  3;77,74,78;,
  3;79,78,80;,
  3;78,79,77;,
  3;81,82,83;,
  3;82,84,85;,
  3;84,82,86;,
  3;87,88,89;,
  3;88,90,89;,
  3;90,88,91;,
  3;92,93,94;,
  3;92,89,93;,
  3;92,87,89;,
  3;89,95,93;,
  3;95,89,90;,
  3;96,93,82;,
  3;93,86,82;,
  3;86,93,95;,
  3;97,98,99;,
  3;98,97,100;,
  3;100,101,98;,
  3;101,100,102;,
  3;103,104,105;,
  3;104,103,106;,
  3;106,107,104;,
  3;107,106,108;,
  3;105,109,110;,
  3;109,105,104;,
  3;104,111,109;,
  3;111,104,107;,
  3;110,100,97;,
  3;100,110,109;,
  3;109,102,100;,
  3;102,109,111;,
  3;112,113,114;,
  3;113,112,115;,
  3;116,117,118;,
  3;117,116,119;,
  3;120,121,122;,
  3;121,120,123;,
  3;120,124,125;,
  3;124,120,122;,
  3;126,124,127;,
  3;124,126,125;,
  3;95,97,86;,
  3;97,95,110;,
  3;86,99,84;,
  3;99,86,97;,
  3;90,103,105;,
  3;103,90,91;,
  3;105,95,90;,
  3;95,105,110;,
  3;128,96,129;,
  3;96,128,94;,
  3;129,130,128;,
  3;130,129,131;,
  3;72,28,25;,
  3;28,72,132;,
  3;10,133,8;,
  3;134,135,136;,
  3;135,134,137;,
  3;81,137,134;,
  3;138,11,139;,
  3;138,9,11;,
  3;138,140,9;,
  3;141,11,142;,
  3;11,141,139;,
  3;128,130,143;,
  3;94,144,92;,
  3;94,143,144;,
  3;94,128,143;,
  3;145,87,146;,
  3;87,145,147;,
  3;75,148,73;,
  3;148,75,149;,
  3;150,147,145;,
  3;7,149,75;,
  3;148,151,73;,
  3;102,152,101;,
  3;152,102,126;,
  3;102,125,126;,
  3;125,102,111;,
  3;111,120,125;,
  3;120,111,107;,
  3;120,108,123;,
  3;108,120,107;,
  3;8,153,154;,
  3;153,8,133;,
  3;154,155,8;,
  3;155,154,156;,
  3;122,114,113;,
  3;114,122,121;,
  3;121,112,114;,
  3;112,121,157;,
  3;158,124,159;,
  3;124,158,127;,
  3;159,122,113;,
  3;122,159,124;,
  3;126,160,152;,
  3;160,126,161;,
  3;162,121,123;,
  3;121,162,163;,
  3;121,164,157;,
  3;164,121,163;,
  3;165,126,127;,
  3;126,165,161;,
  3;161,166,160;,
  3;166,161,167;,
  3;162,118,163;,
  3;118,162,116;,
  3;163,117,164;,
  3;117,163,118;,
  3;165,167,161;,
  3;167,165,168;,
  3;169,170,171;,
  3;170,169,172;,
  3;173,174,175;,
  3;174,173,176;,
  3;177,178,179;,
  3;178,177,173;,
  3;180,178,181;,
  3;178,180,182;,
  3;183,169,171;,
  3;169,183,184;,
  3;174,185,186;,
  3;185,174,176;,
  3;46,187,44;,
  3;187,46,188;,
  3;180,169,182;,
  3;169,180,172;,
  3;20,29,65;,
  3;19,29,20;,
  3;29,31,189;,
  3;31,190,189;,
  3;190,31,33;,
  3;33,191,190;,
  3;191,33,48;,
  3;191,50,192;,
  3;50,191,48;,
  3;192,53,193;,
  3;53,192,50;,
  3;194,171,185;,
  3;171,194,183;,
  3;171,186,185;,
  3;186,171,170;,
  3;185,176,194;,
  3;194,173,177;,
  3;173,194,176;,
  3;178,175,181;,
  3;175,178,173;,
  3;179,182,184;,
  3;182,179,178;,
  3;182,169,184;,
  3;16,17,19;,
  3;17,63,19;,
  3;65,195,66;,
  3;196,197,198;,
  3;197,196,199;,
  3;200,154,153;,
  3;154,200,201;,
  3;202,203,204;,
  3;205,206,207;,
  3;196,208,209;,
  3;208,196,198;,
  3;210,209,211;,
  3;209,210,196;,
  3;212,213,214;,
  3;213,212,215;,
  3;212,214,211;,
  3;201,216,217;,
  3;216,201,200;,
  3;218,219,220;,
  3;219,218,217;,
  3;210,199,196;,
  3;213,205,207;,
  3;221,222,223;,
  3;198,197,224;,
  3;224,225,226;,
  3;225,224,197;,
  3;227,213,207;,
  3;228,229,214;,
  3;229,228,230;,
  3;220,231,232;,
  3;213,228,214;,
  3;156,201,233;,
  3;201,156,154;,
  3;233,217,218;,
  3;217,233,201;,
  3;219,217,234;,
  3;235,219,234;,
  3;236,237,238;,
  3;237,236,239;,
  3;209,240,211;,
  3;240,209,241;,
  3;211,242,212;,
  3;242,211,240;,
  3;243,239,244;,
  3;239,243,237;,
  3;244,236,245;,
  3;236,244,239;,
  3;246,221,223;,
  3;221,246,215;,
  3;221,212,247;,
  3;212,221,215;,
  3;199,248,2;,
  3;248,199,249;,
  3;133,10,250;,
  3;249,210,251;,
  3;210,249,199;,
  3;210,211,251;,
  3;252,1,253;,
  3;1,252,2;,
  3;20,254,18;,
  3;254,20,64;,
  3;24,68,14;,
  3;68,24,255;,
  3;68,256,70;,
  3;256,68,255;,
  3;256,37,70;,
  3;37,256,257;,
  3;258,2,252;,
  3;2,258,199;,
  3;257,259,37;,
  3;37,259,35;,
  3;260,204,261;,
  3;204,260,202;,
  3;262,263,223;,
  3;263,262,264;,
  3;197,258,225;,
  3;258,197,199;,
  3;265,203,227;,
  3;265,207,266;,
  3;207,265,227;,
  3;223,267,246;,
  3;267,223,263;,
  3;88,87,147;,
  3;83,82,85;,
  3;78,16,18;,
  3;16,78,74;,
  3;74,15,16;,
  3;15,74,76;,
  3;15,71,13;,
  3;71,15,76;,
  3;13,268,23;,
  3;268,13,71;,
  3;248,269,2;,
  3;2,269,0;,
  3;136,129,134;,
  3;129,136,131;,
  3;134,96,81;,
  3;96,134,129;,
  3;96,82,81;,
  3;93,96,94;,
  3;29,189,65;,
  3;205,215,246;,
  3;267,205,246;,
  3;205,267,206;,
  3;205,213,215;,
  3;187,188,270;,
  3;224,271,272;,
  3;222,221,208;,
  3;224,222,198;,
  3;272,273,262;,
  3;273,272,271;,
  3;263,274,275;,
  3;273,276,262;,
  3;277,271,278;,
  3;271,277,273;,
  3;222,272,262;,
  3;272,222,224;,
  3;222,208,198;,
  3;209,221,247;,
  3;221,209,208;,
  3;223,222,262;,
  3;266,206,279;,
  3;206,266,207;,
  3;206,280,279;,
  3;280,206,267;,
  3;280,263,275;,
  3;263,280,267;,
  3;264,262,276;,
  3;76,73,72;,
  3;138,281,140;,
  3;73,132,72;,
  3;132,73,151;,
  3;72,71,76;,
  3;271,226,278;,
