xof 0303txt 0032
template ColorRGBA {
 <35ff44e0-6c7c-11cf-8f52-0040333594a3>
 FLOAT red;
 FLOAT green;
 FLOAT blue;
 FLOAT alpha;
}

template ColorRGB {
 <d3e16e81-7835-11cf-8f52-0040333594a3>
 FLOAT red;
 FLOAT green;
 FLOAT blue;
}

template Material {
 <3d82ab4d-62da-11cf-ab39-0020af71e433>
 ColorRGBA faceColor;
 FLOAT power;
 ColorRGB specularColor;
 ColorRGB emissiveColor;
 [...]
}

template TextureFilename {
 <a42790e1-7810-11cf-8f52-0040333594a3>
 STRING filename;
}

template Frame {
 <3d82ab46-62da-11cf-ab39-0020af71e433>
 [...]
}

template Matrix4x4 {
 <f6f23f45-7686-11cf-8f52-0040333594a3>
 array FLOAT matrix[16];
}

template FrameTransformMatrix {
 <f6f23f41-7686-11cf-8f52-0040333594a3>
 Matrix4x4 frameMatrix;
}

template Vector {
 <3d82ab5e-62da-11cf-ab39-0020af71e433>
 FLOAT x;
 FLOAT y;
 FLOAT z;
}

template MeshFace {
 <3d82ab5f-62da-11cf-ab39-0020af71e433>
 DWORD nFaceVertexIndices;
 array DWORD faceVertexIndices[nFaceVertexIndices];
}

template Mesh {
 <3d82ab44-62da-11cf-ab39-0020af71e433>
 DWORD nVertices;
 array Vector vertices[nVertices];
 DWORD nFaces;
 array MeshFace faces[nFaces];
 [...]
}

template MeshMaterialList {
 <f6f23f42-7686-11cf-8f52-0040333594a3>
 DWORD nMaterials;
 DWORD nFaceIndexes;
 array DWORD faceIndexes[nFaceIndexes];
 [Material <3d82ab4d-62da-11cf-ab39-0020af71e433>]
}

template VertexElement {
 <f752461c-1e23-48f6-b9f8-8350850f336f>
 DWORD Type;
 DWORD Method;
 DWORD Usage;
 DWORD UsageIndex;
}

template DeclData {
 <bf22e553-292c-4781-9fea-62bd554bdd93>
 DWORD nElements;
 array VertexElement Elements[nElements];
 DWORD nDWords;
 array DWORD data[nDWords];
}

template XSkinMeshHeader {
 <3cf169ce-ff7c-44ab-93c0-f78f62d172e2>
 WORD nMaxSkinWeightsPerVertex;
 WORD nMaxSkinWeightsPerFace;
 WORD nBones;
}

template SkinWeights {
 <6f0d123b-bad2-4167-a0d0-80224f25fabb>
 STRING transformNodeName;
 DWORD nWeights;
 array DWORD vertexIndices[nWeights];
 array FLOAT weights[nWeights];
 Matrix4x4 matrixOffset;
}

template AnimTicksPerSecond {
 <9e415a43-7ba6-4a73-8743-b73d47e88476>
 DWORD AnimTicksPerSecond;
}

template Animation {
 <3d82ab4f-62da-11cf-ab39-0020af71e433>
 [...]
}

template AnimationSet {
 <3d82ab50-62da-11cf-ab39-0020af71e433>
 [Animation <3d82ab4f-62da-11cf-ab39-0020af71e433>]
}

template FloatKeys {
 <10dd46a9-775b-11cf-8f52-0040333594a3>
 DWORD nValues;
 array FLOAT values[nValues];
}

template TimedFloatKeys {
 <f406b180-7b3b-11cf-8f52-0040333594a3>
 DWORD time;
 FloatKeys tfkeys;
}

template AnimationKey {
 <10dd46a8-775b-11cf-8f52-0040333594a3>
 DWORD keyType;
 DWORD nKeys;
 array TimedFloatKeys keys[nKeys];
}


Material _03_-_Default {
 1.000000;1.000000;1.000000;1.000000;;
 9.999999;
 0.000000;0.000000;0.000000;;
 0.000000;0.000000;0.000000;;

 TextureFilename {
  "MaleBody_full.png";
 }
}

Frame Dummy01 {
 

 FrameTransformMatrix {
  1.000000,0.000000,0.000000,0.000000,0.000000,-0.000000,-1.000000,0.000000,0.000000,1.000000,-0.000000,0.000000,0.000000,0.000000,0.000000,1.000000;;
 }

 Frame Bip01 {
  

  FrameTransformMatrix {
   -0.158909,0.980401,0.116455,0.000000,-0.013300,-0.120069,0.992676,0.000000,0.987204,0.156197,0.032119,0.000000,0.016667,0.040005,0.503054,1.000000;;
  }

  Frame Bip01_Pelvis {
   

   FrameTransformMatrix {
    0.138045,0.989927,-0.031436,0.000000,-0.000001,0.031740,0.999496,0.000000,0.990426,-0.137975,0.004383,0.000000,0.000000,0.000000,0.000000,1.000000;;
   }

   Frame Bip01_Spine {
    

    FrameTransformMatrix {
     0.907877,0.105889,0.405643,0.000000,-0.113248,0.993550,-0.005893,0.000000,-0.403650,-0.040588,0.914013,0.000000,0.051147,0.001642,-0.007202,1.000000;;
    }

    Frame Bip01_Spine1 {
     

     FrameTransformMatrix {
      0.931887,-0.007692,0.362668,0.000000,0.041921,0.995360,-0.086608,0.000000,-0.360318,0.095912,0.927886,0.000000,0.106510,-0.000008,-0.000079,1.000000;;
     }

     Frame Bip01_Neck {
      

      FrameTransformMatrix {
       0.916751,0.000001,0.399458,0.000000,-0.000001,1.000000,-0.000000,0.000000,-0.399458,-0.000000,0.916752,0.000000,0.130515,0.000000,0.004627,1.000000;;
      }

      Frame Bip01_Head {
       

       FrameTransformMatrix {
        0.990297,0.110932,-0.083702,0.000000,-0.101871,0.989165,0.105706,0.000000,0.094521,-0.096154,0.990868,0.000000,0.033674,0.000000,-0.000000,1.000000;;
       }

       Frame Bip01_HeadNub {
        

        FrameTransformMatrix {
         1.000000,-0.000000,0.000000,0.000000,-0.000000,1.000000,0.000000,0.000000,-0.000000,0.000000,1.000000,0.000000,0.169824,0.000000,0.000000,1.000000;;
        }
       }
      }

      Frame Bip01_L_Clavicle {
       

       FrameTransformMatrix {
        -0.530757,0.815218,0.231768,0.000000,0.747093,0.579154,-0.326242,0.000000,-0.400188,-0.000003,-0.916433,0.000000,-0.023883,0.015715,0.005359,1.000000;;
       }

       Frame Bip01_L_UpperArm {
        

        FrameTransformMatrix {
         0.598027,-0.376802,-0.707378,0.000000,0.408565,0.902630,-0.135402,0.000000,0.689520,-0.208035,0.693746,0.000000,0.087086,0.000000,0.000000,1.000000;;
        }

        Frame Bip01_L_Forearm {
         

         FrameTransformMatrix {
          0.912278,-0.000000,-0.409572,0.000000,0.000000,1.000000,0.000000,0.000000,0.409572,-0.000000,0.912278,0.000000,0.137062,0.000000,-0.000000,1.000000;;
         }

         Frame Bip01_L_Hand {
          

          FrameTransformMatrix {
           0.993738,-0.000000,0.111739,0.000000,-0.111739,0.000796,0.993737,0.000000,-0.000089,-1.000000,0.000791,0.000000,0.137062,0.000000,0.000000,1.000000;;
          }

          Frame Bip01_L_Finger0 {
           

           FrameTransformMatrix {
            0.809036,-0.397227,0.433210,0.000000,0.558537,0.749101,-0.356210,0.000000,-0.183022,0.530151,0.827916,0.000000,0.057681,-0.023605,-0.000272,1.000000;;
           }

           Frame Bip01_L_Finger0Nub {
            

            FrameTransformMatrix {
             1.000000,-0.000000,-0.000000,0.000000,-0.000000,1.000000,-0.000000,0.000000,0.000000,-0.000000,1.000000,0.000000,0.029435,0.000000,0.000000,1.000000;;
            }
           }
          }

          Frame Bip01_L_Finger1 {
           

           FrameTransformMatrix {
            0.986952,-0.000128,0.161015,0.000000,-0.000000,1.000000,0.000796,0.000000,-0.161015,-0.000786,0.986951,0.000000,0.084102,-0.000000,0.000000,1.000000;;
           }

           Frame Bip01_L_Finger1Nub {
            

            FrameTransformMatrix {
             1.000000,-0.000000,0.000000,0.000000,0.000000,1.000000,-0.000000,0.000000,-0.000000,0.000000,1.000000,0.000000,0.047988,-0.000000,0.000000,1.000000;;
            }
           }
          }
         }
        }
       }
      }

      Frame Bip01_R_Clavicle {
       

       FrameTransformMatrix {
        0.319719,-0.947416,0.013507,0.000000,-0.860853,-0.284492,0.421897,0.000000,-0.395869,-0.146515,-0.906543,0.000000,-0.023883,-0.015714,0.005359,1.000000;;
       }

       Frame Bip01_R_UpperArm {
        

        FrameTransformMatrix {
         0.332274,-0.345069,-0.877794,0.000000,-0.662788,0.576722,-0.477602,0.000000,0.671048,0.740486,-0.037078,0.000000,0.087086,0.000000,-0.000000,1.000000;;
        }

        Frame Bip01_R_Forearm {
         

         FrameTransformMatrix {
          0.888683,0.000000,-0.458522,0.000000,0.000000,1.000000,0.000000,0.000000,0.458522,-0.000000,0.888683,0.000000,0.137062,0.000000,-0.000000,1.000000;;
         }

         Frame Bip01_R_Hand {
          

          FrameTransformMatrix {
           0.959088,-0.277896,-0.054076,0.000000,0.099822,0.510683,-0.853954,0.000000,0.264926,0.813619,0.517530,0.000000,0.137062,0.000000,-0.000000,1.000000;;
          }

          Frame Bip01_R_Finger0 {
           

           FrameTransformMatrix {
            0.661134,0.712095,0.236267,0.000000,-0.746082,0.590776,0.307160,0.000000,0.079146,-0.379349,0.921863,0.000000,0.057681,0.023605,-0.000272,1.000000;;
           }

           Frame Bip01_R_Finger0Nub {
            

            FrameTransformMatrix {
             -1.000000,-0.000000,0.000000,0.000000,0.000000,1.000000,0.000000,0.000000,0.000000,-0.000000,-1.000000,0.000000,0.029435,0.000000,0.000000,1.000000;;
            }
           }
          }

          Frame Bip01_R_Finger1 {
           

           FrameTransformMatrix {
            0.964418,0.000211,0.264382,0.000000,0.000000,1.000000,-0.000796,0.000000,-0.264382,0.000768,0.964417,0.000000,0.084102,-0.000000,0.000000,1.000000;;
           }

           Frame Bip01_R_Finger1Nub {
            

            FrameTransformMatrix {
             -1.000000,0.000000,-0.000000,0.000000,0.000000,1.000000,0.000000,0.000000,-0.000000,-0.000000,-1.000000,0.000000,0.047988,0.000000,-0.000000,1.000000;;
            }
           }
          }
         }
        }
       }
      }
     }

     Frame Bip01_BackPack {
      

      FrameTransformMatrix {
       0.180560,0.080500,-0.980264,0.000000,0.047560,0.994765,0.090451,0.000000,0.982413,-0.062954,0.175786,0.000000,0.063697,0.000003,-0.088856,1.000000;;
      }

      Frame Bip01_BackPackNub {
       

       FrameTransformMatrix {
        0.000796,0.000003,1.000000,0.000000,-0.000000,-1.000000,0.000003,0.000000,1.000000,-0.000000,-0.000796,0.000000,0.053240,-0.000000,-0.000000,1.000000;;
       }
      }
     }
    }

    Frame Bip01_L_Thigh {
     

     FrameTransformMatrix {
      -0.917039,0.042322,0.396546,0.000000,-0.161016,-0.948995,-0.271077,0.000000,0.364848,-0.312438,0.877080,0.000000,-0.037841,0.058987,0.025053,1.000000;;
     }

     Frame Bip01_L_Calf {
      

      FrameTransformMatrix {
       0.984038,0.000000,-0.177958,0.000000,0.000000,1.000000,0.000000,0.000000,0.177958,-0.000000,0.984038,0.000000,0.237500,0.000000,-0.000000,1.000000;;
      }

      Frame Bip01_L_Foot {
       

       FrameTransformMatrix {
        0.981289,-0.010343,0.192263,0.000000,0.029748,0.994710,-0.098320,0.000000,-0.190229,0.102200,0.976406,0.000000,0.206841,0.000000,0.000000,1.000000;;
       }

       Frame Bip01_L_Toe0 {
        

        FrameTransformMatrix {
         -0.288016,-0.243477,0.926156,0.000000,0.000006,0.967138,0.254253,0.000000,-0.957626,0.073235,-0.278549,0.000000,0.065373,0.000000,0.066450,1.000000;;
        }

        Frame Bip01_L_Toe0Nub {
         

         FrameTransformMatrix {
          -1.000000,0.000000,0.000000,0.000000,0.000000,1.000000,0.000000,0.000000,0.000000,0.000000,-1.000000,0.000000,0.006735,0.000000,0.000000,1.000000;;
         }
        }
       }
      }
     }
    }

    Frame Bip01_R_Thigh {
     

     FrameTransformMatrix {
      -0.888807,0.000680,0.458282,0.000000,0.047034,-0.994583,0.092697,0.000000,0.455862,0.103944,0.883960,0.000000,-0.049536,-0.050751,0.029536,1.000000;;
     }

     Frame Bip01_R_Calf {
      

      FrameTransformMatrix {
       0.736238,-0.000000,-0.676723,0.000000,0.000000,1.000000,-0.000000,0.000000,0.676723,-0.000000,0.736238,0.000000,0.237500,0.000000,-0.000000,1.000000;;
      }

      Frame Bip01_R_Foot {
       

       FrameTransformMatrix {
        0.960174,-0.046357,-0.275529,0.000000,-0.034962,0.958454,-0.283096,0.000000,0.277206,0.281455,0.918662,0.000000,0.206841,0.000000,0.000000,1.000000;;
       }

       Frame Bip01_R_Toe0 {
        

        FrameTransformMatrix {
         -0.080635,-0.347475,0.934216,0.000000,-0.051520,0.937468,0.344237,0.000000,-0.995411,-0.020373,-0.093495,0.000000,0.065373,0.000000,0.066450,1.000000;;
        }

        Frame Bip01_R_Toe0Nub {
         

         FrameTransformMatrix {
          1.000000,0.000000,0.000000,0.000000,0.000000,1.000000,0.000000,0.000000,0.000000,0.000000,1.000000,0.000000,0.006735,0.000000,0.000000,1.000000;;
         }
        }
       }
      }
     }
    }
   }

   Frame Bip01_DressFront {
    

    FrameTransformMatrix {
     -0.996044,-0.077960,-0.042638,0.000000,-0.072625,0.990720,-0.114889,0.000000,0.051199,-0.111338,-0.992463,0.000000,-0.044009,0.001416,0.061086,1.000000;;
    }

    Frame Bip01_DressFront02 {
     

     FrameTransformMatrix {
      0.963361,-0.042375,0.264841,0.000000,0.040868,0.999102,0.011200,0.000000,-0.265078,0.000034,0.964227,0.000000,0.183359,-0.000000,-0.000127,1.000000;;
     }

     Frame Bip01_DressFrontNub {
      

      FrameTransformMatrix {
       0.000796,0.000003,1.000000,0.000000,0.000000,-1.000000,0.000003,0.000000,1.000000,0.000000,-0.000796,0.000000,0.165302,0.000000,0.000000,1.000000;;
      }
     }
    }
   }

   Frame Bip01_DressBack {
    

    FrameTransformMatrix {
     -0.997997,-0.000001,0.063268,0.000000,-0.000002,1.000000,-0.000001,0.000000,-0.063268,-0.000001,-0.997997,0.000000,-0.047724,0.000000,-0.078279,1.000000;;
    }

    Frame Bip01_DressBack02 {
     

     FrameTransformMatrix {
      0.966499,-0.158749,0.201691,0.000000,0.216460,0.926396,-0.308115,0.000000,-0.137933,0.341451,0.929723,0.000000,0.176174,-0.000037,-0.000101,1.000000;;
     }

     Frame Bip01_DressBackNub {
      

      FrameTransformMatrix {
       0.000796,0.000003,1.000000,0.000000,0.000000,-1.000000,0.000003,0.000000,1.000000,0.000000,-0.000796,0.000000,0.136508,-0.000000,0.000000,1.000000;;
      }
     }
    }
   }
  }

  Frame Bip01_Prop1 {
   

   FrameTransformMatrix {
    0.422404,-0.045727,-0.905253,0.000000,0.725946,-0.580963,0.368083,0.000000,-0.542750,-0.812645,-0.212206,0.000000,0.420494,0.117494,-0.033251,1.000000;;
   }
  }

  Frame Bip01_Prop2 {
   

   FrameTransformMatrix {
    -0.073895,0.286878,0.955113,0.000000,0.997075,0.040017,0.065122,0.000000,-0.019538,0.957131,-0.288996,0.000000,0.113759,-0.087578,0.145887,1.000000;;
   }
  }
 }
}

Frame Translation_Data {
 

 FrameTransformMatrix {
  1.000000,0.000000,0.000000,0.000000,0.000000,-0.000000,-1.000000,0.000000,0.000000,1.000000,-0.000000,0.000000,0.000000,0.000000,0.000000,1.000000;;
 }
}

Frame Body {
 

 FrameTransformMatrix {
  1.000000,0.000000,0.000000,0.000000,0.000000,1.000000,0.000000,0.000000,0.000000,0.000000,1.000000,0.000000,0.000000,0.000000,0.000000,1.000000;;
 }

 Mesh Body {
  617;
  0.070451;0.695889;-0.170493;,
  0.038175;0.699012;-0.176226;,
  0.031448;0.731251;-0.184276;,
  0.076280;0.680839;-0.161510;,
  0.090527;0.679372;-0.162030;,
  0.061966;0.641713;-0.150362;,
  0.047420;0.664907;-0.167855;,
  0.100294;0.663252;-0.131989;,
  0.032448;0.771941;-0.171711;,
  0.084243;0.768858;-0.137065;,
  0.077909;0.743414;-0.149819;,
  0.053062;0.779089;-0.137379;,
  0.101453;0.558441;-0.015081;,
  0.064501;0.567388;0.008900;,
  0.064689;0.551640;0.015327;,
  0.094206;0.569122;-0.017738;,
  0.080426;0.564403;-0.071027;,
  0.097213;0.542342;-0.054985;,
  0.048542;0.555937;-0.096087;,
  0.078989;0.517079;-0.082009;,
  0.050869;0.506069;-0.086610;,
  0.007833;0.635704;-0.150115;,
  0.006399;0.663288;-0.167650;,
  0.022262;0.563549;0.015463;,
  0.023487;0.544700;0.021550;,
  0.072263;0.682445;-0.030426;,
  0.017020;0.724733;-0.044315;,
  0.020954;0.686065;-0.021790;,
  0.073287;0.723951;-0.054379;,
  0.055558;0.464594;-0.085711;,
  0.101411;0.362488;-0.073905;,
  0.054772;0.365166;-0.082457;,
  0.101469;0.463785;-0.065322;,
  0.051535;0.271045;-0.079134;,
  0.097318;0.271020;-0.052406;,
  0.018671;0.467725;-0.043318;,
  0.063417;0.370255;0.026241;,
  0.042769;0.443475;0.024660;,
  0.023612;0.367872;-0.038422;,
  0.066944;0.277774;0.006121;,
  0.045203;0.272424;-0.029890;,
  0.130934;0.365933;-0.016356;,
  0.118736;0.448244;-0.007619;,
  0.103170;0.278428;-0.012634;,
  0.107567;0.000033;-0.001381;,
  0.098592;0.000807;0.058209;,
  0.068044;0.000366;0.020131;,
  0.127856;0.000511;0.039273;,
  0.065050;0.217309;-0.049977;,
  0.106514;0.145753;-0.023462;,
  0.067433;0.144617;-0.035793;,
  0.106094;0.218901;-0.038668;,
  0.103241;0.068753;-0.004265;,
  0.072048;0.067251;-0.019723;,
  0.039428;0.204771;-0.007660;,
  0.068809;0.162047;0.036700;,
  0.064497;0.227774;0.036488;,
  0.052496;0.147270;-0.000038;,
  0.085605;0.082556;0.030630;,
  0.070466;0.061598;0.011703;,
  0.124065;0.157718;0.008702;,
  0.128640;0.231931;0.003359;,
  0.106538;0.086659;0.018420;,
  0.105922;0.514046;-0.050473;,
  0.009120;0.495536;-0.092019;,
  0.018671;0.467725;-0.043318;,
  0.013519;0.461416;-0.077782;,
  0.116197;0.510076;0.003027;,
  0.070572;0.506097;0.034403;,
  0.117183;0.461036;-0.001733;,
  0.078063;0.463713;0.031133;,
  0.069072;0.631523;-0.010196;,
  0.102048;0.671315;-0.047582;,
  0.111611;0.666225;-0.065357;,
  0.083829;0.601920;-0.079957;,
  0.099901;0.640810;-0.109936;,
  0.097622;0.620712;-0.036445;,
  0.062470;0.620686;-0.133953;,
  0.057647;0.586700;-0.100560;,
  0.006433;0.622769;-0.135859;,
  0.008764;0.581529;-0.096378;,
  0.105538;0.668019;-0.166021;,
  0.127085;0.622297;-0.169201;,
  0.059739;0.664543;-0.137987;,
  0.098625;0.556332;-0.144529;,
  0.076008;0.605472;-0.142782;,
  0.140084;0.569881;-0.165946;,
  0.088179;0.658137;-0.084489;,
  0.076008;0.605472;-0.142782;,
  0.105024;0.609912;-0.083588;,
  0.122157;0.559548;-0.095523;,
  0.098625;0.556332;-0.144529;,
  0.098441;0.661761;-0.081329;,
  0.156151;0.627059;-0.109965;,
  0.134145;0.671535;-0.106709;,
  0.163527;0.572991;-0.116832;,
  0.124454;0.672761;-0.143308;,
  0.143675;0.551311;-0.179508;,
  0.112081;0.478439;-0.177212;,
  0.095572;0.532251;-0.154545;,
  0.142136;0.493003;-0.192442;,
  0.121856;0.439658;-0.188426;,
  0.144215;0.443575;-0.201091;,
  0.095572;0.532251;-0.154545;,
  0.147003;0.472975;-0.132217;,
  0.126330;0.523709;-0.100268;,
  0.112081;0.478439;-0.177212;,
  0.147348;0.434792;-0.158472;,
  0.121856;0.439658;-0.188426;,
  0.169819;0.484481;-0.144097;,
  0.174242;0.542694;-0.124967;,
  0.163203;0.436444;-0.169196;,
  0.145812;0.315999;-0.237261;,
  0.145959;0.329702;-0.181864;,
  0.128847;0.325123;-0.226640;,
  0.162440;0.320779;-0.192812;,
  0.114052;0.363127;-0.231209;,
  0.129392;0.358157;-0.235726;,
  0.121462;0.355075;-0.228749;,
  0.118208;0.365890;-0.241754;,
  0.138504;0.399718;-0.161144;,
  0.133813;0.384714;-0.219437;,
  0.153698;0.367913;-0.173529;,
  0.113317;0.407678;-0.203268;,
  0.170576;0.364775;-0.183697;,
  0.171404;0.409760;-0.176898;,
  0.145806;0.419197;-0.221144;,
  0.151657;0.381709;-0.227747;,
  0.107795;0.726314;-0.134505;,
  0.112016;0.705295;-0.155279;,
  0.077909;0.743414;-0.149819;,
  0.075905;0.722170;-0.166248;,
  0.108538;0.716240;-0.073291;,
  0.041519;0.749009;-0.186312;,
  0.098738;0.682825;-0.160606;,
  0.076280;0.680839;-0.161510;,
  0.070451;0.695889;-0.170493;,
  0.085311;0.672104;-0.145083;,
  0.105888;0.742006;-0.107324;,
  0.068750;0.753340;-0.089134;,
  0.107788;0.741586;-0.112673;,
  0.011749;0.750565;-0.078110;,
  0.006481;0.770905;-0.134371;,
  0.084243;0.768858;-0.137065;,
  0.107788;0.741586;-0.112673;,
  0.088034;0.690487;-0.132684;,
  0.105076;0.726512;-0.110845;,
  0.059739;0.664543;-0.137987;,
  0.108756;0.693826;-0.095674;,
  0.099809;0.669754;-0.118939;,
  0.090527;0.679372;-0.162030;,
  0.114946;0.705936;-0.086006;,
  0.113317;0.407678;-0.203268;,
  0.036414;0.761670;-0.209664;,
  0.028555;0.781610;-0.200967;,
  0.003766;0.775857;-0.167615;,
  0.003084;0.790912;-0.197458;,
  0.151657;0.381709;-0.227747;,
  0.145812;0.315999;-0.237261;,
  0.162440;0.320779;-0.192812;,
  0.109563;0.379864;-0.221312;,
  0.125523;0.384405;-0.241202;,
  0.109563;0.379864;-0.221312;,
  0.124262;0.370327;-0.218183;,
  0.143914;0.379931;-0.229466;,
  0.143914;0.379931;-0.229466;,
  0.114052;0.363127;-0.231209;,
  0.118208;0.365890;-0.241754;,
  0.129392;0.358157;-0.235726;,
  0.071585;0.020714;-0.069860;,
  0.022037;-0.001206;-0.091055;,
  0.024808;0.017470;-0.084509;,
  0.072390;-0.001039;-0.078637;,
  0.089724;0.034113;0.050771;,
  0.068044;0.000366;0.020131;,
  0.098592;0.000807;0.058209;,
  0.065527;0.025300;0.018371;,
  0.085605;0.082556;0.030630;,
  0.124486;0.036808;0.027981;,
  0.106538;0.086659;0.018420;,
  0.107567;0.000033;-0.001381;,
  0.127856;0.000511;0.039273;,
  0.107211;0.034936;-0.004586;,
  0.072048;0.067251;-0.019723;,
  0.103241;0.068753;-0.004265;,
  0.007226;0.014776;-0.060889;,
  -0.001829;-0.000797;-0.063481;,
  0.072390;-0.001039;-0.078637;,
  -0.001829;-0.000797;-0.063481;,
  0.023612;0.367872;-0.038422;,
  0.045203;0.272424;-0.029890;,
  0.039428;0.204771;-0.007660;,
  0.052496;0.147270;-0.000038;,
  0.070466;0.061598;0.011703;,
  0.070466;0.061598;0.011703;,
  0.021979;0.450018;-0.027758;,
  0.046262;0.743102;-0.222552;,
  0.026621;0.724712;-0.222116;,
  0.035543;0.725617;-0.228870;,
  0.027558;0.745007;-0.214327;,
  0.041766;0.773712;-0.227120;,
  0.036422;0.797170;-0.225187;,
  0.023432;0.804987;-0.347352;,
  0.000723;0.779942;-0.353655;,
  0.004035;0.809475;-0.350823;,
  0.030331;0.729844;-0.313375;,
  0.012735;0.725451;-0.315334;,
  0.028508;0.751368;-0.333775;,
  0.041705;0.732144;-0.248259;,
  0.052882;0.759495;-0.244788;,
  0.046028;0.756526;-0.227902;,
  0.057014;0.791629;-0.266563;,
  0.055431;0.777238;-0.286374;,
  0.043804;0.767421;-0.331983;,
  0.055316;0.790453;-0.321160;,
  0.048245;0.752632;-0.295614;,
  0.056273;0.807726;-0.261799;,
  0.047947;0.830497;-0.258582;,
  0.010299;0.844866;-0.252931;,
  0.041980;0.843754;-0.304852;,
  0.010486;0.857119;-0.300676;,
  0.048074;0.742265;-0.275415;,
  0.030612;0.716481;-0.246518;,
  0.031073;0.721221;-0.282156;,
  0.014097;0.695810;-0.230615;,
  -0.004221;0.705270;-0.219590;,
  -0.006400;0.688125;-0.231767;,
  0.025626;0.769014;-0.346130;,
  0.042690;0.798098;-0.338690;,
  0.054926;0.824497;-0.312239;,
  0.041115;0.826978;-0.331343;,
  0.024853;0.837081;-0.332558;,
  0.008050;0.842076;-0.332937;,
  0.007776;0.815784;-0.225325;,
  0.054926;0.824497;-0.312239;,
  0.041115;0.826978;-0.331343;,
  0.059122;0.759602;-0.247596;,
  0.067198;0.790349;-0.283019;,
  0.072468;0.787458;-0.262588;,
  0.058968;0.777539;-0.269195;,
  0.072468;0.787458;-0.262588;,
  0.059122;0.759602;-0.247596;,
  0.067198;0.790349;-0.283019;,
  0.055431;0.777238;-0.286374;,
  0.054411;0.759392;-0.268659;,
  0.052882;0.759495;-0.244788;,
  0.031526;0.732259;-0.301478;,
  0.054411;0.759392;-0.268659;,
  0.041519;0.749009;-0.186312;,
  0.036414;0.761670;-0.209664;,
  0.075905;0.722170;-0.166248;,
  0.041766;0.773712;-0.227120;,
  0.003496;0.709671;-0.188089;,
  0.004988;0.688809;-0.176688;,
  0.005248;0.551644;-0.092877;,
  0.029262;0.500790;0.040607;,
  0.031062;0.466635;0.037998;,
  0.040828;0.452639;0.039159;,
  -0.000518;0.719688;-0.211951;,
  0.021979;0.450018;-0.027758;,
  0.024853;0.837081;-0.332558;,
  0.008050;0.842076;-0.332937;,
  0.015213;0.706946;-0.260589;,
  0.007754;0.713169;-0.283556;,
  0.007591;0.708108;-0.275335;,
  -0.000903;0.764674;-0.351601;,
  -0.003037;0.742519;-0.339273;,
  0.011346;0.729149;-0.302929;,
  0.022325;0.632741;-0.002020;,
  0.075905;0.722170;-0.166248;,
  0.022037;-0.001206;-0.091055;,
  0.005994;0.697760;-0.256313;,
  0.014422;0.703914;-0.254766;,
  0.006358;0.703286;-0.258649;,
  -0.005669;0.704719;-0.276696;,
  -0.006374;0.700970;-0.288786;,
  0.005730;0.701162;-0.264461;,
  -0.005286;0.704268;-0.258887;,
  -0.006137;0.695876;-0.255983;,
  -0.004860;0.721059;-0.317294;,
  -0.004768;0.719672;-0.307219;,
  0.105076;0.726512;-0.110845;,
  -0.006013;0.699248;-0.266137;,
  0.085699;0.703871;-0.121782;,
  0.088034;0.690487;-0.132684;,
  0.090527;0.679372;-0.162030;,
  0.056273;0.807726;-0.261799;,
  0.065050;0.217309;-0.049977;,
  0.035262;0.152236;-0.029584;,
  0.024606;0.226081;-0.050190;,
  0.067433;0.144617;-0.035793;,
  0.051535;0.271045;-0.079134;,
  0.023432;0.276636;-0.070506;,
  0.054772;0.365166;-0.082457;,
  0.013687;0.369754;-0.071424;,
  0.055558;0.464594;-0.085711;,
  0.010413;0.458168;-0.080128;,
  0.050869;0.506069;-0.086610;,
  0.035536;0.081754;-0.012778;,
  0.072048;0.067251;-0.019723;,
  0.082950;0.155767;0.056616;,
  0.039814;0.097335;0.098138;,
  0.087391;0.086306;0.066238;,
  0.041190;0.166434;0.076761;,
  0.039148;0.228871;0.049675;,
  0.074668;0.227912;0.047012;,
  0.042139;0.284778;0.030006;,
  0.074092;0.279534;0.036467;,
  0.069062;0.371468;0.040046;,
  0.036971;0.369260;0.041839;,
  0.033022;0.438928;0.039121;,
  0.085699;0.703871;-0.121782;,
  -0.059198;0.710796;-0.185228;,
  -0.028123;0.697331;-0.170625;,
  -0.072503;0.693093;-0.172825;,
  -0.024471;0.729833;-0.179552;,
  -0.076736;0.677110;-0.149099;,
  -0.045442;0.640765;-0.139846;,
  -0.079985;0.661661;-0.114339;,
  -0.034105;0.662840;-0.160968;,
  -0.025397;0.770474;-0.166824;,
  -0.072480;0.768074;-0.131373;,
  -0.040298;0.776721;-0.129492;,
  -0.061284;0.756828;-0.163315;,
  -0.062960;0.547838;0.010309;,
  -0.020185;0.563873;0.021833;,
  -0.056893;0.562851;0.005338;,
  -0.018211;0.546293;0.028129;,
  -0.060223;0.558566;-0.049548;,
  -0.068920;0.531627;-0.029330;,
  -0.037180;0.552379;-0.082996;,
  -0.057085;0.508695;-0.060751;,
  -0.030052;0.500850;-0.074113;,
  0.022262;0.563549;0.015463;,
  0.023487;0.544700;0.021550;,
  -0.031042;0.683715;-0.018539;,
  0.017020;0.724733;-0.044315;,
  -0.040054;0.722951;-0.043282;,
  0.020954;0.686065;-0.021790;,
  -0.041950;0.459471;-0.074415;,
  -0.086808;0.359263;-0.047254;,
  -0.074296;0.457971;-0.035431;,
  -0.049934;0.360979;-0.077133;,
  -0.052677;0.256650;-0.078610;,
  -0.079472;0.266464;-0.036217;,
  0.007747;0.458562;-0.054685;,
  -0.004986;0.357290;0.022274;,
  -0.001366;0.358889;-0.053592;,
  0.018891;0.441935;0.028348;,
  -0.024053;0.275964;-0.003399;,
  -0.023032;0.263340;-0.041571;,
  -0.084774;0.358948;0.017485;,
  -0.064647;0.439146;0.023059;,
  -0.064706;0.279253;-0.002500;,
  -0.063424;0.082689;0.162044;,
  -0.010679;0.108401;0.175789;,
  -0.043447;0.117290;0.183683;,
  -0.022394;0.068526;0.150174;,
  -0.052683;0.212016;-0.022579;,
  -0.078319;0.171715;0.049955;,
  -0.082429;0.229311;0.002543;,
  -0.050762;0.154950;0.024652;,
  -0.068212;0.112927;0.101228;,
  -0.053155;0.092397;0.078859;,
  -0.009876;0.211019;0.005188;,
  -0.014889;0.199718;0.072296;,
  -0.019826;0.167524;0.044487;,
  -0.008444;0.255796;0.038349;,
  -0.032875;0.132543;0.106682;,
  -0.033012;0.099748;0.097842;,
  -0.076865;0.199956;0.076147;,
  -0.080307;0.263833;0.037871;,
  -0.056673;0.138294;0.105752;,
  -0.072248;0.502555;-0.022959;,
  0.007747;0.458562;-0.054685;,
  -0.065392;0.498365;0.031069;,
  -0.012328;0.500751;0.047205;,
  -0.061417;0.451062;0.027563;,
  -0.012926;0.456010;0.044061;,
  -0.024971;0.633243;0.002036;,
  -0.064111;0.673358;-0.028463;,
  -0.077342;0.668549;-0.043616;,
  -0.058487;0.604522;-0.061447;,
  -0.059783;0.623590;-0.015973;,
  -0.076204;0.642975;-0.089672;,
  -0.045484;0.622014;-0.121532;,
  -0.039236;0.588471;-0.087959;,
  -0.085996;0.753038;-0.213597;,
  -0.054005;0.715420;-0.192216;,
  -0.100015;0.739008;-0.260197;,
  -0.076507;0.678133;-0.298057;,
  -0.108014;0.714061;-0.306857;,
  -0.061204;0.694609;-0.249594;,
  -0.099672;0.676284;-0.182480;,
  -0.110641;0.656339;-0.228219;,
  -0.061204;0.694609;-0.249594;,
  -0.116967;0.645697;-0.281983;,
  -0.076507;0.678133;-0.298057;,
  -0.110679;0.678369;-0.180770;,
  -0.149547;0.700876;-0.238540;,
  -0.135007;0.714096;-0.192858;,
  -0.148422;0.681456;-0.290815;,
  -0.112441;0.742047;-0.204876;,
  -0.103396;0.717954;-0.328622;,
  -0.064963;0.673112;-0.381781;,
  -0.088623;0.701089;-0.384000;,
  -0.066367;0.674674;-0.321137;,
  -0.065130;0.663093;-0.424050;,
  -0.079617;0.685382;-0.430746;,
  -0.066367;0.674674;-0.321137;,
  -0.113305;0.642576;-0.379651;,
  -0.064963;0.673112;-0.381781;,
  -0.114073;0.633740;-0.316787;,
  -0.101042;0.648941;-0.425350;,
  -0.065130;0.663093;-0.424050;,
  -0.131208;0.664291;-0.381067;,
  -0.151009;0.676719;-0.324170;,
  -0.108674;0.661653;-0.430665;,
  -0.050989;0.683425;-0.556359;,
  -0.092930;0.652262;-0.533413;,
  -0.095494;0.669370;-0.546523;,
  -0.047855;0.666205;-0.543036;,
  -0.025921;0.672406;-0.498994;,
  -0.032524;0.686165;-0.505889;,
  -0.023108;0.682938;-0.494837;,
  -0.030298;0.675777;-0.508755;,
  -0.100468;0.643955;-0.463873;,
  -0.054076;0.676180;-0.485192;,
  -0.051845;0.653223;-0.459175;,
  -0.102468;0.659355;-0.497854;,
  -0.105988;0.678229;-0.503282;,
  -0.109691;0.680170;-0.457972;,
  -0.059133;0.690687;-0.452028;,
  -0.059624;0.694598;-0.490339;,
  -0.084450;0.765584;-0.179723;,
  -0.084890;0.747356;-0.203201;,
  -0.061284;0.756828;-0.163315;,
  -0.054648;0.740617;-0.184601;,
  -0.078010;0.714594;-0.055027;,
  -0.035622;0.747053;-0.179795;,
  -0.082322;0.722426;-0.203737;,
  -0.072503;0.693093;-0.172825;,
  -0.084290;0.716927;-0.185915;,
  -0.059198;0.710796;-0.185228;,
  -0.090265;0.736968;-0.100916;,
  -0.093472;0.737058;-0.107407;,
  -0.046359;0.750421;-0.079410;,
  0.011749;0.750565;-0.078110;,
  0.006481;0.770905;-0.134371;,
  -0.072480;0.768074;-0.131373;,
  -0.093472;0.737058;-0.107407;,
  -0.079107;0.692756;-0.129506;,
  -0.054005;0.715420;-0.192216;,
  -0.094401;0.727320;-0.111412;,
  -0.082046;0.692141;-0.076993;,
  -0.077221;0.668192;-0.101607;,
  -0.076736;0.677110;-0.149099;,
  -0.086498;0.704158;-0.066283;,
  -0.051845;0.653223;-0.459175;,
  -0.033643;0.764149;-0.205641;,
  -0.023274;0.783444;-0.197991;,
  0.003766;0.775857;-0.167615;,
  0.003084;0.790912;-0.197458;,
  -0.059624;0.694598;-0.490339;,
  -0.050989;0.683425;-0.556359;,
  -0.095494;0.669370;-0.546523;,
  -0.034061;0.661522;-0.484382;,
  -0.034355;0.686830;-0.478869;,
  -0.034061;0.661522;-0.484382;,
  -0.043614;0.669309;-0.497224;,
  -0.053509;0.690521;-0.489616;,
  -0.053509;0.690521;-0.489616;,
  -0.025921;0.672406;-0.498994;,
  -0.023108;0.682938;-0.494837;,
  -0.032524;0.686165;-0.505889;,
  -0.096841;0.035185;0.106921;,
  -0.082768;-0.020119;0.095600;,
  -0.103430;0.019029;0.122621;,
  -0.079996;-0.004525;0.083415;,
  -0.012548;0.117305;0.141723;,
  -0.022394;0.068526;0.150174;,
  -0.023266;0.079846;0.127764;,
  -0.010679;0.108401;0.175789;,
  -0.032875;0.132543;0.106682;,
  -0.051829;0.129403;0.148479;,
  -0.056673;0.138294;0.105752;,
  -0.063424;0.082689;0.162044;,
  -0.067154;0.100196;0.131908;,
  -0.043447;0.117290;0.183683;,
  -0.053155;0.092397;0.078859;,
  -0.068212;0.112927;0.101228;,
  -0.050468;-0.005076;0.084865;,
  -0.046416;-0.020946;0.092797;,
  -0.103430;0.019029;0.122621;,
  -0.046416;-0.020946;0.092797;,
  -0.001366;0.358889;-0.053592;,
  -0.023032;0.263340;-0.041571;,
  -0.009876;0.211019;0.005188;,
  -0.019826;0.167524;0.044487;,
  -0.033012;0.099748;0.097842;,
  -0.033012;0.099748;0.097842;,
  -0.045380;0.753166;-0.220326;,
  -0.030198;0.730952;-0.220736;,
  -0.026711;0.746927;-0.211211;,
  -0.039024;0.733806;-0.227059;,
  -0.034575;0.782096;-0.225266;,
  -0.024185;0.803825;-0.223716;,
  -0.015683;0.809283;-0.346402;,
  0.004035;0.809475;-0.350823;,
  -0.037078;0.737247;-0.311738;,
  -0.031611;0.757970;-0.332315;,
  -0.020969;0.729153;-0.314516;,
  -0.044547;0.741616;-0.246164;,
  -0.049345;0.770722;-0.242305;,
  -0.042497;0.766248;-0.225752;,
  -0.047448;0.803101;-0.264026;,
  -0.049977;0.788814;-0.283814;,
  -0.042957;0.776949;-0.329876;,
  -0.048750;0.763284;-0.293258;,
  -0.048667;0.801872;-0.318635;,
  -0.043006;0.818629;-0.259388;,
  -0.029795;0.839034;-0.256694;,
  0.010299;0.844866;-0.252931;,
  -0.023321;0.850925;-0.303266;,
  0.010486;0.857119;-0.300676;,
  -0.049863;0.753021;-0.273036;,
  -0.038175;0.728826;-0.280474;,
  -0.037044;0.723911;-0.244875;,
  -0.024663;0.700066;-0.229674;,
  -0.025567;0.774636;-0.344887;,
  -0.035539;0.806689;-0.336791;,
  -0.040475;0.834974;-0.309922;,
  -0.027387;0.834501;-0.329679;,
  0.008050;0.842076;-0.332937;,
  -0.009398;0.840842;-0.331726;,
  0.007776;0.815784;-0.225325;,
  -0.040475;0.834974;-0.309922;,
  -0.027387;0.834501;-0.329679;,
  -0.055541;0.772194;-0.244812;,
  -0.058446;0.804147;-0.279967;,
  -0.052537;0.789784;-0.266487;,
  -0.063231;0.802361;-0.259293;,
  -0.063231;0.802361;-0.259293;,
  -0.055541;0.772194;-0.244812;,
  -0.058446;0.804147;-0.279967;,
  -0.049977;0.788814;-0.283814;,
  -0.052003;0.771078;-0.266074;,
  -0.049345;0.770722;-0.242305;,
  -0.037149;0.739801;-0.299810;,
  -0.052003;0.771078;-0.266074;,
  -0.035622;0.747053;-0.179795;,
  -0.033643;0.764149;-0.205641;,
  -0.054648;0.740617;-0.184601;,
  -0.034575;0.782096;-0.225266;,
  0.029262;0.500790;0.040607;,
  0.031062;0.466635;0.037998;,
  0.040828;0.452639;0.039159;,
  0.021979;0.450018;-0.027758;,
  -0.009398;0.840842;-0.331726;,
  0.008050;0.842076;-0.332937;,
  -0.024773;0.711337;-0.259618;,
  -0.017252;0.715915;-0.282948;,
  -0.017797;0.710896;-0.274719;,
  -0.018217;0.732396;-0.302211;,
  0.022325;0.632741;-0.002020;,
  -0.054648;0.740617;-0.184601;,
  -0.082768;-0.020119;0.095600;,
  -0.024380;0.708176;-0.253824;,
  -0.017572;0.700348;-0.255741;,
  -0.016840;0.705834;-0.258086;,
  -0.016967;0.703655;-0.263910;,
  -0.094401;0.727320;-0.111412;,
  -0.074545;0.703996;-0.118550;,
  -0.079107;0.692756;-0.129506;,
  -0.076736;0.677110;-0.149099;,
  -0.043006;0.818629;-0.259388;,
  -0.013688;0.216359;-0.050302;,
  0.003769;0.153828;-0.023485;,
  -0.022627;0.151411;-0.010827;,
  0.005403;0.226289;-0.049715;,
  -0.016394;0.269815;-0.083135;,
  0.008118;0.278257;-0.076595;,
  -0.002761;0.365314;-0.083104;,
  0.008939;0.366828;-0.080386;,
  0.003461;0.454119;-0.088726;,
  0.009164;0.452342;-0.088964;,
  0.009120;0.495536;-0.092019;,
  -0.030052;0.500850;-0.074113;,
  0.001897;0.090800;-0.004683;,
  -0.025349;0.087837;0.022169;,
  -0.007694;0.143221;0.138313;,
  -0.076865;0.199956;0.076147;,
  -0.056659;0.138294;0.105751;,
  -0.010556;0.203524;0.094237;,
  -0.080307;0.263833;0.037871;,
  -0.015578;0.261637;0.053034;,
  -0.015217;0.285357;0.027125;,
  -0.064706;0.279253;-0.002500;,
  -0.084774;0.358948;0.017485;,
  -0.002973;0.356680;0.039653;,
  0.031062;0.466635;0.037998;,
  -0.012926;0.456010;0.044061;,
  -0.074545;0.703996;-0.118550;,
  -0.041950;0.459471;-0.074415;,
  -0.049934;0.360979;-0.077133;,
  -0.052677;0.256650;-0.078610;,
  -0.052683;0.212016;-0.022579;,
  -0.050762;0.154950;0.024652;,
  -0.053155;0.092397;0.078859;,
  0.130934;0.365933;-0.016356;,
  0.078063;0.463713;0.031133;,
  0.118736;0.448244;-0.007619;,
  0.103170;0.278428;-0.012634;,
  0.128640;0.231931;0.003359;,
  0.124065;0.157718;0.008702;,
  0.106538;0.086659;0.018420;,
  -0.064647;0.439146;0.023059;;
  916;
  3;0,1,2;,
  3;1,0,3;,
  3;4,5,6;,
  3;5,4,7;,
  3;8,9,10;,
  3;9,8,11;,
  3;12,13,14;,
  3;13,12,15;,
  3;16,12,17;,
  3;12,16,15;,
  3;18,19,20;,
  3;19,18,16;,
  3;6,21,22;,
  3;21,6,5;,
  3;14,23,24;,
  3;23,14,13;,
  3;25,26,27;,
  3;26,25,28;,
  3;29,30,31;,
  3;30,29,32;,
  3;30,33,31;,
  3;33,30,34;,
  3;35,36,37;,
  3;36,35,38;,
  3;38,39,36;,
  3;39,38,40;,
  3;37,41,42;,
  3;41,37,36;,
  3;36,43,41;,
  3;43,36,39;,
  3;42,30,32;,
  3;30,42,41;,
  3;41,34,30;,
  3;34,41,43;,
  3;44,45,46;,
  3;45,44,47;,
  3;48,49,50;,
  3;49,48,51;,
  3;50,52,53;,
  3;52,50,49;,
  3;54,55,56;,
  3;55,54,57;,
  3;57,58,55;,
  3;58,57,59;,
  3;56,60,61;,
  3;60,56,55;,
  3;55,62,60;,
  3;62,55,58;,
  3;61,49,51;,
  3;49,61,60;,
  3;60,52,49;,
  3;52,60,62;,
  3;32,19,63;,
  3;19,32,29;,
  3;64,65,66;,
  3;65,64,20;,
  3;14,67,12;,
  3;67,14,68;,
  3;68,69,67;,
  3;69,68,70;,
  3;70,42,69;,
  3;42,70,37;,
  3;48,34,51;,
  3;34,48,33;,
  3;51,43,61;,
  3;43,51,34;,
  3;43,56,61;,
  3;56,43,39;,
  3;39,54,56;,
  3;54,39,40;,
  3;12,63,17;,
  3;63,12,67;,
  3;67,32,63;,
  3;32,67,69;,
  3;69,42,32;,
  3;71,72,25;,
  3;73,74,75;,
  3;74,73,76;,
  3;74,77,75;,
  3;77,74,78;,
  3;79,78,80;,
  3;78,79,77;,
  3;81,82,83;,
  3;82,84,85;,
  3;84,82,86;,
  3;87,88,89;,
  3;88,90,89;,
  3;90,88,91;,
  3;92,93,94;,
  3;92,89,93;,
  3;92,87,89;,
  3;89,95,93;,
  3;95,89,90;,
  3;96,93,82;,
  3;93,86,82;,
  3;86,93,95;,
  3;97,98,99;,
  3;98,97,100;,
  3;100,101,98;,
  3;101,100,102;,
  3;103,104,105;,
  3;104,103,106;,
  3;106,107,104;,
  3;107,106,108;,
  3;105,109,110;,
  3;109,105,104;,
  3;104,111,109;,
  3;111,104,107;,
  3;110,100,97;,
  3;100,110,109;,
  3;109,102,100;,
  3;102,109,111;,
  3;112,113,114;,
  3;113,112,115;,
  3;116,117,118;,
  3;117,116,119;,
  3;120,121,122;,
  3;121,120,123;,
  3;120,124,125;,
  3;124,120,122;,
  3;126,124,127;,
  3;124,126,125;,
  3;95,97,86;,
  3;97,95,110;,
  3;86,99,84;,
  3;99,86,97;,
  3;90,103,105;,
  3;103,90,91;,
  3;105,95,90;,
  3;95,105,110;,
  3;128,96,129;,
  3;96,128,94;,
  3;129,130,128;,
  3;130,129,131;,
  3;72,28,25;,
  3;28,72,132;,
  3;10,133,8;,
  3;134,135,136;,
  3;135,134,137;,
  3;81,137,134;,
  3;138,11,139;,
  3;138,9,11;,
  3;138,140,9;,
  3;141,11,142;,
  3;11,141,139;,
  3;128,130,143;,
  3;94,144,92;,
  3;94,143,144;,
  3;94,128,143;,
  3;145,87,146;,
  3;87,145,147;,
  3;75,148,73;,
  3;148,75,149;,
  3;150,147,145;,
  3;7,149,75;,
  3;148,151,73;,
  3;102,152,101;,
  3;152,102,126;,
  3;102,125,126;,
  3;125,102,111;,
  3;111,120,125;,
  3;120,111,107;,
  3;120,108,123;,
  3;108,120,107;,
  3;8,153,154;,
  3;153,8,133;,
  3;154,155,8;,
  3;155,154,156;,
  3;122,114,113;,
  3;114,122,121;,
  3;121,112,114;,
  3;112,121,157;,
  3;158,124,159;,
  3;124,158,127;,
  3;159,122,113;,
  3;122,159,124;,
  3;126,160,152;,
  3;160,126,161;,
  3;162,121,123;,
  3;121,162,163;,
  3;121,164,157;,
  3;164,121,163;,
  3;165,126,127;,
  3;126,165,161;,
  3;161,166,160;,
  3;166,161,167;,
  3;162,118,163;,
  3;118,162,116;,
  3;163,117,164;,
  3;117,163,118;,
  3;165,167,161;,
  3;167,165,168;,
  3;169,170,171;,
  3;170,169,172;,
  3;173,174,175;,
  3;174,173,176;,
  3;177,178,179;,
  3;178,177,173;,
  3;180,178,181;,
  3;178,180,182;,
  3;183,169,171;,
  3;169,183,184;,
  3;174,185,186;,
  3;185,174,176;,
  3;46,187,44;,
  3;187,46,188;,
  3;180,169,182;,
  3;169,180,172;,
  3;20,29,65;,
  3;19,29,20;,
  3;29,31,189;,
  3;31,190,189;,
  3;190,31,33;,
  3;33,191,190;,
  3;191,33,48;,
  3;191,50,192;,
  3;50,191,48;,
  3;192,53,193;,
  3;53,192,50;,
  3;194,171,185;,
  3;171,194,183;,
  3;171,186,185;,
  3;186,171,170;,
  3;185,176,194;,
  3;194,173,177;,
  3;173,194,176;,
  3;178,175,181;,
  3;175,178,173;,
  3;179,182,184;,
  3;182,179,178;,
  3;182,169,184;,
  3;16,17,19;,
  3;17,63,19;,
  3;65,195,66;,
  3;196,197,198;,
  3;197,196,199;,
  3;200,154,153;,
  3;154,200,201;,
  3;202,203,204;,
  3;205,206,207;,
  3;196,208,209;,
  3;208,196,198;,
  3;210,209,211;,
  3;209,210,196;,
  3;212,213,214;,
  3;213,212,215;,
  3;212,214,211;,
  3;201,216,217;,
  3;216,201,200;,
  3;218,219,220;,
  3;219,218,217;,
  3;210,199,196;,
  3;213,205,207;,
  3;221,222,223;,
  3;198,197,224;,
  3;224,225,226;,
  3;225,224,197;,
  3;227,213,207;,
  3;228,229,214;,
  3;229,228,230;,
  3;220,231,232;,
  3;213,228,214;,
  3;156,201,233;,
  3;201,156,154;,
  3;233,217,218;,
  3;217,233,201;,
  3;219,217,234;,
  3;235,219,234;,
  3;236,237,238;,
  3;237,236,239;,
  3;209,240,211;,
  3;240,209,241;,
  3;211,242,212;,
  3;242,211,240;,
  3;243,239,244;,
  3;239,243,237;,
  3;244,236,245;,
  3;236,244,239;,
  3;246,221,223;,
  3;221,246,215;,
  3;221,212,247;,
  3;212,221,215;,
  3;199,248,2;,
  3;248,199,249;,
  3;133,10,250;,
  3;249,210,251;,
  3;210,249,199;,
  3;210,211,251;,
  3;252,1,253;,
  3;1,252,2;,
  3;20,254,18;,
  3;254,20,64;,
  3;24,68,14;,
  3;68,24,255;,
  3;68,256,70;,
  3;256,68,255;,
  3;256,37,70;,
  3;37,256,257;,
  3;258,2,252;,
  3;2,258,199;,
  3;257,259,37;,
  3;37,259,35;,
  3;260,204,261;,
  3;204,260,202;,
  3;262,263,223;,
  3;263,262,264;,
  3;197,258,225;,
  3;258,197,199;,
  3;265,203,227;,
  3;265,207,266;,
  3;207,265,227;,
  3;223,267,246;,
  3;267,223,263;,
  3;88,87,147;,
  3;83,82,85;,
  3;78,16,18;,
  3;16,78,74;,
  3;74,15,16;,
  3;15,74,76;,
  3;15,71,13;,
  3;71,15,76;,
  3;13,268,23;,
  3;268,13,71;,
  3;248,269,2;,
  3;2,269,0;,
  3;136,129,134;,
  3;129,136,131;,
  3;134,96,81;,
  3;96,134,129;,
  3;96,82,81;,
  3;93,96,94;,
  3;29,189,65;,
  3;205,215,246;,
  3;267,205,246;,
  3;205,267,206;,
  3;205,213,215;,
  3;187,188,270;,
  3;224,271,272;,
  3;222,221,208;,
  3;224,222,198;,
  3;272,273,262;,
  3;273,272,271;,
  3;263,274,275;,
  3;273,276,262;,
  3;277,271,278;,
  3;271,277,273;,
  3;222,272,262;,
  3;272,222,224;,
  3;222,208,198;,
  3;209,221,247;,
  3;221,209,208;,
  3;223,222,262;,
  3;266,206,279;,
  3;206,266,207;,
  3;206,280,279;,
  3;280,206,267;,
  3;280,263,275;,
  3;263,280,267;,
  3;264,262,276;,
  3;76,73,72;,
  3;138,281,140;,
  3;73,132,72;,
  3;132,73,151;,
  3;72,71,76;,
