xof 0303txt 0032
template ColorRGBA {
 <35ff44e0-6c7c-11cf-8f52-0040333594a3>
 FLOAT red;
 FLOAT green;
 FLOAT blue;
 FLOAT alpha;
}

template ColorRGB {
 <d3e16e81-7835-11cf-8f52-0040333594a3>
 FLOAT red;
 FLOAT green;
 FLOAT blue;
}

template Material {
 <3d82ab4d-62da-11cf-ab39-0020af71e433>
 ColorRGBA faceColor;
 FLOAT power;
 ColorRGB specularColor;
 ColorRGB emissiveColor;
 [...]
}

template TextureFilename {
 <a42790e1-7810-11cf-8f52-0040333594a3>
 STRING filename;
}

template Frame {
 <3d82ab46-62da-11cf-ab39-0020af71e433>
 [...]
}

template Matrix4x4 {
 <f6f23f45-7686-11cf-8f52-0040333594a3>
 array FLOAT matrix[16];
}

template FrameTransformMatrix {
 <f6f23f41-7686-11cf-8f52-0040333594a3>
 Matrix4x4 frameMatrix;
}

template Vector {
 <3d82ab5e-62da-11cf-ab39-0020af71e433>
 FLOAT x;
 FLOAT y;
 FLOAT z;
}

template MeshFace {
 <3d82ab5f-62da-11cf-ab39-0020af71e433>
 DWORD nFaceVertexIndices;
 array DWORD faceVertexIndices[nFaceVertexIndices];
}

template Mesh {
 <3d82ab44-62da-11cf-ab39-0020af71e433>
 DWORD nVertices;
 array Vector vertices[nVertices];
 DWORD nFaces;
 array MeshFace faces[nFaces];
 [...]
}

template MeshMaterialList {
 <f6f23f42-7686-11cf-8f52-0040333594a3>
 DWORD nMaterials;
 DWORD nFaceIndexes;
 array DWORD faceIndexes[nFaceIndexes];
 [Material <3d82ab4d-62da-11cf-ab39-0020af71e433>]
}

template VertexElement {
 <f752461c-1e23-48f6-b9f8-8350850f336f>
 DWORD Type;
 DWORD Method;
 DWORD Usage;
 DWORD UsageIndex;
}

template DeclData {
 <bf22e553-292c-4781-9fea-62bd554bdd93>
 DWORD nElements;
 array VertexElement Elements[nElements];
 DWORD nDWords;
 array DWORD data[nDWords];
}

template XSkinMeshHeader {
 <3cf169ce-ff7c-44ab-93c0-f78f62d172e2>
 WORD nMaxSkinWeightsPerVertex;
 WORD nMaxSkinWeightsPerFace;
 WORD nBones;
}

template SkinWeights {
 <6f0d123b-bad2-4167-a0d0-80224f25fabb>
 STRING transformNodeName;
 DWORD nWeights;
 array DWORD vertexIndices[nWeights];
 array FLOAT weights[nWeights];
 Matrix4x4 matrixOffset;
}

template AnimTicksPerSecond {
 <9e415a43-7ba6-4a73-8743-b73d47e88476>
 DWORD AnimTicksPerSecond;
}

template Animation {
 <3d82ab4f-62da-11cf-ab39-0020af71e433>
 [...]
}

template AnimationSet {
 <3d82ab50-62da-11cf-ab39-0020af71e433>
 [Animation <3d82ab4f-62da-11cf-ab39-0020af71e433>]
}

template FloatKeys {
 <10dd46a9-775b-11cf-8f52-0040333594a3>
 DWORD nValues;
 array FLOAT values[nValues];
}

template TimedFloatKeys {
 <f406b180-7b3b-11cf-8f52-0040333594a3>
 DWORD time;
 FloatKeys tfkeys;
}

template AnimationKey {
 <10dd46a8-775b-11cf-8f52-0040333594a3>
 DWORD keyType;
 DWORD nKeys;
 array TimedFloatKeys keys[nKeys];
}


Material _03_-_Default {
 1.000000;1.000000;1.000000;1.000000;;
 9.999999;
 0.000000;0.000000;0.000000;;
 0.000000;0.000000;0.000000;;

 TextureFilename {
  "MaleBody_full.png";
 }
}

Frame Dummy01 {
 

 FrameTransformMatrix {
  1.000000,0.000000,0.000000,0.000000,0.000000,-0.000000,-1.000000,0.000000,0.000000,1.000000,-0.000000,0.000000,0.000000,0.000000,0.000000,1.000000;;
 }

 Frame Bip01 {
  

  FrameTransformMatrix {
   0.283807,0.399002,0.871924,0.000000,-0.144890,-0.881028,0.450329,0.000000,0.947871,-0.254140,-0.192231,0.000000,0.003000,-0.120415,0.076108,1.000000;;
  }

  Frame Bip01_Pelvis {
   

   FrameTransformMatrix {
    0.000000,1.000000,-0.000001,0.000000,-0.000001,0.000001,1.000000,0.000000,1.000000,0.000000,0.000001,0.000000,0.000000,0.000000,0.000000,1.000000;;
   }

   Frame Bip01_Spine {
    

    FrameTransformMatrix {
     0.783360,0.166783,0.598775,0.000000,0.019868,0.956117,-0.292310,0.000000,-0.621251,0.240880,0.745670,0.000000,0.051686,-0.000020,-0.000063,1.000000;;
    }

    Frame Bip01_Spine1 {
     

     FrameTransformMatrix {
      0.928810,0.156582,0.335847,0.000000,-0.072824,0.965792,-0.248883,0.000000,-0.363329,0.206708,0.908440,0.000000,0.106511,-0.000018,-0.000077,1.000000;;
     }

     Frame Bip01_Neck {
      

      FrameTransformMatrix {
       0.830153,0.170550,0.530809,0.000000,-0.167124,0.984405,-0.054920,0.000000,-0.531898,-0.043119,0.845710,0.000000,0.130519,0.000001,0.004629,1.000000;;
      }

      Frame Bip01_Head {
       

       FrameTransformMatrix {
        0.838301,0.222455,0.497761,0.000000,-0.052459,0.941649,-0.332484,0.000000,-0.542679,0.252610,0.801054,0.000000,0.033674,0.000000,-0.000000,1.000000;;
       }

       Frame Bip01_HeadNub {
        

        FrameTransformMatrix {
         1.000000,0.000000,0.000000,0.000000,0.000000,1.000000,-0.000000,0.000000,-0.000000,0.000000,1.000000,0.000000,0.169824,-0.000000,0.000000,1.000000;;
        }
       }
      }

      Frame Bip01_L_Clavicle {
       

       FrameTransformMatrix {
        0.300831,0.906914,0.294969,0.000000,0.848962,-0.113761,-0.516064,0.000000,-0.434470,0.405665,-0.804159,0.000000,-0.019733,0.019740,0.008194,1.000000;;
       }

       Frame Bip01_L_UpperArm {
        

        FrameTransformMatrix {
         0.513825,-0.852884,-0.092596,0.000000,0.835332,0.472797,0.280506,0.000000,-0.195460,-0.221479,0.955376,0.000000,0.087086,0.000000,0.000000,1.000000;;
        }

        Frame Bip01_L_Forearm {
         

         FrameTransformMatrix {
          0.629232,-0.000000,-0.777218,0.000000,0.000000,1.000000,-0.000000,0.000000,0.777218,-0.000000,0.629232,0.000000,0.137062,-0.000000,-0.000000,1.000000;;
         }

         Frame Bip01_L_Hand {
          

          FrameTransformMatrix {
           0.947310,-0.184093,-0.262132,0.000000,0.078426,-0.660143,0.747034,0.000000,-0.310568,-0.728231,-0.610923,0.000000,0.137062,0.000000,0.000000,1.000000;;
          }

          Frame Bip01_L_Finger0 {
           

           FrameTransformMatrix {
            0.552330,-0.069058,0.830760,0.000000,0.587143,0.739666,-0.328876,0.000000,-0.591773,0.669423,0.449087,0.000000,0.057681,-0.023605,-0.000272,1.000000;;
           }

           Frame Bip01_L_Finger0Nub {
            

            FrameTransformMatrix {
             1.000000,0.000000,-0.000000,0.000000,0.000000,1.000000,0.000000,0.000000,0.000000,0.000000,1.000000,0.000000,0.029435,0.000000,-0.000000,1.000000;;
            }
           }
          }

          Frame Bip01_L_Finger1 {
           

           FrameTransformMatrix {
            0.701550,-0.000567,0.712620,0.000000,-0.000000,1.000000,0.000796,0.000000,-0.712620,-0.000559,0.701549,0.000000,0.084102,-0.000000,-0.000000,1.000000;;
           }

           Frame Bip01_L_Finger1Nub {
            

            FrameTransformMatrix {
             1.000000,0.000000,0.000000,0.000000,-0.000000,1.000000,0.000000,0.000000,0.000000,0.000000,1.000000,0.000000,0.047988,0.000000,0.000000,1.000000;;
            }
           }
          }
         }
        }
       }
      }

      Frame Bip01_R_Clavicle {
       

       FrameTransformMatrix {
        -0.611168,-0.788015,-0.074200,0.000000,-0.662948,0.458435,0.591893,0.000000,-0.432405,0.410936,-0.802594,0.000000,-0.025094,-0.011199,0.009549,1.000000;;
       }

       Frame Bip01_R_UpperArm {
        

        FrameTransformMatrix {
         0.406377,0.870479,0.277712,0.000000,-0.707788,0.107687,0.698169,0.000000,0.577835,-0.480281,0.659876,0.000000,0.087086,0.000000,-0.000000,1.000000;;
        }

        Frame Bip01_R_Forearm {
         

         FrameTransformMatrix {
          0.815952,0.000000,-0.578119,0.000000,-0.000000,1.000000,-0.000000,0.000000,0.578119,0.000000,0.815952,0.000000,0.137062,0.000000,0.000000,1.000000;;
         }

         Frame Bip01_R_Hand {
          

          FrameTransformMatrix {
           0.987498,0.034028,-0.153917,0.000000,-0.105293,-0.584268,-0.804701,0.000000,-0.117311,0.810847,-0.573381,0.000000,0.137062,-0.000000,0.000000,1.000000;;
          }

          Frame Bip01_R_Finger0 {
           

           FrameTransformMatrix {
            0.829256,0.514255,0.218807,0.000000,-0.558537,0.749101,0.356210,0.000000,0.019274,-0.417601,0.908427,0.000000,0.057681,0.023605,-0.000272,1.000000;;
           }

           Frame Bip01_R_Finger0Nub {
            

            FrameTransformMatrix {
             -1.000000,-0.000000,0.000000,0.000000,0.000000,1.000000,0.000000,0.000000,0.000000,-0.000000,-1.000000,0.000000,0.029435,0.000000,-0.000000,1.000000;;
            }
           }
          }

          Frame Bip01_R_Finger1 {
           

           FrameTransformMatrix {
            0.268528,0.000767,0.963271,0.000000,0.000000,1.000000,-0.000796,0.000000,-0.963272,0.000214,0.268528,0.000000,0.084102,0.000000,0.000000,1.000000;;
           }

           Frame Bip01_R_Finger1Nub {
            

            FrameTransformMatrix {
             -1.000000,-0.000000,0.000000,0.000000,0.000000,1.000000,0.000000,0.000000,-0.000000,0.000000,-1.000000,0.000000,0.047988,0.000000,0.000000,1.000000;;
            }
           }
          }
         }
        }
       }
      }
     }

     Frame Bip01_BackPack {
      

      FrameTransformMatrix {
       0.035097,-0.075887,-0.996499,0.000000,0.053820,0.995809,-0.073939,0.000000,0.997934,-0.051036,0.039035,0.000000,0.051182,0.000002,-0.091273,1.000000;;
      }

      Frame Bip01_BackPackNub {
       

       FrameTransformMatrix {
        0.000796,0.000003,1.000000,0.000000,0.000000,-1.000000,0.000003,0.000000,1.000000,-0.000000,-0.000796,0.000000,0.053240,0.000000,0.000000,1.000000;;
       }
      }
     }
    }

    Frame Bip01_L_Thigh {
     

     FrameTransformMatrix {
      -0.260235,0.190582,0.946549,0.000000,0.660405,-0.680025,0.318484,0.000000,0.704374,0.707987,0.051105,0.000000,-0.031237,0.051776,0.045465,1.000000;;
     }

     Frame Bip01_L_Calf {
      

      FrameTransformMatrix {
       0.594566,-0.000000,-0.804047,0.000000,0.000000,1.000000,-0.000000,0.000000,0.804047,-0.000000,0.594566,0.000000,0.237500,-0.000000,0.000000,1.000000;;
      }

      Frame Bip01_L_Foot {
       

       FrameTransformMatrix {
        0.974124,0.220903,0.047803,0.000000,-0.224414,0.970478,0.088379,0.000000,-0.026868,-0.096820,0.994939,0.000000,0.206841,0.000000,0.000000,1.000000;;
       }

       Frame Bip01_L_Toe0 {
        

        FrameTransformMatrix {
         0.075946,0.595256,0.799939,0.000000,0.378222,0.725103,-0.575477,0.000000,-0.922594,0.346260,-0.170070,0.000000,0.065373,-0.000000,0.066450,1.000000;;
        }

        Frame Bip01_L_Toe0Nub {
         

         FrameTransformMatrix {
          -1.000000,0.000000,0.000000,0.000000,0.000000,1.000000,0.000000,0.000000,0.000000,0.000000,-1.000000,0.000000,0.006735,0.000000,0.000000,1.000000;;
         }
        }
       }
      }
     }
    }

    Frame Bip01_R_Thigh {
     

     FrameTransformMatrix {
      -0.123826,-0.603946,0.787348,0.000000,-0.409331,-0.691713,-0.594963,0.000000,0.903944,-0.395957,-0.161562,0.000000,-0.049658,-0.053828,0.018859,1.000000;;
     }

     Frame Bip01_R_Calf {
      

      FrameTransformMatrix {
       0.450561,-0.000000,-0.892746,0.000000,0.000000,1.000000,0.000000,0.000000,0.892746,0.000000,0.450561,0.000000,0.237500,0.000000,0.000000,1.000000;;
      }

      Frame Bip01_R_Foot {
       

       FrameTransformMatrix {
        0.902207,-0.019913,-0.430843,0.000000,-0.034872,0.992295,-0.118888,0.000000,0.429891,0.122286,0.894561,0.000000,0.206841,0.000000,-0.000000,1.000000;;
       }

       Frame Bip01_R_Toe0 {
        

        FrameTransformMatrix {
         -0.041201,0.044639,0.998153,0.000000,0.001841,0.999003,-0.044601,0.000000,-0.999149,0.000000,-0.041242,0.000000,0.065373,-0.000000,0.066450,1.000000;;
        }

        Frame Bip01_R_Toe0Nub {
         

         FrameTransformMatrix {
          1.000000,-0.000000,0.000000,0.000000,0.000000,1.000000,0.000000,0.000000,-0.000000,0.000000,1.000000,0.000000,0.006735,0.000000,-0.000000,1.000000;;
         }
        }
       }
      }
     }
    }
   }

   Frame Bip01_DressFront {
    

    FrameTransformMatrix {
     -0.625321,-0.002849,0.780363,0.000000,0.020234,0.999598,0.019863,0.000000,-0.780105,0.028211,-0.625012,0.000000,-0.009365,0.000648,0.063456,1.000000;;
    }

    Frame Bip01_DressFront02 {
     

     FrameTransformMatrix {
      0.389670,-0.078547,0.917599,0.000000,-0.126579,0.982333,0.137841,0.000000,-0.912215,-0.169861,0.372843,0.000000,0.183444,0.000022,-0.000049,1.000000;;
     }

     Frame Bip01_DressFrontNub {
      

      FrameTransformMatrix {
       0.000796,0.000003,1.000000,0.000000,0.000000,-1.000000,0.000003,0.000000,1.000000,0.000000,-0.000796,0.000000,0.165302,-0.000000,0.000000,1.000000;;
      }
     }
    }
   }

   Frame Bip01_DressBack {
    

    FrameTransformMatrix {
     -0.589688,-0.089089,0.802703,0.000000,-0.059710,0.995987,0.066676,0.000000,-0.805421,-0.008611,-0.592641,0.000000,-0.054321,-0.001056,-0.068541,1.000000;;
    }

    Frame Bip01_DressBack02 {
     

     FrameTransformMatrix {
      0.568213,-0.064122,0.820380,0.000000,-0.024751,0.995176,0.094928,0.000000,-0.822509,-0.074245,0.563885,0.000000,0.176248,0.000008,-0.000061,1.000000;;
     }

     Frame Bip01_DressBackNub {
      

      FrameTransformMatrix {
       0.000796,0.000003,1.000000,0.000000,0.000000,-1.000000,0.000003,0.000000,1.000000,0.000000,-0.000796,0.000000,0.136508,0.000000,0.000000,1.000000;;
      }
     }
    }
   }
  }

  Frame Bip01_Prop1 {
   

   FrameTransformMatrix {
    -0.733825,-0.616145,0.286123,0.000000,0.679156,-0.675151,0.287956,0.000000,0.015754,0.405631,0.913901,0.000000,-0.123735,0.016822,-0.087621,1.000000;;
   }
  }

  Frame Bip01_Prop2 {
   

   FrameTransformMatrix {
    1.000000,0.000000,0.000000,0.000000,0.000000,1.000000,-0.000000,0.000000,0.000000,0.000000,1.000000,0.000000,-0.002575,-0.044387,0.202020,1.000000;;
   }
  }
 }
}

Frame Translation_Data {
 

 FrameTransformMatrix {
  1.000000,0.000000,0.000000,0.000000,0.000000,-0.000000,-1.000000,0.000000,0.000000,1.000000,-0.000000,0.000000,0.000000,0.000000,0.000000,1.000000;;
 }
}

Frame Body {
 

 FrameTransformMatrix {
  1.000000,0.000000,0.000000,0.000000,0.000000,1.000000,0.000000,0.000000,0.000000,0.000000,1.000000,0.000000,0.000000,0.000000,0.000000,1.000000;;
 }

 Mesh Body {
  617;
  0.135788;0.243883;0.246400;,
  0.108611;0.251021;0.236803;,
  0.109448;0.279022;0.255604;,
  0.135002;0.220719;0.243960;,
  0.131236;0.200381;0.253077;,
  0.103573;0.191189;0.211325;,
  0.108901;0.219963;0.217989;,
  0.111719;0.172929;0.254666;,
  0.098004;0.297980;0.291947;,
  0.105850;0.251767;0.328001;,
  0.126736;0.259671;0.294769;,
  0.081588;0.273445;0.319929;,
  0.063884;0.048622;0.200510;,
  0.015894;0.048603;0.209207;,
  0.018488;0.033219;0.195575;,
  0.054028;0.058684;0.210285;,
  0.067489;0.103006;0.183354;,
  0.078403;0.076801;0.171104;,
  0.052249;0.130730;0.157627;,
  0.076414;0.091423;0.137594;,
  0.053283;0.104393;0.115686;,
  0.070550;0.219072;0.178474;,
  0.085026;0.244099;0.194906;,
  -0.023504;0.057860;0.195497;,
  -0.020663;0.039575;0.181040;,
  0.018625;0.150983;0.291641;,
  -0.010349;0.216163;0.290343;,
  -0.021412;0.176912;0.271742;,
  0.031945;0.187716;0.315520;,
  0.105047;0.079618;0.117561;,
  0.161638;0.031381;0.035135;,
  0.172156;0.076170;0.046917;,
  0.095211;0.036673;0.108909;,
  0.233114;0.078261;-0.041369;,
  0.203485;0.038800;-0.048397;,
  0.082085;0.118039;0.105972;,
  0.084251;0.084253;-0.017295;,
  0.004552;-0.012150;0.095502;,
  0.140313;0.113700;0.024672;,
  0.156403;0.079761;-0.064057;,
  0.191948;0.093669;-0.057310;,
  0.111624;0.011009;-0.000627;,
  0.065766;0.011859;0.076712;,
  0.166522;0.041198;-0.055418;,
  0.120831;-0.003857;-0.310870;,
  0.073109;0.030968;-0.298954;,
  0.119257;0.041114;-0.311232;,
  0.076876;-0.003683;-0.299357;,
  0.205814;0.058824;-0.106985;,
  0.167528;0.009692;-0.167505;,
  0.187752;0.043981;-0.177301;,
  0.186197;0.022543;-0.096313;,
  0.144373;0.000214;-0.244045;,
  0.167751;0.024665;-0.252386;,
  0.169270;0.089704;-0.124746;,
  0.117586;0.062156;-0.159766;,
  0.122061;0.080369;-0.096623;,
  0.156135;0.066533;-0.177904;,
  0.117941;0.029496;-0.231335;,
  0.140429;0.036613;-0.253285;,
  0.133040;0.002537;-0.151849;,
  0.141082;0.013002;-0.078481;,
  0.124087;0.006745;-0.224291;,
  0.086902;0.058126;0.149291;,
  0.018886;0.119182;0.093746;,
  0.082085;0.118039;0.105972;,
  0.019910;0.091437;0.068940;,
  0.073885;0.008043;0.166779;,
  0.019835;-0.003879;0.162491;,
  0.066003;0.003016;0.100912;,
  0.024739;0.005324;0.100615;,
  0.009670;0.107380;0.258851;,
  0.051257;0.136755;0.291479;,
  0.070914;0.137782;0.285528;,
  0.069054;0.121831;0.215327;,
  0.097435;0.152096;0.242615;,
  0.048182;0.101339;0.253622;,
  0.091679;0.172927;0.198681;,
  0.065337;0.137735;0.182941;,
  0.054922;0.207055;0.170164;,
  0.028257;0.157087;0.157383;,
  0.184384;0.191141;0.250172;,
  0.186281;0.140796;0.245005;,
  0.141456;0.210418;0.224072;,
  0.138869;0.102123;0.206823;,
  0.140307;0.151111;0.207993;,
  0.176290;0.092792;0.236346;,
  0.101894;0.190046;0.265686;,
  0.140307;0.151111;0.207993;,
  0.097872;0.139800;0.257358;,
  0.105462;0.082369;0.241035;,
  0.138869;0.102123;0.206823;,
  0.103468;0.188070;0.276733;,
  0.143889;0.129738;0.294575;,
  0.141513;0.179228;0.298842;,
  0.142749;0.072910;0.270432;,
  0.171534;0.185587;0.276633;,
  0.189718;0.089108;0.224134;,
  0.176643;0.061839;0.150655;,
  0.146326;0.099018;0.187813;,
  0.203300;0.057229;0.175465;,
  0.196607;0.035767;0.128288;,
  0.214435;0.026355;0.137288;,
  0.146326;0.099018;0.187813;,
  0.153181;0.018169;0.179228;,
  0.112555;0.052790;0.214602;,
  0.176643;0.061839;0.150655;,
  0.177114;0.006486;0.140232;,
  0.196607;0.035767;0.128288;,
  0.173677;0.015082;0.198318;,
  0.155665;0.042973;0.250802;,
  0.194547;-0.002239;0.150367;,
  0.242526;0.023748;0.018927;,
  0.194298;0.010286;0.046305;,
  0.235050;0.034121;0.036826;,
  0.202140;0.000322;0.028688;,
  0.233456;0.042251;0.065610;,
  0.239478;0.029147;0.057097;,
  0.230025;0.034695;0.058064;,
  0.244910;0.041385;0.063574;,
  0.178337;0.017834;0.097865;,
  0.237392;0.019959;0.085488;,
  0.191858;-0.000311;0.068137;,
  0.220659;0.042703;0.105775;,
  0.201729;-0.017612;0.066967;,
  0.192731;-0.014407;0.111457;,
  0.237111;0.010954;0.120910;,
  0.245376;0.001748;0.084438;,
  0.156098;0.241348;0.296235;,
  0.170230;0.244350;0.270112;,
  0.126736;0.259671;0.294769;,
  0.136160;0.260024;0.268894;,
  0.068612;0.171713;0.321182;,
  0.116032;0.284674;0.274080;,
  0.165189;0.235099;0.245579;,
  0.135002;0.220719;0.243960;,
  0.135788;0.243883;0.246400;,
  0.158396;0.214167;0.239696;,
  0.093799;0.208530;0.328952;,
  0.052770;0.224587;0.324292;,
  0.099910;0.210304;0.327896;,
  0.010889;0.252661;0.295375;,
  0.052543;0.295552;0.289703;,
  0.105850;0.251767;0.328001;,
  0.099910;0.210304;0.327896;,
  0.113310;0.196576;0.270815;,
  0.105133;0.201525;0.315535;,
  0.141456;0.210418;0.224072;,
  0.087194;0.168825;0.295845;,
  0.100935;0.170723;0.264119;,
  0.131236;0.200381;0.253077;,
  0.082908;0.167902;0.311966;,
  0.220659;0.042703;0.105775;,
  0.135107;0.303006;0.273503;,
  0.130331;0.321882;0.281772;,
  0.078016;0.316431;0.281015;,
  0.119331;0.343290;0.270602;,
  0.245376;0.001748;0.084438;,
  0.242526;0.023748;0.018927;,
  0.202140;0.000322;0.028688;,
  0.230313;0.043030;0.085301;,
  0.253797;0.033678;0.079643;,
  0.230313;0.043030;0.085301;,
  0.227627;0.028372;0.075568;,
  0.246574;0.012751;0.077221;,
  0.246574;0.012751;0.077221;,
  0.233456;0.042251;0.065610;,
  0.244910;0.041385;0.063574;,
  0.239478;0.029147;0.057097;,
  0.200875;-0.002026;-0.309663;,
  0.235319;0.032166;-0.341744;,
  0.232979;0.033078;-0.321919;,
  0.202864;-0.007207;-0.332469;,
  0.091495;0.036331;-0.269349;,
  0.119257;0.041114;-0.311232;,
  0.073109;0.030968;-0.298954;,
  0.127936;0.043161;-0.287745;,
  0.117941;0.029496;-0.231335;,
  0.096968;-0.004890;-0.266936;,
  0.124087;0.006745;-0.224291;,
  0.120831;-0.003857;-0.310870;,
  0.076876;-0.003683;-0.299357;,
  0.132258;-0.004153;-0.277735;,
  0.167751;0.024665;-0.252386;,
  0.144373;0.000214;-0.244045;,
  0.219379;0.059334;-0.321928;,
  0.221747;0.065883;-0.338742;,
  0.202864;-0.007207;-0.332469;,
  0.221747;0.065883;-0.338742;,
  0.140313;0.113700;0.024672;,
  0.191948;0.093669;-0.057310;,
  0.169270;0.089704;-0.124746;,
  0.156135;0.066533;-0.177904;,
  0.140429;0.036613;-0.253285;,
  0.140429;0.036613;-0.253285;,
  0.007399;0.041796;0.078055;,
  0.142459;0.286328;0.271442;,
  0.124791;0.278727;0.252621;,
  0.134131;0.273664;0.256250;,
  0.130452;0.296157;0.257236;,
  0.159156;0.312752;0.270419;,
  0.167017;0.335561;0.271127;,
  0.258417;0.307195;0.193696;,
  0.241305;0.292935;0.167496;,
  0.255119;0.317722;0.176764;,
  0.198358;0.251509;0.205554;,
  0.190284;0.254231;0.189426;,
  0.223747;0.263879;0.196326;,
  0.154704;0.270345;0.251535;,
  0.170262;0.290302;0.267179;,
  0.153060;0.296110;0.270537;,
  0.204439;0.308862;0.263815;,
  0.211751;0.290693;0.249035;,
  0.236738;0.271979;0.212467;,
  0.244709;0.290540;0.231756;,
  0.203618;0.269561;0.233876;,
  0.208446;0.324464;0.268597;,
  0.213737;0.348317;0.267484;,
  0.200699;0.377663;0.242492;,
  0.252996;0.346780;0.239048;,
  0.243173;0.372295;0.218061;,
  0.183051;0.267448;0.243259;,
  0.140983;0.262044;0.240846;,
  0.170648;0.254149;0.222127;,
  0.111729;0.256333;0.232814;,
  0.100304;0.275447;0.225691;,
  0.100195;0.257687;0.214222;,
  0.240652;0.276023;0.190074;,
  0.256519;0.296386;0.213008;,
  0.254558;0.322681;0.242181;,
  0.264519;0.324082;0.220718;,
  0.263594;0.338877;0.208541;,
  0.259284;0.349808;0.195527;,
  0.164267;0.362979;0.250933;,
  0.254558;0.322681;0.242181;,
  0.264519;0.324082;0.220718;,
  0.175077;0.286943;0.270697;,
  0.220616;0.298224;0.262684;,
  0.205852;0.300365;0.277881;,
  0.200309;0.295184;0.261549;,
  0.205852;0.300365;0.277881;,
  0.175077;0.286943;0.270697;,
  0.220616;0.298224;0.262684;,
  0.211751;0.290693;0.249035;,
  0.189026;0.281723;0.255076;,
  0.170262;0.290302;0.267179;,
  0.190996;0.257009;0.213575;,
  0.189026;0.281723;0.255076;,
  0.116032;0.284674;0.274080;,
  0.135107;0.303006;0.273503;,
  0.136160;0.260024;0.268894;,
  0.159156;0.312752;0.270419;,
  0.097454;0.284608;0.222645;,
  0.090259;0.265277;0.211002;,
  0.013545;0.142777;0.142029;,
  -0.019553;0.003214;0.149397;,
  -0.013740;-0.009521;0.118082;,
  0.007001;0.054064;0.065114;,
  0.109485;0.294231;0.226623;,
  0.007399;0.041796;0.078055;,
  0.263594;0.338877;0.208541;,
  0.259284;0.349808;0.195527;,
  0.140514;0.255497;0.218870;,
  0.157934;0.256248;0.201043;,
  0.149109;0.254707;0.204644;,
  0.231521;0.281246;0.164738;,
  0.210302;0.267275;0.166139;,
  0.182081;0.262039;0.195848;,
  -0.028879;0.127194;0.240870;,
  0.136160;0.260024;0.268894;,
  0.235319;0.032166;-0.341744;,
  0.128849;0.252799;0.212215;,
  0.134253;0.255151;0.220966;,
  0.133508;0.256595;0.212142;,
  0.142897;0.256730;0.192541;,
  0.149954;0.249830;0.184584;,
  0.136620;0.253121;0.208028;,
  0.129278;0.262063;0.202718;,
  0.122567;0.256207;0.202228;,
  0.182210;0.256953;0.173297;,
  0.173894;0.259055;0.178762;,
  0.105133;0.201525;0.315535;,
  0.132013;0.255684;0.197230;,
  0.101838;0.201982;0.283165;,
  0.113310;0.196576;0.270815;,
  0.131236;0.200381;0.253077;,
  0.208446;0.324464;0.268597;,
  0.205814;0.058824;-0.106985;,
  0.156622;0.086019;-0.162980;,
  0.159719;0.127116;-0.101697;,
  0.187752;0.043981;-0.177301;,
  0.233114;0.078261;-0.041369;,
  0.176751;0.149887;-0.047375;,
  0.172156;0.076170;0.046917;,
  0.121120;0.138832;0.029236;,
  0.105047;0.079618;0.117561;,
  0.077669;0.125601;0.104079;,
  0.053283;0.104394;0.115686;,
  0.152337;0.055263;-0.224986;,
  0.167751;0.024665;-0.252386;,
  0.092467;0.046792;-0.161036;,
  0.039290;-0.010158;-0.226315;,
  0.081016;0.027696;-0.227032;,
  0.037227;0.023702;-0.162403;,
  0.037532;0.063198;-0.107730;,
  0.109650;0.072998;-0.094204;,
  0.027157;0.081666;-0.054561;,
  0.128872;0.078770;-0.071566;,
  0.072184;0.080786;-0.025438;,
  0.021890;0.054327;0.000350;,
  -0.005558;-0.001620;0.082949;,
  0.101838;0.201982;0.283165;,
  0.030897;0.311880;0.195263;,
  0.065693;0.288096;0.201974;,
  0.020330;0.299487;0.181401;,
  0.073532;0.310571;0.226241;,
  0.020028;0.293627;0.166800;,
  0.029749;0.248332;0.158274;,
  -0.012190;0.268840;0.165624;,
  0.056126;0.265553;0.175160;,
  0.060997;0.330758;0.261579;,
  0.001502;0.337306;0.251537;,
  0.021151;0.325654;0.270882;,
  0.019166;0.330224;0.240531;,
  -0.094125;0.080667;0.158145;,
  -0.063273;0.069178;0.185284;,
  -0.087224;0.095395;0.167600;,
  -0.061183;0.049376;0.174214;,
  -0.063993;0.137178;0.143621;,
  -0.081259;0.109181;0.128296;,
  -0.027887;0.151557;0.133411;,
  -0.056998;0.120095;0.102315;,
  -0.024486;0.120165;0.094835;,
  -0.023504;0.057860;0.195497;,
  -0.020663;0.039575;0.181040;,
  -0.057654;0.202352;0.244766;,
  -0.010349;0.216163;0.290343;,
  -0.045956;0.248015;0.259540;,
  -0.021412;0.176912;0.271742;,
  -0.056997;0.133580;0.080476;,
  -0.106891;0.147193;-0.017543;,
  -0.086464;0.096978;0.067639;,
  -0.075957;0.180188;-0.003059;,
  -0.083366;0.220326;-0.104756;,
  -0.102149;0.175655;-0.106735;,
  -0.010669;0.132056;0.079247;,
  -0.014077;0.100412;-0.044559;,
  -0.024098;0.168743;-0.012909;,
  -0.018397;-0.007496;0.089349;,
  -0.042018;0.155329;-0.103954;,
  -0.047782;0.191982;-0.106349;,
  -0.093257;0.089411;-0.043440;,
  -0.076900;0.047308;0.040862;,
  -0.081687;0.145919;-0.102617;,
  -0.043395;-0.007582;-0.289664;,
  0.004347;-0.013395;-0.253348;,
  -0.028665;-0.024061;-0.249965;,
  -0.001647;0.007497;-0.297062;,
  -0.071268;0.171018;-0.159987;,
  -0.080338;0.097228;-0.204880;,
  -0.095986;0.139561;-0.145339;,
  -0.057819;0.128398;-0.219093;,
  -0.058690;0.053244;-0.266014;,
  -0.045488;0.077727;-0.284965;,
  -0.023755;0.152394;-0.160289;,
  -0.014789;0.086370;-0.175014;,
  -0.024016;0.114416;-0.206036;,
  -0.017346;0.117706;-0.117133;,
  -0.024392;0.053340;-0.243530;,
  -0.022884;0.060711;-0.273749;,
  -0.074699;0.070296;-0.177888;,
  -0.088091;0.103468;-0.112486;,
  -0.048565;0.050334;-0.240016;,
  -0.084328;0.092852;0.103381;,
  -0.010669;0.132056;0.079247;,
  -0.100631;0.043435;0.119989;,
  -0.059836;0.012279;0.141130;,
  -0.081394;0.035205;0.062333;,
  -0.042326;0.010853;0.080260;,
  -0.064956;0.149201;0.220454;,
  -0.071433;0.219379;0.216084;,
  -0.068607;0.231740;0.199791;,
  -0.043879;0.185119;0.157221;,
  -0.076724;0.171337;0.189354;,
  -0.032599;0.239666;0.162707;,
  0.011967;0.226608;0.149696;,
  -0.011543;0.180819;0.143384;,
  -0.025655;0.277685;0.178907;,
  0.004101;0.267522;0.222575;,
  -0.062393;0.243057;0.174882;,
  -0.071845;0.184354;0.219241;,
  -0.095791;0.203670;0.181639;,
  -0.033213;0.218707;0.221202;,
  -0.038651;0.287137;0.261297;,
  -0.073582;0.249902;0.263186;,
  -0.033213;0.218707;0.221202;,
  -0.107417;0.205204;0.253611;,
  -0.071845;0.184354;0.219241;,
  -0.046882;0.294751;0.259656;,
  -0.102684;0.274570;0.216836;,
  -0.066094;0.307950;0.221301;,
  -0.131380;0.224391;0.216151;,
  -0.046568;0.294979;0.191546;,
  -0.097469;0.186871;0.169244;,
  -0.090724;0.110109;0.188629;,
  -0.107123;0.128439;0.161381;,
  -0.070281;0.161710;0.213154;,
  -0.105908;0.076350;0.173025;,
  -0.119896;0.080287;0.155384;,
  -0.070281;0.161710;0.213154;,
  -0.140514;0.120220;0.214946;,
  -0.090724;0.110109;0.188629;,
  -0.120941;0.169687;0.249922;,
  -0.137016;0.077094;0.194224;,
  -0.105908;0.076350;0.173025;,
  -0.152715;0.134514;0.193949;,
  -0.148039;0.194793;0.206319;,
  -0.150040;0.082138;0.177295;,
  -0.082643;-0.020741;0.136795;,
  -0.116847;0.001791;0.176534;,
  -0.113200;-0.019375;0.173394;,
  -0.086074;0.000817;0.139510;,
  -0.095177;0.012493;0.110805;,
  -0.110814;0.006953;0.108517;,
  -0.101848;0.017148;0.102442;,
  -0.101297;0.003273;0.112634;,
  -0.115597;0.038940;0.191442;,
  -0.113195;0.028634;0.132001;,
  -0.095214;0.053422;0.148466;,
  -0.126729;0.006019;0.177725;,
  -0.143672;0.000951;0.168487;,
  -0.150748;0.044725;0.178700;,
  -0.130345;0.060865;0.133697;,
  -0.130967;0.023426;0.124685;,
  -0.013540;0.333103;0.240823;,
  -0.008211;0.340434;0.212320;,
  0.019166;0.330224;0.240531;,
  0.027963;0.326793;0.221186;,
  -0.059606;0.270959;0.229044;,
  0.066814;0.328518;0.233588;,
  -0.001643;0.324355;0.189482;,
  0.020330;0.299487;0.181401;,
  -0.007204;0.296137;0.188872;,
  0.030897;0.311880;0.195263;,
  -0.033132;0.317459;0.234898;,
  -0.030827;0.321787;0.232191;,
  -0.021747;0.288958;0.263819;,
  0.010889;0.252661;0.295375;,
  0.052543;0.295552;0.289703;,
  0.001502;0.337306;0.251537;,
  -0.030827;0.321787;0.232191;,
  -0.002361;0.287679;0.191480;,
  0.004101;0.267522;0.222575;,
  -0.029851;0.310044;0.225158;,
  -0.043948;0.270335;0.201606;,
  -0.020742;0.264906;0.176682;,
  0.020028;0.293627;0.166800;,
  -0.055548;0.275073;0.212470;,
  -0.095214;0.053422;0.148466;,
  0.102904;0.345296;0.228912;,
  0.106508;0.353168;0.248783;,
  0.078016;0.316431;0.281015;,
  0.119331;0.343290;0.270602;,
  -0.130967;0.023426;0.124685;,
  -0.082643;-0.020741;0.136795;,
  -0.113200;-0.019375;0.173394;,
  -0.089533;0.026844;0.123471;,
  -0.109954;0.034019;0.109242;,
  -0.089533;0.026844;0.123471;,
  -0.102477;0.015176;0.127092;,
  -0.124776;0.024778;0.123057;,
  -0.124776;0.024778;0.123057;,
  -0.095177;0.012493;0.110805;,
  -0.101848;0.017148;0.102442;,
  -0.110814;0.006953;0.108517;,
  -0.071786;0.039572;-0.347822;,
  -0.048284;0.047861;-0.400392;,
  -0.073635;0.021999;-0.363270;,
  -0.049732;0.061492;-0.385853;,
  -0.002323;0.020873;-0.248396;,
  -0.001647;0.007497;-0.297062;,
  -0.006753;0.030519;-0.288399;,
  0.004347;-0.013395;-0.253348;,
  -0.024392;0.053340;-0.243530;,
  -0.042426;0.010885;-0.243202;,
  -0.048565;0.050334;-0.240016;,
  -0.043395;-0.007582;-0.289664;,
  -0.053204;0.023284;-0.276257;,
  -0.028665;-0.024061;-0.249965;,
  -0.045488;0.077727;-0.284965;,
  -0.058690;0.053244;-0.266014;,
  -0.020658;0.063220;-0.380754;,
  -0.012879;0.054522;-0.394720;,
  -0.073635;0.021999;-0.363270;,
  -0.012879;0.054522;-0.394720;,
  -0.024098;0.168743;-0.012909;,
  -0.047782;0.191982;-0.106349;,
  -0.023755;0.152394;-0.160289;,
  -0.024016;0.114416;-0.206036;,
  -0.022884;0.060711;-0.273749;,
  -0.022884;0.060711;-0.273749;,
  0.107202;0.332707;0.199955;,
  0.102932;0.307482;0.208299;,
  0.105507;0.328915;0.222694;,
  0.105443;0.311401;0.198083;,
  0.129786;0.351388;0.210868;,
  0.143700;0.366233;0.223850;,
  0.243368;0.326990;0.163184;,
  0.255119;0.317722;0.176764;,
  0.172425;0.285624;0.152971;,
  0.200618;0.294305;0.149429;,
  0.177317;0.271289;0.163134;,
  0.121521;0.313997;0.184253;,
  0.130933;0.342039;0.187435;,
  0.119002;0.340911;0.201481;,
  0.164250;0.361729;0.182327;,
  0.171199;0.344039;0.166809;,
  0.203359;0.315888;0.144787;,
  0.166302;0.318650;0.158213;,
  0.204704;0.343165;0.150642;,
  0.170251;0.374709;0.191152;,
  0.183827;0.387662;0.206839;,
  0.200699;0.377663;0.242492;,
  0.227874;0.379828;0.188109;,
  0.243173;0.372295;0.218061;,
  0.145373;0.317013;0.166862;,
  0.144007;0.289194;0.168109;,
  0.114954;0.296284;0.188070;,
  0.096817;0.275949;0.202579;,
  0.220957;0.301931;0.150140;,
  0.226422;0.335977;0.151984;,
  0.217855;0.370963;0.167762;,
  0.238165;0.358751;0.167281;,
  0.259284;0.349808;0.195527;,
  0.250417;0.356211;0.181822;,
  0.164267;0.362979;0.250933;,
  0.217855;0.370963;0.167762;,
  0.238165;0.358751;0.167281;,
  0.130963;0.344973;0.181252;,
  0.172278;0.361812;0.164673;,
  0.157410;0.351616;0.174568;,
  0.153645;0.369041;0.172026;,
  0.153645;0.369041;0.172026;,
  0.130963;0.344973;0.181252;,
  0.172278;0.361812;0.164673;,
  0.171199;0.344039;0.166809;,
  0.148087;0.335578;0.172066;,
  0.130933;0.342039;0.187435;,
  0.164575;0.291765;0.160004;,
  0.148087;0.335578;0.172066;,
  0.066814;0.328518;0.233588;,
  0.102904;0.345296;0.228912;,
  0.027963;0.326793;0.221186;,
  0.129786;0.351388;0.210868;,
  -0.019553;0.003214;0.149397;,
  -0.013740;-0.009521;0.118082;,
  0.007001;0.054064;0.065114;,
  0.007399;0.041796;0.078055;,
  0.250417;0.356211;0.181822;,
  0.259284;0.349808;0.195527;,
  0.125131;0.275733;0.187678;,
  0.148313;0.268904;0.181536;,
  0.139342;0.267556;0.184839;,
  0.170708;0.277000;0.172787;,
  -0.028879;0.127194;0.240870;,
  0.027963;0.326793;0.221186;,
  -0.048284;0.047861;-0.400392;,
  0.119324;0.274789;0.190697;,
  0.119782;0.264726;0.193833;,
  0.124583;0.268336;0.194046;,
  0.127888;0.264608;0.190323;,
  -0.029851;0.310044;0.225158;,
  -0.007279;0.289777;0.208296;,
  -0.002361;0.287679;0.191480;,
  0.020028;0.293627;0.166800;,
  0.170251;0.374709;0.191152;,
  0.006376;0.185615;-0.139151;,
  0.088921;0.122163;-0.176313;,
  0.004867;0.138048;-0.199445;,
  0.088466;0.163056;-0.113296;,
  -0.006416;0.219491;-0.087318;,
  0.079281;0.196476;-0.061625;,
  -0.001781;0.179230;0.000991;,
  0.055908;0.162770;0.009115;,
  -0.005126;0.146392;0.083036;,
  0.031100;0.134978;0.085215;,
  0.018886;0.119182;0.093746;,
  -0.024486;0.120165;0.094835;,
  0.091070;0.089666;-0.231982;,
  0.009531;0.096279;-0.257888;,
  0.005541;0.018630;-0.229399;,
  -0.074699;0.070296;-0.177888;,
  -0.048552;0.050337;-0.240015;,
  -0.007882;0.059951;-0.168102;,
  -0.088091;0.103468;-0.112486;,
  -0.021600;0.101593;-0.112345;,
  -0.027976;0.128154;-0.101775;,
  -0.081687;0.145919;-0.102617;,
  -0.093257;0.089411;-0.043440;,
  -0.009000;0.085377;-0.051951;,
  -0.013740;-0.009521;0.118082;,
  -0.042326;0.010853;0.080260;,
  -0.007279;0.289777;0.208296;,
  -0.056997;0.133580;0.080476;,
  -0.075957;0.180188;-0.003059;,
  -0.083366;0.220326;-0.104756;,
  -0.071268;0.171018;-0.159987;,
  -0.057819;0.128398;-0.219093;,
  -0.045488;0.077727;-0.284965;,
  0.111624;0.011009;-0.000627;,
  0.024739;0.005324;0.100615;,
  0.065766;0.011859;0.076712;,
  0.166522;0.041198;-0.055418;,
  0.141082;0.013002;-0.078481;,
  0.133040;0.002537;-0.151849;,
  0.124087;0.006745;-0.224291;,
  -0.076900;0.047308;0.040862;;
  916;
  3;0,1,2;,
  3;1,0,3;,
  3;4,5,6;,
  3;5,4,7;,
  3;8,9,10;,
  3;9,8,11;,
  3;12,13,14;,
  3;13,12,15;,
  3;16,12,17;,
  3;12,16,15;,
  3;18,19,20;,
  3;19,18,16;,
  3;6,21,22;,
  3;21,6,5;,
  3;14,23,24;,
  3;23,14,13;,
  3;25,26,27;,
  3;26,25,28;,
  3;29,30,31;,
  3;30,29,32;,
  3;30,33,31;,
  3;33,30,34;,
  3;35,36,37;,
  3;36,35,38;,
  3;38,39,36;,
  3;39,38,40;,
  3;37,41,42;,
  3;41,37,36;,
  3;36,43,41;,
  3;43,36,39;,
  3;42,30,32;,
  3;30,42,41;,
  3;41,34,30;,
  3;34,41,43;,
  3;44,45,46;,
  3;45,44,47;,
  3;48,49,50;,
  3;49,48,51;,
  3;50,52,53;,
  3;52,50,49;,
  3;54,55,56;,
  3;55,54,57;,
  3;57,58,55;,
  3;58,57,59;,
  3;56,60,61;,
  3;60,56,55;,
  3;55,62,60;,
  3;62,55,58;,
  3;61,49,51;,
  3;49,61,60;,
  3;60,52,49;,
  3;52,60,62;,
  3;32,19,63;,
  3;19,32,29;,
  3;64,65,66;,
  3;65,64,20;,
  3;14,67,12;,
  3;67,14,68;,
  3;68,69,67;,
  3;69,68,70;,
  3;70,42,69;,
  3;42,70,37;,
  3;48,34,51;,
  3;34,48,33;,
  3;51,43,61;,
  3;43,51,34;,
  3;43,56,61;,
  3;56,43,39;,
  3;39,54,56;,
  3;54,39,40;,
  3;12,63,17;,
  3;63,12,67;,
  3;67,32,63;,
  3;32,67,69;,
  3;69,42,32;,
  3;71,72,25;,
  3;73,74,75;,
  3;74,73,76;,
  3;74,77,75;,
  3;77,74,78;,
  3;79,78,80;,
  3;78,79,77;,
  3;81,82,83;,
  3;82,84,85;,
  3;84,82,86;,
  3;87,88,89;,
  3;88,90,89;,
  3;90,88,91;,
  3;92,93,94;,
  3;92,89,93;,
  3;92,87,89;,
  3;89,95,93;,
  3;95,89,90;,
  3;96,93,82;,
  3;93,86,82;,
  3;86,93,95;,
  3;97,98,99;,
  3;98,97,100;,
  3;100,101,98;,
  3;101,100,102;,
  3;103,104,105;,
  3;104,103,106;,
  3;106,107,104;,
  3;107,106,108;,
  3;105,109,110;,
  3;109,105,104;,
  3;104,111,109;,
  3;111,104,107;,
  3;110,100,97;,
  3;100,110,109;,
  3;109,102,100;,
  3;102,109,111;,
  3;112,113,114;,
  3;113,112,115;,
  3;116,117,118;,
  3;117,116,119;,
  3;120,121,122;,
  3;121,120,123;,
  3;120,124,125;,
  3;124,120,122;,
  3;126,124,127;,
  3;124,126,125;,
  3;95,97,86;,
  3;97,95,110;,
  3;86,99,84;,
  3;99,86,97;,
  3;90,103,105;,
  3;103,90,91;,
  3;105,95,90;,
  3;95,105,110;,
  3;128,96,129;,
  3;96,128,94;,
  3;129,130,128;,
  3;130,129,131;,
  3;72,28,25;,
  3;28,72,132;,
  3;10,133,8;,
  3;134,135,136;,
  3;135,134,137;,
  3;81,137,134;,
  3;138,11,139;,
  3;138,9,11;,
  3;138,140,9;,
  3;141,11,142;,
  3;11,141,139;,
  3;128,130,143;,
  3;94,144,92;,
  3;94,143,144;,
  3;94,128,143;,
  3;145,87,146;,
  3;87,145,147;,
  3;75,148,73;,
  3;148,75,149;,
  3;150,147,145;,
  3;7,149,75;,
  3;148,151,73;,
  3;102,152,101;,
  3;152,102,126;,
  3;102,125,126;,
  3;125,102,111;,
  3;111,120,125;,
  3;120,111,107;,
  3;120,108,123;,
  3;108,120,107;,
  3;8,153,154;,
  3;153,8,133;,
  3;154,155,8;,
  3;155,154,156;,
  3;122,114,113;,
  3;114,122,121;,
  3;121,112,114;,
  3;112,121,157;,
  3;158,124,159;,
  3;124,158,127;,
  3;159,122,113;,
  3;122,159,124;,
  3;126,160,152;,
  3;160,126,161;,
  3;162,121,123;,
  3;121,162,163;,
  3;121,164,157;,
  3;164,121,163;,
  3;165,126,127;,
  3;126,165,161;,
  3;161,166,160;,
  3;166,161,167;,
  3;162,118,163;,
  3;118,162,116;,
  3;163,117,164;,
  3;117,163,118;,
  3;165,167,161;,
  3;167,165,168;,
  3;169,170,171;,
  3;170,169,172;,
  3;173,174,175;,
  3;174,173,176;,
  3;177,178,179;,
  3;178,177,173;,
  3;180,178,181;,
  3;178,180,182;,
  3;183,169,171;,
  3;169,183,184;,
  3;174,185,186;,
  3;185,174,176;,
  3;46,187,44;,
  3;187,46,188;,
  3;180,169,182;,
  3;169,180,172;,
  3;20,29,65;,
  3;19,29,20;,
  3;29,31,189;,
  3;31,190,189;,
  3;190,31,33;,
  3;33,191,190;,
  3;191,33,48;,
  3;191,50,192;,
  3;50,191,48;,
  3;192,53,193;,
  3;53,192,50;,
  3;194,171,185;,
  3;171,194,183;,
  3;171,186,185;,
  3;186,171,170;,
  3;185,176,194;,
  3;194,173,177;,
  3;173,194,176;,
  3;178,175,181;,
  3;175,178,173;,
  3;179,182,184;,
  3;182,179,178;,
  3;182,169,184;,
  3;16,17,19;,
  3;17,63,19;,
  3;65,195,66;,
  3;196,197,198;,
  3;197,196,199;,
  3;200,154,153;,
  3;154,200,201;,
  3;202,203,204;,
  3;205,206,207;,
  3;196,208,209;,
  3;208,196,198;,
  3;210,209,211;,
  3;209,210,196;,
  3;212,213,214;,
  3;213,212,215;,
  3;212,214,211;,
  3;201,216,217;,
  3;216,201,200;,
  3;218,219,220;,
  3;219,218,217;,
  3;210,199,196;,
  3;213,205,207;,
  3;221,222,223;,
  3;198,197,224;,
  3;224,225,226;,
  3;225,224,197;,
  3;227,213,207;,
  3;228,229,214;,
  3;229,228,230;,
  3;220,231,232;,
  3;213,228,214;,
  3;156,201,233;,
  3;201,156,154;,
  3;233,217,218;,
  3;217,233,201;,
  3;219,217,234;,
  3;235,219,234;,
  3;236,237,238;,
  3;237,236,239;,
  3;209,240,211;,
  3;240,209,241;,
  3;211,242,212;,
  3;242,211,240;,
  3;243,239,244;,
  3;239,243,237;,
  3;244,236,245;,
  3;236,244,239;,
  3;246,221,223;,
  3;221,246,215;,
  3;221,212,247;,
  3;212,221,215;,
  3;199,248,2;,
  3;248,199,249;,
  3;133,10,250;,
  3;249,210,251;,
  3;210,249,199;,
  3;210,211,251;,
  3;252,1,253;,
  3;1,252,2;,
  3;20,254,18;,
  3;254,20,64;,
  3;24,68,14;,
  3;68,24,255;,
  3;68,256,70;,
  3;256,68,255;,
  3;256,37,70;,
  3;37,256,257;,
  3;258,2,252;,
  3;2,258,199;,
  3;257,259,37;,
  3;37,259,35;,
  3;260,204,261;,
  3;204,260,202;,
  3;262,263,223;,
  3;263,262,264;,
  3;197,258,225;,
  3;258,197,199;,
  3;265,203,227;,
  3;265,207,266;,
  3;207,265,227;,
  3;223,267,246;,
  3;267,223,263;,
  3;88,87,147;,
  3;83,82,85;,
  3;78,16,18;,
  3;16,78,74;,
  3;74,15,16;,
  3;15,74,76;,
  3;15,71,13;,
  3;71,15,76;,
  3;13,268,23;,
  3;268,13,71;,
  3;248,269,2;,
  3;2,269,0;,
  3;136,129,134;,
  3;129,136,131;,
  3;134,96,81;,
  3;96,134,129;,
  3;96,82,81;,
  3;93,96,94;,
  3;29,189,65;,
  3;205,215,246;,
  3;267,205,246;,
  3;205,267,206;,
  3;205,213,215;,
  3;187,188,270;,
  3;224,271,272;,
  3;222,221,208;,
  3;224,222,198;,
  3;272,273,262;,
  3;273,272,271;,
  3;263,274,275;,
  3;273,276,262;,
  3;277,271,278;,
  3;271,277,273;,
  3;222,272,262;,
  3;272,222,224;,
  3;222,208,198;,
  3;209,221,247;,
  3;221,209,208;,
  3;223,222,262;,
  3;266,206,279;,
  3;206,266,207;,
  3;206,280,279;,
  3;280,206,267;,
  3;280,263,275;,
  3;263,280,267;,
  3;264,262,276;,
  3;76,73,72;,
  3;138,281,140;,
  3;73,132,72;,
  3;132,73,151;,
  3;72,71,76;,
  3;271,226,278;,
  3;155,11,8;,
  3;276,277,282;,
  3;277,276,273;,
  3;274,276,282;,
  3;276,274,264;,
  3;28,141,26;,
  3;141,28,139;,
  3;139,132,138;,
  3;132,139,28;,
  3;132,281,138;,
  3;281,132,151;,
  3;281,148,283;,
  3;148,281,151;,
  3;283,149,284;,
  3;149,283,148;,
  3;7,284,149;,
  3;284,7,4;,
  3;5,79,21;,
  3;79,5,77;,
  3;77,7,75;,
  3;7,77,5;,
  3;6,3,4;,
  3;3,6,1;,
  3;285,137,83;,
