xof 0303txt 0032
template ColorRGBA {
 <35ff44e0-6c7c-11cf-8f52-0040333594a3>
 FLOAT red;
 FLOAT green;
 FLOAT blue;
 FLOAT alpha;
}

template ColorRGB {
 <d3e16e81-7835-11cf-8f52-0040333594a3>
 FLOAT red;
 FLOAT green;
 FLOAT blue;
}

template Material {
 <3d82ab4d-62da-11cf-ab39-0020af71e433>
 ColorRGBA faceColor;
 FLOAT power;
 ColorRGB specularColor;
 ColorRGB emissiveColor;
 [...]
}

template TextureFilename {
 <a42790e1-7810-11cf-8f52-0040333594a3>
 STRING filename;
}

template Frame {
 <3d82ab46-62da-11cf-ab39-0020af71e433>
 [...]
}

template Matrix4x4 {
 <f6f23f45-7686-11cf-8f52-0040333594a3>
 array FLOAT matrix[16];
}

template FrameTransformMatrix {
 <f6f23f41-7686-11cf-8f52-0040333594a3>
 Matrix4x4 frameMatrix;
}

template Vector {
 <3d82ab5e-62da-11cf-ab39-0020af71e433>
 FLOAT x;
 FLOAT y;
 FLOAT z;
}

template MeshFace {
 <3d82ab5f-62da-11cf-ab39-0020af71e433>
 DWORD nFaceVertexIndices;
 array DWORD faceVertexIndices[nFaceVertexIndices];
}

template Mesh {
 <3d82ab44-62da-11cf-ab39-0020af71e433>
 DWORD nVertices;
 array Vector vertices[nVertices];
 DWORD nFaces;
 array MeshFace faces[nFaces];
 [...]
}

template MeshMaterialList {
 <f6f23f42-7686-11cf-8f52-0040333594a3>
 DWORD nMaterials;
 DWORD nFaceIndexes;
 array DWORD faceIndexes[nFaceIndexes];
 [Material <3d82ab4d-62da-11cf-ab39-0020af71e433>]
}

template VertexElement {
 <f752461c-1e23-48f6-b9f8-8350850f336f>
 DWORD Type;
 DWORD Method;
 DWORD Usage;
 DWORD UsageIndex;
}

template DeclData {
 <bf22e553-292c-4781-9fea-62bd554bdd93>
 DWORD nElements;
 array VertexElement Elements[nElements];
 DWORD nDWords;
 array DWORD data[nDWords];
}

template XSkinMeshHeader {
 <3cf169ce-ff7c-44ab-93c0-f78f62d172e2>
 WORD nMaxSkinWeightsPerVertex;
 WORD nMaxSkinWeightsPerFace;
 WORD nBones;
}

template SkinWeights {
 <6f0d123b-bad2-4167-a0d0-80224f25fabb>
 STRING transformNodeName;
 DWORD nWeights;
 array DWORD vertexIndices[nWeights];
 array FLOAT weights[nWeights];
 Matrix4x4 matrixOffset;
}

template AnimTicksPerSecond {
 <9e415a43-7ba6-4a73-8743-b73d47e88476>
 DWORD AnimTicksPerSecond;
}

template Animation {
 <3d82ab4f-62da-11cf-ab39-0020af71e433>
 [...]
}

template AnimationSet {
 <3d82ab50-62da-11cf-ab39-0020af71e433>
 [Animation <3d82ab4f-62da-11cf-ab39-0020af71e433>]
}

template FloatKeys {
 <10dd46a9-775b-11cf-8f52-0040333594a3>
 DWORD nValues;
 array FLOAT values[nValues];
}

template TimedFloatKeys {
 <f406b180-7b3b-11cf-8f52-0040333594a3>
 DWORD time;
 FloatKeys tfkeys;
}

template AnimationKey {
 <10dd46a8-775b-11cf-8f52-0040333594a3>
 DWORD keyType;
 DWORD nKeys;
 array TimedFloatKeys keys[nKeys];
}


Material _03_-_Default {
 1.000000;1.000000;1.000000;1.000000;;
 9.999999;
 0.000000;0.000000;0.000000;;
 0.000000;0.000000;0.000000;;

 TextureFilename {
  "MaleBody_full.png";
 }
}

Frame Dummy01 {
 

 FrameTransformMatrix {
  1.000000,0.000000,0.000000,0.000000,0.000000,-0.000000,-1.000000,0.000000,0.000000,1.000000,-0.000000,0.000000,0.000000,0.000000,0.000000,1.000000;;
 }

 Frame Bip01 {
  

  FrameTransformMatrix {
   -0.110975,0.989867,0.088585,0.000000,0.000147,-0.089119,0.996021,0.000000,0.993823,0.110546,0.009744,0.000000,0.016667,0.022986,0.503054,1.000000;;
  }

  Frame Bip01_Pelvis {
   

   FrameTransformMatrix {
    0.000000,1.000000,-0.000001,0.000000,-0.000001,0.000001,1.000000,0.000000,1.000000,0.000000,0.000001,0.000000,0.000000,0.000000,0.000000,1.000000;;
   }

   Frame Bip01_Spine {
    

    FrameTransformMatrix {
     0.984686,0.000002,-0.174337,0.000000,-0.000001,1.000000,0.000004,0.000000,0.174337,-0.000004,0.984686,0.000000,0.051619,0.000000,-0.000083,1.000000;;
    }

    Frame Bip01_Spine1 {
     

     FrameTransformMatrix {
      0.972079,0.234574,0.006195,0.000000,-0.229608,0.956285,-0.181106,0.000000,-0.048407,0.174627,0.983444,0.000000,0.106484,-0.000015,-0.000083,1.000000;;
     }

     Frame Bip01_Neck {
      

      FrameTransformMatrix {
       1.000000,-0.000000,0.000000,0.000000,0.000000,1.000000,0.000000,0.000000,-0.000000,0.000000,1.000000,0.000000,0.130505,-0.000000,0.004625,1.000000;;
      }

      Frame Bip01_Head {
       

       FrameTransformMatrix {
        0.912630,0.265748,-0.310621,0.000000,-0.187944,0.947558,0.258479,0.000000,0.363021,-0.177516,0.914715,0.000000,0.033674,0.000000,0.000000,1.000000;;
       }

       Frame Bip01_HeadNub {
        

        FrameTransformMatrix {
         1.000000,-0.000000,0.000000,0.000000,-0.000000,1.000000,0.000000,0.000000,-0.000000,0.000000,1.000000,0.000000,0.169824,-0.000000,-0.000000,1.000000;;
        }
       }
      }

      Frame Bip01_L_Clavicle {
       

       FrameTransformMatrix {
        -0.192084,0.981378,0.000150,0.000000,0.981378,0.192084,-0.000782,0.000000,-0.000796,-0.000003,-1.000000,0.000000,-0.024025,0.015714,-0.004625,1.000000;;
       }

       Frame Bip01_L_UpperArm {
        

        FrameTransformMatrix {
         0.495524,-0.804474,0.327532,0.000000,0.868566,0.462001,-0.179302,0.000000,-0.007076,0.373331,0.927671,0.000000,0.087086,-0.000000,0.000000,1.000000;;
        }

        Frame Bip01_L_Forearm {
         

         FrameTransformMatrix {
          0.999998,-0.000000,-0.002128,0.000000,0.000000,1.000000,0.000000,0.000000,0.002128,-0.000000,0.999998,0.000000,0.137062,0.000000,0.000000,1.000000;;
         }

         Frame Bip01_L_Hand {
          

          FrameTransformMatrix {
           1.000000,-0.000000,0.000000,0.000000,0.000000,0.000796,1.000000,0.000000,-0.000000,-1.000000,0.000796,0.000000,0.137062,0.000000,0.000000,1.000000;;
          }

          Frame Bip01_L_Finger0 {
           

           FrameTransformMatrix {
            0.690342,-0.181727,0.700288,0.000000,0.558537,0.749101,-0.356210,0.000000,-0.459853,0.637043,0.618637,0.000000,0.057681,-0.023605,-0.000272,1.000000;;
           }

           Frame Bip01_L_Finger0Nub {
            

            FrameTransformMatrix {
             1.000000,0.000000,0.000000,0.000000,0.000000,1.000000,-0.000000,0.000000,-0.000000,0.000000,1.000000,0.000000,0.029435,0.000000,0.000000,1.000000;;
            }
           }
          }

          Frame Bip01_L_Finger1 {
           

           FrameTransformMatrix {
            0.728079,-0.000546,0.685493,0.000000,-0.000000,1.000000,0.000796,0.000000,-0.685493,-0.000580,0.728079,0.000000,0.084102,0.000000,0.000000,1.000000;;
           }

           Frame Bip01_L_Finger1Nub {
            

            FrameTransformMatrix {
             1.000000,-0.000000,0.000000,0.000000,-0.000000,1.000000,-0.000000,0.000000,-0.000000,-0.000000,1.000000,0.000000,0.047988,0.000000,0.000000,1.000000;;
            }
           }
          }
         }
        }
       }
      }

      Frame Bip01_R_Clavicle {
       

       FrameTransformMatrix {
        -0.051061,-0.998696,0.000043,0.000000,-0.998695,0.051061,0.000795,0.000000,-0.000796,-0.000003,-1.000000,0.000000,-0.024025,-0.015715,-0.004625,1.000000;;
       }

       Frame Bip01_R_UpperArm {
        

        FrameTransformMatrix {
         0.023857,0.859236,0.511023,0.000000,-0.999289,0.035429,-0.012919,0.000000,-0.029206,-0.510352,0.859470,0.000000,0.087086,-0.000000,0.000000,1.000000;;
        }

        Frame Bip01_R_Forearm {
         

         FrameTransformMatrix {
          0.826373,0.000000,-0.563123,0.000000,0.000000,1.000000,0.000000,0.000000,0.563123,0.000000,0.826373,0.000000,0.137062,0.000000,0.000000,1.000000;;
         }

         Frame Bip01_R_Hand {
          

          FrameTransformMatrix {
           0.997952,-0.000781,-0.063965,0.000000,-0.063964,0.001093,-0.997952,0.000000,0.000849,0.999999,0.001041,0.000000,0.137062,0.000000,0.000000,1.000000;;
          }

          Frame Bip01_R_Finger0 {
           

           FrameTransformMatrix {
            0.417774,-0.116941,0.900994,0.000000,-0.558537,0.749101,0.356210,0.000000,-0.716591,-0.652054,0.247639,0.000000,0.057681,0.023605,-0.000272,1.000000;;
           }

           Frame Bip01_R_Finger0Nub {
            

            FrameTransformMatrix {
             -1.000000,-0.000000,-0.000000,0.000000,0.000000,1.000000,-0.000000,0.000000,0.000000,0.000000,-1.000000,0.000000,0.029435,0.000000,0.000000,1.000000;;
            }
           }
          }

          Frame Bip01_R_Finger1 {
           

           FrameTransformMatrix {
            0.352436,0.000745,0.935835,0.000000,0.000000,1.000000,-0.000796,0.000000,-0.935836,0.000281,0.352436,0.000000,0.084102,-0.000000,0.000000,1.000000;;
           }

           Frame Bip01_R_Finger1Nub {
            

            FrameTransformMatrix {
             -1.000000,0.000000,0.000000,0.000000,0.000000,1.000000,0.000000,0.000000,0.000000,0.000000,-1.000000,0.000000,0.047988,0.000000,0.000000,1.000000;;
            }
           }
          }
         }
        }
       }
      }
     }

     Frame Bip01_BackPack {
      

      FrameTransformMatrix {
       0.035097,-0.075887,-0.996499,0.000000,0.053820,0.995809,-0.073939,0.000000,0.997934,-0.051036,0.039035,0.000000,0.051182,0.000002,-0.091273,1.000000;;
      }

      Frame Bip01_BackPackNub {
       

       FrameTransformMatrix {
        0.000796,0.000003,1.000000,0.000000,0.000000,-1.000000,0.000003,0.000000,1.000000,-0.000000,-0.000796,0.000000,0.053240,0.000000,0.000000,1.000000;;
       }
      }
     }
    }

    Frame Bip01_L_Thigh {
     

     FrameTransformMatrix {
      -0.982122,-0.001127,-0.188244,0.000000,0.006608,-0.999572,-0.028493,0.000000,-0.188131,-0.029228,0.981709,0.000000,-0.050843,0.055225,-0.008917,1.000000;;
     }

     Frame Bip01_L_Calf {
      

      FrameTransformMatrix {
       0.944703,-0.000000,-0.327926,0.000000,-0.000000,1.000000,0.000000,0.000000,0.327926,-0.000000,0.944703,0.000000,0.237500,0.000000,-0.000000,1.000000;;
      }

      Frame Bip01_L_Foot {
       

       FrameTransformMatrix {
        0.947841,0.001678,0.318740,0.000000,-0.046187,0.990156,0.132131,0.000000,-0.315381,-0.139961,0.938587,0.000000,0.206841,0.000000,-0.000000,1.000000;;
       }

       Frame Bip01_L_Toe0 {
        

        FrameTransformMatrix {
         -0.288015,0.000001,0.957626,0.000000,0.000002,1.000000,-0.000001,0.000000,-0.957626,0.000001,-0.288015,0.000000,0.065373,0.000000,0.066450,1.000000;;
        }

        Frame Bip01_L_Toe0Nub {
         

         FrameTransformMatrix {
          -1.000000,-0.000000,0.000000,0.000000,-0.000000,1.000000,0.000000,0.000000,-0.000000,-0.000000,-1.000000,0.000000,0.006735,-0.000000,0.000000,1.000000;;
         }
        }
       }
      }
     }
    }

    Frame Bip01_R_Thigh {
     

     FrameTransformMatrix {
      -0.966186,-0.093145,-0.240435,0.000000,0.117667,-0.988993,-0.089706,0.000000,-0.229433,-0.114963,0.966511,0.000000,-0.050843,-0.055225,-0.008917,1.000000;;
     }

     Frame Bip01_R_Calf {
      

      FrameTransformMatrix {
       0.913409,-0.000000,-0.407044,0.000000,0.000000,1.000000,-0.000000,0.000000,0.407044,0.000000,0.913409,0.000000,0.237500,0.000000,0.000000,1.000000;;
      }

      Frame Bip01_R_Foot {
       

       FrameTransformMatrix {
        0.946630,-0.064707,0.315760,0.000000,-0.013547,0.970789,0.239551,0.000000,-0.322037,-0.231043,0.918102,0.000000,0.206841,0.000000,0.000000,1.000000;;
       }

       Frame Bip01_R_Toe0 {
        

        FrameTransformMatrix {
         0.744104,-0.000001,0.668064,0.000000,0.000001,1.000000,0.000001,0.000000,-0.668064,0.000000,0.744104,0.000000,0.065373,0.000000,0.066450,1.000000;;
        }

        Frame Bip01_R_Toe0Nub {
         

         FrameTransformMatrix {
          1.000000,0.000000,0.000000,0.000000,0.000000,1.000000,0.000000,0.000000,0.000000,0.000000,1.000000,0.000000,0.006735,-0.000000,0.000000,1.000000;;
         }
        }
       }
      }
     }
    }
   }

   Frame Bip01_DressFront {
    

    FrameTransformMatrix {
     -0.995924,-0.072729,-0.053343,0.000000,-0.071040,0.996930,-0.032911,0.000000,0.055573,-0.028987,-0.998034,0.000000,-0.044010,0.001403,0.061087,1.000000;;
    }

    Frame Bip01_DressFront02 {
     

     FrameTransformMatrix {
      0.946511,0.081243,0.312276,0.000000,-0.077173,0.996694,-0.025393,0.000000,-0.313307,-0.000065,0.949652,0.000000,0.183366,0.000000,-0.000125,1.000000;;
     }

     Frame Bip01_DressFrontNub {
      

      FrameTransformMatrix {
       0.000796,0.000003,1.000000,0.000000,0.000000,-1.000000,0.000003,0.000000,1.000000,-0.000000,-0.000796,0.000000,0.165302,-0.000000,0.000000,1.000000;;
      }
     }
    }
   }

   Frame Bip01_DressBack {
    

    FrameTransformMatrix {
     -0.999465,-0.021956,-0.024246,0.000000,-0.022843,0.999057,0.036921,0.000000,0.023413,0.037455,-0.999024,0.000000,-0.047736,-0.000005,-0.078279,1.000000;;
    }

    Frame Bip01_DressBack02 {
     

     FrameTransformMatrix {
      0.961427,0.000001,0.275061,0.000000,-0.000001,1.000000,-0.000000,0.000000,-0.275061,-0.000000,0.961427,0.000000,0.176189,0.000000,-0.000105,1.000000;;
     }

     Frame Bip01_DressBackNub {
      

      FrameTransformMatrix {
       0.000796,0.000003,1.000000,0.000000,-0.000000,-1.000000,0.000003,0.000000,1.000000,-0.000000,-0.000796,0.000000,0.136508,0.000000,0.000000,1.000000;;
      }
     }
    }
   }
  }

  Frame Bip01_Prop1 {
   

   FrameTransformMatrix {
    0.422404,-0.045727,-0.905253,0.000000,0.725946,-0.580963,0.368083,0.000000,-0.542750,-0.812645,-0.212206,0.000000,-0.040219,0.027871,-0.140154,1.000000;;
   }
  }

  Frame Bip01_Prop2 {
   

   FrameTransformMatrix {
    0.619219,-0.579509,0.529847,0.000000,0.772153,0.326810,-0.544955,0.000000,0.142647,0.746569,0.649836,0.000000,-0.107551,-0.050651,0.132223,1.000000;;
   }
  }
 }
}

Frame Translation_Data {
 

 FrameTransformMatrix {
  1.000000,0.000000,0.000000,0.000000,0.000000,-0.000000,-1.000000,0.000000,0.000000,1.000000,-0.000000,0.000000,0.000000,0.000000,0.000000,1.000000;;
 }
}

Frame Body {
 

 FrameTransformMatrix {
  1.000000,0.000000,0.000000,0.000000,0.000000,1.000000,0.000000,0.000000,0.000000,0.000000,1.000000,0.000000,0.000000,0.000000,0.000000,1.000000;;
 }

 Mesh Body {
  617;
  0.113919;0.745985;0.006621;,
  0.078379;0.750618;0.002216;,
  0.079409;0.775263;0.025661;,
  0.117891;0.726014;-0.002044;,
  0.121587;0.711929;-0.007023;,
  0.080240;0.694968;-0.037787;,
  0.079368;0.724071;-0.022541;,
  0.115397;0.681716;-0.007896;,
  0.082347;0.783783;0.067099;,
  0.121707;0.743412;0.084565;,
  0.117974;0.756239;0.056629;,
  0.092462;0.753504;0.091302;,
  0.103798;0.549613;0.010451;,
  0.065675;0.553279;0.033827;,
  0.065431;0.542366;0.038699;,
  0.096685;0.558966;0.008670;,
  0.085229;0.566988;-0.045708;,
  0.100176;0.537942;-0.031024;,
  0.054144;0.566218;-0.073448;,
  0.082368;0.516867;-0.060946;,
  0.052907;0.508350;-0.067814;,
  0.027759;0.706747;-0.044373;,
  0.040516;0.737095;-0.025042;,
  0.023006;0.550768;0.038204;,
  0.023638;0.537723;0.042736;,
  0.070847;0.629338;0.068754;,
  0.023710;0.670706;0.091818;,
  0.020085;0.635691;0.075556;,
  0.079623;0.662255;0.087091;,
  0.066306;0.466010;-0.074031;,
  0.110245;0.362309;-0.058535;,
  0.068719;0.366828;-0.081131;,
  0.105567;0.461773;-0.042226;,
  0.065850;0.270031;-0.088900;,
  0.100701;0.269325;-0.049281;,
  0.020704;0.465535;-0.045008;,
  0.042272;0.360500;0.024587;,
  0.036077;0.435602;0.036056;,
  0.025137;0.365628;-0.049247;,
  0.053108;0.273273;-0.003534;,
  0.044116;0.269267;-0.044495;,
  0.119882;0.359185;0.005440;,
  0.108095;0.439787;0.015281;,
  0.093394;0.275061;-0.009722;,
  0.099533;-0.000397;0.011593;,
  0.059967;-0.003444;0.056951;,
  0.054638;-0.000174;0.008534;,
  0.094824;-0.003449;0.056683;,
  0.071202;0.214384;-0.054768;,
  0.104505;0.145912;-0.012995;,
  0.071462;0.142443;-0.037012;,
  0.106414;0.218368;-0.031119;,
  0.097696;0.069243;0.009426;,
  0.075237;0.067071;-0.017028;,
  0.033874;0.202125;-0.022200;,
  0.049039;0.162478;0.031228;,
  0.042738;0.227869;0.026435;,
  0.045819;0.145632;-0.008015;,
  0.067288;0.082525;0.034131;,
  0.060732;0.061373;0.007477;,
  0.110454;0.159848;0.022447;,
  0.113912;0.233960;0.015196;,
  0.091212;0.087114;0.031220;,
  0.106810;0.508799;-0.029155;,
  0.010817;0.501348;-0.075730;,
  0.020704;0.465535;-0.045008;,
  0.012366;0.465747;-0.064943;,
  0.114562;0.498763;0.023974;,
  0.067506;0.494837;0.053168;,
  0.108700;0.451420;0.019163;,
  0.066242;0.452766;0.046120;,
  0.064800;0.590591;0.045968;,
  0.101244;0.628911;0.049675;,
  0.112825;0.637045;0.034236;,
  0.084164;0.613170;-0.027911;,
  0.105774;0.656470;-0.015641;,
  0.094739;0.596170;0.019173;,
  0.071035;0.669100;-0.048630;,
  0.059289;0.619081;-0.055269;,
  0.015228;0.679247;-0.051522;,
  0.010320;0.619016;-0.057294;,
  0.159784;0.686474;0.000381;,
  0.170679;0.637721;0.008708;,
  0.106667;0.694100;0.004395;,
  0.121833;0.574941;0.019458;,
  0.110953;0.632983;0.009243;,
  0.170201;0.579558;0.018849;,
  0.106442;0.689337;0.065133;,
  0.110953;0.632983;0.009243;,
  0.110912;0.639409;0.075002;,
  0.120378;0.590479;0.071579;,
  0.121833;0.574941;0.019458;,
  0.114734;0.691525;0.072542;,
  0.170729;0.644458;0.074520;,
  0.159145;0.692078;0.066083;,
  0.168593;0.595104;0.071015;,
  0.167179;0.690600;0.029094;,
  0.177140;0.551370;0.019240;,
  0.136526;0.485068;0.035619;,
  0.120528;0.541984;0.021957;,
  0.172170;0.493466;0.033088;,
  0.143742;0.446796;0.048334;,
  0.169761;0.445758;0.048303;,
  0.120528;0.541984;0.021957;,
  0.144169;0.502772;0.089490;,
  0.119626;0.560251;0.081763;,
  0.136526;0.485068;0.035619;,
  0.150678;0.456274;0.086155;,
  0.143742;0.446796;0.048334;,
  0.171455;0.509406;0.087140;,
  0.175948;0.569620;0.079278;,
  0.169679;0.454733;0.085002;,
  0.141044;0.322528;0.062128;,
  0.137562;0.365804;0.099166;,
  0.133003;0.342429;0.057315;,
  0.145480;0.346041;0.103390;,
  0.136012;0.365987;0.041898;,
  0.149169;0.356774;0.046640;,
  0.139409;0.359872;0.050667;,
  0.142949;0.361154;0.033859;,
  0.138282;0.420977;0.091714;,
  0.158865;0.385750;0.047210;,
  0.151619;0.386950;0.099472;,
  0.137605;0.412883;0.042661;,
  0.170438;0.380443;0.100729;,
  0.175915;0.424821;0.092295;,
  0.176136;0.417329;0.040857;,
  0.177674;0.380050;0.050404;,
  0.145728;0.740832;0.057176;,
  0.153016;0.747903;0.029060;,
  0.117974;0.756239;0.056629;,
  0.117367;0.758670;0.032342;,
  0.116668;0.662860;0.070769;,
  0.092065;0.781778;0.040413;,
  0.144148;0.738411;0.004274;,
  0.117891;0.726014;-0.002044;,
  0.113919;0.745985;0.006621;,
  0.135788;0.711953;-0.001883;,
  0.128765;0.700719;0.079694;,
  0.088507;0.696828;0.094277;,
  0.132425;0.704940;0.077225;,
  0.031140;0.706045;0.095836;,
  0.046537;0.762963;0.084427;,
  0.121707;0.743412;0.084565;,
  0.132425;0.704940;0.077225;,
  0.117285;0.697953;0.019187;,
  0.130833;0.697627;0.065129;,
  0.106667;0.694100;0.004395;,
  0.119065;0.667847;0.039030;,
  0.112708;0.675198;0.005104;,
  0.121587;0.711929;-0.007023;,
  0.124366;0.665281;0.054969;,
  0.137605;0.412883;0.042661;,
  0.094603;0.801254;0.050985;,
  0.085763;0.795654;0.071599;,
  0.054551;0.792116;0.071701;,
  0.061896;0.801486;0.083133;,
  0.177674;0.380050;0.050404;,
  0.141044;0.322528;0.062128;,
  0.145480;0.346041;0.103390;,
  0.135825;0.385783;0.039388;,
  0.156078;0.374754;0.027592;,
  0.135825;0.385783;0.039388;,
  0.145205;0.377658;0.052147;,
  0.168855;0.375103;0.045829;,
  0.168855;0.375103;0.045829;,
  0.136012;0.365987;0.041898;,
  0.142949;0.361154;0.033859;,
  0.149169;0.356774;0.046640;,
  0.105774;0.026229;-0.063666;,
  0.075520;0.007578;-0.109725;,
  0.074199;0.025647;-0.101293;,
  0.111334;0.005123;-0.072296;,
  0.056221;0.030588;0.048520;,
  0.054638;-0.000174;0.008534;,
  0.059967;-0.003444;0.056951;,
  0.053266;0.024895;0.007633;,
  0.067288;0.082525;0.034131;,
  0.097761;0.033639;0.048188;,
  0.091212;0.087114;0.031220;,
  0.099533;-0.000397;0.011593;,
  0.094824;-0.003449;0.056683;,
  0.100683;0.034635;0.011404;,
  0.075237;0.067071;-0.017028;,
  0.097696;0.069243;0.009426;,
  0.046707;0.021938;-0.091060;,
  0.040580;0.006909;-0.099293;,
  0.111334;0.005123;-0.072296;,
  0.040580;0.006909;-0.099293;,
  0.025137;0.365628;-0.049247;,
  0.044116;0.269267;-0.044495;,
  0.033874;0.202125;-0.022200;,
  0.045819;0.145632;-0.008015;,
  0.060732;0.061373;0.007477;,
  0.060732;0.061373;0.007477;,
  0.017965;0.448815;-0.016099;,
  0.106573;0.808201;0.029173;,
  0.086691;0.819204;0.014758;,
  0.097701;0.821399;0.014763;,
  0.086890;0.809135;0.035178;,
  0.108146;0.808645;0.060404;,
  0.105293;0.804913;0.084078;,
  0.147801;0.917996;0.107731;,
  0.127333;0.937476;0.088130;,
  0.132528;0.928285;0.116053;,
  0.130334;0.898278;0.029280;,
  0.114966;0.908067;0.028430;,
  0.140118;0.913392;0.052914;,
  0.112409;0.835009;0.022174;,
  0.124089;0.822397;0.046455;,
  0.110271;0.810669;0.042925;,
  0.141034;0.834383;0.079516;,
  0.146554;0.855313;0.067962;,
  0.154878;0.902609;0.065593;,
  0.163149;0.884066;0.084773;,
  0.141270;0.870942;0.046275;,
  0.140191;0.827545;0.094842;,
  0.134035;0.824018;0.118248;,
  0.099662;0.831908;0.138545;,
  0.150411;0.865433;0.137455;,
  0.122054;0.872284;0.155810;,
  0.131105;0.854828;0.033926;,
  0.099908;0.840835;0.008712;,
  0.116392;0.871630;0.017237;,
  0.075814;0.837141;-0.010230;,
  0.055777;0.833145;0.001133;,
  0.057118;0.847996;-0.013854;,
  0.145000;0.922452;0.072057;,
  0.160410;0.903557;0.096509;,
  0.162919;0.870151;0.117101;,
  0.159200;0.892463;0.124185;,
  0.146402;0.898438;0.137166;,
  0.132157;0.904805;0.145164;,
  0.081973;0.813503;0.107520;,
  0.162919;0.870151;0.117101;,
  0.159200;0.892463;0.124185;,
  0.130893;0.822315;0.045730;,
  0.157137;0.845115;0.078238;,
  0.152607;0.825211;0.072169;,
  0.142268;0.838455;0.065689;,
  0.152607;0.825211;0.072169;,
  0.130893;0.822315;0.045730;,
  0.157137;0.845115;0.078238;,
  0.146554;0.855313;0.067962;,
  0.135833;0.843110;0.048739;,
  0.124089;0.822397;0.046455;,
  0.126505;0.886725;0.030092;,
  0.135833;0.843110;0.048739;,
  0.092065;0.781778;0.040413;,
  0.094603;0.801254;0.050985;,
  0.117367;0.758670;0.032342;,
  0.108146;0.808645;0.060404;,
  0.051165;0.777643;0.004339;,
  0.045803;0.757311;-0.007770;,
  0.010558;0.564069;-0.072533;,
  0.025714;0.491824;0.057351;,
  0.025371;0.458062;0.051296;,
  0.022350;0.442514;0.044691;,
  0.058212;0.817663;0.012654;,
  0.017965;0.448815;-0.016099;,
  0.146402;0.898438;0.137166;,
  0.132157;0.904805;0.145164;,
  0.091169;0.861461;0.003789;,
  0.095241;0.883934;0.013797;,
  0.090922;0.877566;0.007966;,
  0.123192;0.939050;0.073286;,
  0.113316;0.932890;0.050661;,
  0.108759;0.896895;0.030911;,
  0.018051;0.592420;0.051541;,
  0.117367;0.758670;0.032342;,
  0.075520;0.007578;-0.109725;,
  0.079999;0.863087;-0.003972;,
  0.087572;0.857128;0.000323;,
  0.081991;0.864033;0.001619;,
  0.079281;0.884854;0.007236;,
  0.083474;0.896617;0.005053;,
  0.083710;0.869864;0.000309;,
  0.071817;0.868868;0.004737;,
  0.068806;0.868129;-0.003628;,
  0.099598;0.917856;0.027580;,
  0.095131;0.909067;0.025083;,
  0.130833;0.697627;0.065129;,
  0.073734;0.876544;0.000776;,
  0.112410;0.698110;0.035998;,
  0.117285;0.697953;0.019187;,
  0.121587;0.711929;-0.007023;,
  0.140191;0.827545;0.094842;,
  0.071202;0.214384;-0.054768;,
  0.039161;0.153030;-0.045961;,
  0.026042;0.226669;-0.067208;,
  0.071462;0.142443;-0.037012;,
  0.065850;0.270031;-0.088900;,
  0.025816;0.278166;-0.087190;,
  0.068719;0.366828;-0.081131;,
  0.017564;0.372109;-0.079198;,
  0.066306;0.466010;-0.074031;,
  0.017288;0.461067;-0.078616;,
  0.052907;0.508350;-0.067814;,
  0.042012;0.082323;-0.029844;,
  0.075237;0.067071;-0.017028;,
  0.057836;0.157612;0.058123;,
  0.031922;0.083152;0.101398;,
  0.062156;0.088947;0.072192;,
  0.029381;0.153952;0.082061;,
  0.026265;0.217298;0.055734;,
  0.049010;0.228874;0.039621;,
  0.026073;0.274404;0.042067;,
  0.050156;0.274033;0.027328;,
  0.043216;0.360165;0.039518;,
  0.023899;0.361392;0.047556;,
  0.025313;0.430318;0.051247;,
  0.112410;0.698110;0.035998;,
  -0.017707;0.786437;0.006604;,
  0.014107;0.767894;0.001669;,
  -0.032672;0.771166;-0.002307;,
  0.025199;0.789834;0.025200;,
  -0.042763;0.756780;-0.008519;,
  -0.024734;0.716606;-0.035853;,
  -0.060796;0.718033;-0.004650;,
  0.000335;0.745315;-0.023214;,
  0.026270;0.798856;0.066621;,
  -0.027929;0.785344;0.083366;,
  0.001955;0.777832;0.090531;,
  -0.016265;0.797575;0.056151;,
  -0.061872;0.547989;0.028880;,
  -0.019623;0.552443;0.043315;,
  -0.055507;0.557474;0.025599;,
  -0.018103;0.541547;0.047991;,
  -0.056437;0.565599;-0.029950;,
  -0.067227;0.536301;-0.012403;,
  -0.032198;0.565372;-0.063843;,
  -0.056335;0.515507;-0.045333;,
  -0.028632;0.507551;-0.058744;,
  0.023006;0.550768;0.038204;,
  0.023638;0.537723;0.042736;,
  -0.031161;0.642343;0.074081;,
  0.023710;0.670706;0.091818;,
  -0.031149;0.685088;0.089132;,
  0.020085;0.635691;0.075556;,
  -0.049966;0.463389;-0.059249;,
  -0.093057;0.363622;-0.021986;,
  -0.076465;0.462274;-0.016031;,
  -0.062393;0.364222;-0.058245;,
  -0.068210;0.265694;-0.060513;,
  -0.086210;0.270598;-0.011392;,
  0.001082;0.460213;-0.047756;,
  0.000247;0.359551;0.031031;,
  -0.010352;0.360838;-0.044185;,
  0.012016;0.435366;0.038733;,
  -0.025108;0.273896;0.013320;,
  -0.031866;0.266323;-0.027301;,
  -0.078954;0.363429;0.041231;,
  -0.060925;0.441551;0.039183;,
  -0.064727;0.278470;0.021916;,
  -0.073991;0.009335;0.075746;,
  -0.034426;0.012398;0.121103;,
  -0.069282;0.012357;0.120838;,
  -0.029096;0.009146;0.072684;,
  -0.062931;0.213117;-0.019387;,
  -0.081085;0.153216;0.040820;,
  -0.086782;0.222917;0.014528;,
  -0.059366;0.144071;0.007274;,
  -0.070563;0.078987;0.068099;,
  -0.055457;0.072194;0.037700;,
  -0.016727;0.201577;-0.001044;,
  -0.012646;0.169983;0.059301;,
  -0.024745;0.148410;0.024339;,
  -0.006075;0.233552;0.043350;,
  -0.034954;0.093510;0.082708;,
  -0.035191;0.069995;0.063384;,
  -0.073032;0.171700;0.073671;,
  -0.076100;0.244457;0.057729;,
  -0.058719;0.099090;0.085081;,
  -0.072722;0.507039;-0.009185;,
  0.001082;0.460213;-0.047756;,
  -0.068415;0.496969;0.044328;,
  -0.016027;0.494018;0.062460;,
  -0.061149;0.451824;0.040844;,
  -0.013475;0.452566;0.054838;,
  -0.028865;0.596572;0.053422;,
  -0.062828;0.649830;0.058243;,
  -0.073754;0.660833;0.043979;,
  -0.057579;0.622221;-0.016632;,
  -0.062032;0.606180;0.031648;,
  -0.068119;0.678641;-0.006561;,
  -0.035563;0.682690;-0.043064;,
  -0.037203;0.625242;-0.047591;,
  -0.084418;0.751425;0.009649;,
  -0.030779;0.748925;0.006147;,
  -0.102376;0.707650;0.027711;,
  -0.062265;0.646944;0.042955;,
  -0.108924;0.659715;0.047469;,
  -0.044981;0.691340;0.022254;,
  -0.022542;0.753576;0.066334;,
  -0.034226;0.707630;0.085377;,
  -0.044981;0.691340;0.022254;,
  -0.054051;0.655518;0.095401;,
  -0.062265;0.646944;0.042955;,
  -0.029150;0.758469;0.074132;,
  -0.091647;0.724268;0.090840;,
  -0.073233;0.766792;0.072794;,
  -0.100581;0.668161;0.099969;,
  -0.086707;0.761281;0.037823;,
  -0.118253;0.643220;0.038088;,
  -0.088642;0.570962;0.023400;,
  -0.122504;0.584671;0.026981;,
  -0.063848;0.625540;0.032808;,
  -0.101725;0.532591;0.020242;,
  -0.127639;0.535157;0.021459;,
  -0.063848;0.625540;0.032808;,
  -0.093083;0.565921;0.080223;,
  -0.088642;0.570962;0.023400;,
  -0.059594;0.617900;0.095291;,
  -0.107055;0.525863;0.058837;,
  -0.101725;0.532591;0.020242;,
  -0.118974;0.576770;0.082670;,
  -0.113686;0.635541;0.100650;,
  -0.125969;0.528053;0.058506;,
  -0.102437;0.428535;-0.019419;,
  -0.110007;0.451075;0.032459;,
  -0.111609;0.430037;0.027364;,
  -0.100785;0.449976;-0.014789;,
  -0.099763;0.468422;-0.010811;,
  -0.111832;0.456844;-0.011676;,
  -0.103955;0.465132;-0.021189;,
  -0.103794;0.459859;-0.004793;,
  -0.100531;0.489660;0.046850;,
  -0.125870;0.482489;-0.007480;,
  -0.100657;0.505340;-0.000334;,
  -0.119002;0.458183;0.038859;,
  -0.138608;0.454547;0.038164;,
  -0.137133;0.498018;0.051528;,
  -0.138032;0.515459;0.002568;,
  -0.145360;0.478654;-0.006089;,
  -0.044090;0.803931;0.058194;,
  -0.045909;0.814074;0.030161;,
  -0.016265;0.797575;0.056151;,
  -0.012488;0.799394;0.032501;,
  -0.065653;0.700440;0.074128;,
  0.017281;0.801880;0.039776;,
  -0.045807;0.800599;0.005358;,
  -0.032672;0.771166;-0.002307;,
  -0.055590;0.774115;-0.000599;,
  -0.017707;0.786437;0.006604;,
  -0.054435;0.753201;0.077869;,
  -0.055294;0.758893;0.075444;,
  -0.023084;0.726823;0.093327;,
  0.031140;0.706045;0.095836;,
  0.046537;0.762963;0.084427;,
  -0.027929;0.785344;0.083366;,
  -0.055294;0.758893;0.075444;,
  -0.046930;0.744778;0.018014;,
  -0.030779;0.748925;0.006147;,
  -0.057825;0.752892;0.063679;,
  -0.067414;0.706284;0.042465;,
  -0.060311;0.710860;0.008292;,
  -0.042763;0.756780;-0.008519;,
  -0.072514;0.705862;0.058596;,
  -0.100657;0.505340;-0.000334;,
  0.029181;0.822977;0.059723;,
  0.037363;0.811724;0.078064;,
  0.054551;0.792116;0.071701;,
  0.061896;0.801486;0.083133;,
  -0.145360;0.478654;-0.006089;,
  -0.102437;0.428535;-0.019419;,
  -0.111609;0.430037;0.027364;,
  -0.102466;0.488064;-0.008548;,
  -0.117645;0.478316;-0.027137;,
  -0.102466;0.488064;-0.008548;,
  -0.112739;0.475836;-0.000691;,
  -0.133777;0.472364;-0.012984;,
  -0.133777;0.472364;-0.012984;,
  -0.099763;0.468422;-0.010811;,
  -0.103955;0.465132;-0.021189;,
  -0.111832;0.456844;-0.011676;,
  -0.080232;0.025630;-0.002404;,
  -0.049978;0.000971;-0.045547;,
  -0.085792;0.003556;-0.008126;,
  -0.048657;0.020006;-0.039614;,
  -0.030679;0.044992;0.108185;,
  -0.029096;0.009146;0.072684;,
  -0.027725;0.033867;0.068430;,
  -0.034426;0.012398;0.121103;,
  -0.034954;0.093510;0.082708;,
  -0.072219;0.047970;0.107446;,
  -0.058719;0.099090;0.085081;,
  -0.073991;0.009335;0.075746;,
  -0.075141;0.044026;0.070861;,
  -0.069282;0.012357;0.120838;,
  -0.055457;0.072194;0.037700;,
  -0.070563;0.078987;0.068099;,
  -0.021165;0.017704;-0.028975;,
  -0.015038;0.001706;-0.035119;,
  -0.085792;0.003556;-0.008126;,
  -0.015038;0.001706;-0.035119;,
  -0.010352;0.360838;-0.044185;,
  -0.031866;0.266323;-0.027301;,
  -0.016727;0.201577;-0.001044;,
  -0.024745;0.148410;0.024339;,
  -0.035191;0.069995;0.063384;,
  -0.035191;0.069995;0.063384;,
  0.024992;0.842173;0.055534;,
  0.036109;0.840267;0.031102;,
  0.036212;0.825962;0.041947;,
  0.031320;0.849041;0.036212;,
  0.040186;0.836944;0.082364;,
  0.051340;0.827381;0.101512;,
  0.112981;0.932495;0.118982;,
  0.132528;0.928285;0.116053;,
  0.070325;0.923266;0.048670;,
  0.086599;0.935679;0.070207;,
  0.084961;0.920561;0.038125;,
  0.035626;0.866982;0.046984;,
  0.033084;0.860293;0.075861;,
  0.031465;0.843486;0.068389;,
  0.048040;0.873107;0.109564;,
  0.052718;0.894388;0.098282;,
  0.077642;0.934771;0.090550;,
  0.054923;0.906898;0.074175;,
  0.070581;0.922613;0.114684;,
  0.051810;0.864348;0.123400;,
  0.064828;0.852837;0.140611;,
  0.099662;0.831908;0.138545;,
  0.092280;0.889640;0.156238;,
  0.122054;0.872284;0.155810;,
  0.043920;0.891133;0.062097;,
  0.054746;0.897301;0.037155;,
  0.039679;0.865915;0.028173;,
  0.041310;0.851510;0.000919;,
  0.099426;0.941430;0.086782;,
  0.090769;0.932557;0.119012;,
  0.077991;0.905516;0.144543;,
  0.098218;0.917857;0.143890;,
  0.132157;0.904805;0.145164;,
  0.115911;0.911135;0.147019;,
  0.081973;0.813503;0.107520;,
  0.077991;0.905516;0.144543;,
  0.098218;0.917857;0.143890;,
  0.028819;0.864821;0.078713;,
  0.045287;0.891692;0.114379;,
  0.043004;0.879791;0.097764;,
  0.031805;0.875515;0.111202;,
  0.031805;0.875515;0.111202;,
  0.028819;0.864821;0.078713;,
  0.045287;0.891692;0.114379;,
  0.052718;0.894388;0.098282;,
  0.041102;0.882557;0.079349;,
  0.033084;0.860293;0.075861;,
  0.065370;0.912182;0.049846;,
  0.041102;0.882557;0.079349;,
  0.017281;0.801880;0.039776;,
  0.029181;0.822977;0.059723;,
  -0.012488;0.799394;0.032501;,
  0.040186;0.836944;0.082364;,
  0.025714;0.491824;0.057351;,
  0.025371;0.458062;0.051296;,
  0.022350;0.442514;0.044691;,
  0.017965;0.448815;-0.016099;,
  0.115911;0.911135;0.147019;,
  0.132157;0.904805;0.145164;,
  0.055573;0.876284;0.015291;,
  0.072980;0.893204;0.020990;,
  0.068321;0.886977;0.015269;,
  0.082442;0.907854;0.039415;,
  0.018051;0.592420;0.051541;,
  -0.012488;0.799394;0.032501;,
  -0.049978;0.000971;-0.045547;,
  0.053029;0.871513;0.011485;,
  0.059021;0.871823;0.002806;,
  0.061339;0.872633;0.008292;,
  0.063505;0.878278;0.006838;,
  -0.057825;0.752892;0.063679;,
  -0.042442;0.743043;0.034491;,
  -0.046930;0.744778;0.018014;,
  -0.042763;0.756780;-0.008519;,
  0.051810;0.864348;0.123400;,
  -0.024727;0.221937;-0.055730;,
  0.002085;0.154484;-0.042795;,
  -0.029532;0.149807;-0.027961;,
  -0.000153;0.229474;-0.063066;,
  -0.031632;0.275883;-0.077764;,
  -0.001327;0.282694;-0.083748;,
  -0.013807;0.369115;-0.075879;,
  0.003606;0.370982;-0.080062;,
  -0.004235;0.457782;-0.078999;,
  0.007967;0.456854;-0.081428;,
  0.010817;0.501348;-0.075730;,
  -0.028632;0.507551;-0.058744;,
  0.003490;0.089555;-0.029241;,
  -0.028978;0.080338;-0.007040;,
  -0.001933;0.097346;0.107666;,
  -0.073032;0.171700;0.073671;,
  -0.058705;0.099090;0.085080;,
  -0.006515;0.168266;0.082673;,
  -0.076100;0.244457;0.057729;,
  -0.010333;0.234786;0.060113;,
  -0.010263;0.278422;0.044126;,
  -0.064727;0.278470;0.021916;,
  -0.078954;0.363429;0.041231;,
  0.005459;0.358933;0.047731;,
  0.025371;0.458062;0.051296;,
  -0.013475;0.452566;0.054838;,
  -0.042442;0.743043;0.034491;,
  -0.049966;0.463389;-0.059249;,
  -0.062393;0.364222;-0.058245;,
  -0.068210;0.265694;-0.060513;,
  -0.062931;0.213117;-0.019387;,
  -0.059366;0.144071;0.007274;,
  -0.055457;0.072194;0.037700;,
  0.119882;0.359185;0.005440;,
  0.066242;0.452767;0.046120;,
  0.108095;0.439787;0.015281;,
  0.093394;0.275061;-0.009722;,
  0.113912;0.233960;0.015196;,
  0.110454;0.159848;0.022447;,
  0.091212;0.087114;0.031220;,
  -0.060925;0.441551;0.039183;;
  916;
  3;0,1,2;,
  3;1,0,3;,
  3;4,5,6;,
  3;5,4,7;,
  3;8,9,10;,
  3;9,8,11;,
  3;12,13,14;,
  3;13,12,15;,
  3;16,12,17;,
  3;12,16,15;,
  3;18,19,20;,
  3;19,18,16;,
  3;6,21,22;,
  3;21,6,5;,
  3;14,23,24;,
  3;23,14,13;,
  3;25,26,27;,
  3;26,25,28;,
  3;29,30,31;,
  3;30,29,32;,
  3;30,33,31;,
  3;33,30,34;,
  3;35,36,37;,
  3;36,35,38;,
  3;38,39,36;,
  3;39,38,40;,
  3;37,41,42;,
  3;41,37,36;,
  3;36,43,41;,
  3;43,36,39;,
  3;42,30,32;,
  3;30,42,41;,
  3;41,34,30;,
  3;34,41,43;,
  3;44,45,46;,
  3;45,44,47;,
  3;48,49,50;,
  3;49,48,51;,
  3;50,52,53;,
  3;52,50,49;,
  3;54,55,56;,
  3;55,54,57;,
  3;57,58,55;,
  3;58,57,59;,
  3;56,60,61;,
  3;60,56,55;,
  3;55,62,60;,
  3;62,55,58;,
  3;61,49,51;,
  3;49,61,60;,
  3;60,52,49;,
  3;52,60,62;,
  3;32,19,63;,
  3;19,32,29;,
  3;64,65,66;,
  3;65,64,20;,
  3;14,67,12;,
  3;67,14,68;,
  3;68,69,67;,
  3;69,68,70;,
  3;70,42,69;,
  3;42,70,37;,
  3;48,34,51;,
  3;34,48,33;,
  3;51,43,61;,
  3;43,51,34;,
  3;43,56,61;,
  3;56,43,39;,
  3;39,54,56;,
  3;54,39,40;,
  3;12,63,17;,
  3;63,12,67;,
  3;67,32,63;,
  3;32,67,69;,
  3;69,42,32;,
  3;71,72,25;,
  3;73,74,75;,
  3;74,73,76;,
  3;74,77,75;,
  3;77,74,78;,
  3;79,78,80;,
  3;78,79,77;,
  3;81,82,83;,
  3;82,84,85;,
  3;84,82,86;,
  3;87,88,89;,
  3;88,90,89;,
  3;90,88,91;,
  3;92,93,94;,
  3;92,89,93;,
  3;92,87,89;,
  3;89,95,93;,
  3;95,89,90;,
  3;96,93,82;,
  3;93,86,82;,
  3;86,93,95;,
  3;97,98,99;,
  3;98,97,100;,
  3;100,101,98;,
  3;101,100,102;,
  3;103,104,105;,
  3;104,103,106;,
  3;106,107,104;,
  3;107,106,108;,
  3;105,109,110;,
  3;109,105,104;,
  3;104,111,109;,
  3;111,104,107;,
  3;110,100,97;,
  3;100,110,109;,
  3;109,102,100;,
  3;102,109,111;,
  3;112,113,114;,
  3;113,112,115;,
  3;116,117,118;,
  3;117,116,119;,
  3;120,121,122;,
  3;121,120,123;,
  3;120,124,125;,
  3;124,120,122;,
  3;126,124,127;,
  3;124,126,125;,
  3;95,97,86;,
  3;97,95,110;,
  3;86,99,84;,
  3;99,86,97;,
  3;90,103,105;,
  3;103,90,91;,
  3;105,95,90;,
  3;95,105,110;,
  3;128,96,129;,
  3;96,128,94;,
  3;129,130,128;,
  3;130,129,131;,
  3;72,28,25;,
  3;28,72,132;,
  3;10,133,8;,
  3;134,135,136;,
  3;135,134,137;,
  3;81,137,134;,
  3;138,11,139;,
  3;138,9,11;,
  3;138,140,9;,
  3;141,11,142;,
  3;11,141,139;,
  3;128,130,143;,
  3;94,144,92;,
  3;94,143,144;,
  3;94,128,143;,
  3;145,87,146;,
  3;87,145,147;,
  3;75,148,73;,
  3;148,75,149;,
  3;150,147,145;,
  3;7,149,75;,
  3;148,151,73;,
  3;102,152,101;,
  3;152,102,126;,
  3;102,125,126;,
  3;125,102,111;,
  3;111,120,125;,
  3;120,111,107;,
  3;120,108,123;,
  3;108,120,107;,
  3;8,153,154;,
  3;153,8,133;,
  3;154,155,8;,
  3;155,154,156;,
  3;122,114,113;,
  3;114,122,121;,
  3;121,112,114;,
  3;112,121,157;,
  3;158,124,159;,
  3;124,158,127;,
  3;159,122,113;,
  3;122,159,124;,
  3;126,160,152;,
  3;160,126,161;,
  3;162,121,123;,
  3;121,162,163;,
  3;121,164,157;,
  3;164,121,163;,
  3;165,126,127;,
  3;126,165,161;,
  3;161,166,160;,
  3;166,161,167;,
  3;162,118,163;,
  3;118,162,116;,
  3;163,117,164;,
  3;117,163,118;,
  3;165,167,161;,
  3;167,165,168;,
  3;169,170,171;,
  3;170,169,172;,
  3;173,174,175;,
  3;174,173,176;,
  3;177,178,179;,
  3;178,177,173;,
  3;180,178,181;,
  3;178,180,182;,
  3;183,169,171;,
  3;169,183,184;,
  3;174,185,186;,
  3;185,174,176;,
  3;46,187,44;,
  3;187,46,188;,
  3;180,169,182;,
  3;169,180,172;,
  3;20,29,65;,
  3;19,29,20;,
  3;29,31,189;,
  3;31,190,189;,
  3;190,31,33;,
  3;33,191,190;,
  3;191,33,48;,
  3;191,50,192;,
  3;50,191,48;,
  3;192,53,193;,
  3;53,192,50;,
  3;194,171,185;,
  3;171,194,183;,
  3;171,186,185;,
  3;186,171,170;,
  3;185,176,194;,
  3;194,173,177;,
  3;173,194,176;,
  3;178,175,181;,
  3;175,178,173;,
  3;179,182,184;,
  3;182,179,178;,
  3;182,169,184;,
  3;16,17,19;,
  3;17,63,19;,
  3;65,195,66;,
  3;196,197,198;,
  3;197,196,199;,
  3;200,154,153;,
  3;154,200,201;,
  3;202,203,204;,
  3;205,206,207;,
  3;196,208,209;,
  3;208,196,198;,
  3;210,209,211;,
  3;209,210,196;,
  3;212,213,214;,
  3;213,212,215;,
  3;212,214,211;,
  3;201,216,217;,
  3;216,201,200;,
  3;218,219,220;,
  3;219,218,217;,
  3;210,199,196;,
  3;213,205,207;,
  3;221,222,223;,
  3;198,197,224;,
  3;224,225,226;,
  3;225,224,197;,
  3;227,213,207;,
  3;228,229,214;,
  3;229,228,230;,
  3;220,231,232;,
  3;213,228,214;,
  3;156,201,233;,
  3;201,156,154;,
  3;233,217,218;,
  3;217,233,201;,
  3;219,217,234;,
  3;235,219,234;,
  3;236,237,238;,
  3;237,236,239;,
  3;209,240,211;,
  3;240,209,241;,
  3;211,242,212;,
  3;242,211,240;,
  3;243,239,244;,
  3;239,243,237;,
  3;244,236,245;,
  3;236,244,239;,
  3;246,221,223;,
  3;221,246,215;,
  3;221,212,247;,
  3;212,221,215;,
  3;199,248,2;,
  3;248,199,249;,
  3;133,10,250;,
  3;249,210,251;,
  3;210,249,199;,
  3;210,211,251;,
  3;252,1,253;,
  3;1,252,2;,
  3;20,254,18;,
  3;254,20,64;,
  3;24,68,14;,
  3;68,24,255;,
  3;68,256,70;,
  3;256,68,255;,
  3;256,37,70;,
  3;37,256,257;,
  3;258,2,252;,
  3;2,258,199;,
  3;257,259,37;,
  3;37,259,35;,
  3;260,204,261;,
  3;204,260,202;,
  3;262,263,223;,
  3;263,262,264;,
  3;197,258,225;,
  3;258,197,199;,
  3;265,203,227;,
  3;265,207,266;,
  3;207,265,227;,
  3;223,267,246;,
  3;267,223,263;,
  3;88,87,147;,
  3;83,82,85;,
  3;78,16,18;,
  3;16,78,74;,
  3;74,15,16;,
  3;15,74,76;,
  3;15,71,13;,
  3;71,15,76;,
  3;13,268,23;,
  3;268,13,71;,
  3;248,269,2;,
  3;2,269,0;,
  3;136,129,134;,
  3;129,136,131;,
  3;134,96,81;,
  3;96,134,129;,
  3;96,82,81;,
  3;93,96,94;,
  3;29,189,65;,
  3;205,215,246;,
  3;267,205,246;,
  3;205,267,206;,
  3;205,213,215;,
  3;187,188,270;,
  3;224,271,272;,
  3;222,221,208;,
  3;224,222,198;,
  3;272,273,262;,
  3;273,272,271;,
  3;263,274,275;,
  3;273,276,262;,
  3;277,271,278;,
  3;271,277,273;,
  3;222,272,262;,
  3;272,222,224;,
  3;222,208,198;,
  3;209,221,247;,
  3;221,209,208;,
  3;223,222,262;,
  3;266,206,279;,
  3;206,266,207;,
  3;206,280,279;,
  3;280,206,267;,
  3;280,263,275;,
  3;263,280,267;,
  3;264,262,276;,
  3;76,73,72;,
  3;138,281,140;,
  3;73,132,72;,
  3;132,73,151;,
  3;72,71,76;,
  3;271,226,278;,
  3;155,11,8;,
  3;276,277,282;,
  3;277,276,273;,
  3;274,276,282;,
  3;276,274,264;,
  3;28,141,26;,
  3;141,28,139;,
  3;139,132,138;,
  3;132,139,28;,
  3;132,281,138;,
  3;281,132,151;,
  3;281,148,283;,
  3;148,281,151;,
  3;283,149,284;,
  3;149,283,148;,
  3;7,284,149;,
  3;284,7,4;,
  3;5,79,21;,
  3;79,5,77;,
  3;77,7,75;,
  3;7,77,5;,
  3;6,3,4;,
  3;3,6,1;,
  3;285,137,83;,
