xof 0303txt 0032
template ColorRGBA {
 <35ff44e0-6c7c-11cf-8f52-0040333594a3>
 FLOAT red;
 FLOAT green;
 FLOAT blue;
 FLOAT alpha;
}

template ColorRGB {
 <d3e16e81-7835-11cf-8f52-0040333594a3>
 FLOAT red;
 FLOAT green;
 FLOAT blue;
}

template Material {
 <3d82ab4d-62da-11cf-ab39-0020af71e433>
 ColorRGBA faceColor;
 FLOAT power;
 ColorRGB specularColor;
 ColorRGB emissiveColor;
 [...]
}

template TextureFilename {
 <a42790e1-7810-11cf-8f52-0040333594a3>
 STRING filename;
}

template Frame {
 <3d82ab46-62da-11cf-ab39-0020af71e433>
 [...]
}

template Matrix4x4 {
 <f6f23f45-7686-11cf-8f52-0040333594a3>
 array FLOAT matrix[16];
}

template FrameTransformMatrix {
 <f6f23f41-7686-11cf-8f52-0040333594a3>
 Matrix4x4 frameMatrix;
}

template Vector {
 <3d82ab5e-62da-11cf-ab39-0020af71e433>
 FLOAT x;
 FLOAT y;
 FLOAT z;
}

template MeshFace {
 <3d82ab5f-62da-11cf-ab39-0020af71e433>
 DWORD nFaceVertexIndices;
 array DWORD faceVertexIndices[nFaceVertexIndices];
}

template Mesh {
 <3d82ab44-62da-11cf-ab39-0020af71e433>
 DWORD nVertices;
 array Vector vertices[nVertices];
 DWORD nFaces;
 array MeshFace faces[nFaces];
 [...]
}

template MeshMaterialList {
 <f6f23f42-7686-11cf-8f52-0040333594a3>
 DWORD nMaterials;
 DWORD nFaceIndexes;
 array DWORD faceIndexes[nFaceIndexes];
 [Material <3d82ab4d-62da-11cf-ab39-0020af71e433>]
}

template VertexElement {
 <f752461c-1e23-48f6-b9f8-8350850f336f>
 DWORD Type;
 DWORD Method;
 DWORD Usage;
 DWORD UsageIndex;
}

template DeclData {
 <bf22e553-292c-4781-9fea-62bd554bdd93>
 DWORD nElements;
 array VertexElement Elements[nElements];
 DWORD nDWords;
 array DWORD data[nDWords];
}

template XSkinMeshHeader {
 <3cf169ce-ff7c-44ab-93c0-f78f62d172e2>
 WORD nMaxSkinWeightsPerVertex;
 WORD nMaxSkinWeightsPerFace;
 WORD nBones;
}

template SkinWeights {
 <6f0d123b-bad2-4167-a0d0-80224f25fabb>
 STRING transformNodeName;
 DWORD nWeights;
 array DWORD vertexIndices[nWeights];
 array FLOAT weights[nWeights];
 Matrix4x4 matrixOffset;
}

template AnimTicksPerSecond {
 <9e415a43-7ba6-4a73-8743-b73d47e88476>
 DWORD AnimTicksPerSecond;
}

template Animation {
 <3d82ab4f-62da-11cf-ab39-0020af71e433>
 [...]
}

template AnimationSet {
 <3d82ab50-62da-11cf-ab39-0020af71e433>
 [Animation <3d82ab4f-62da-11cf-ab39-0020af71e433>]
}

template FloatKeys {
 <10dd46a9-775b-11cf-8f52-0040333594a3>
 DWORD nValues;
 array FLOAT values[nValues];
}

template TimedFloatKeys {
 <f406b180-7b3b-11cf-8f52-0040333594a3>
 DWORD time;
 FloatKeys tfkeys;
}

template AnimationKey {
 <10dd46a8-775b-11cf-8f52-0040333594a3>
 DWORD keyType;
 DWORD nKeys;
 array TimedFloatKeys keys[nKeys];
}


Material _02_-_Default {
 1.000000;1.000000;1.000000;1.000000;;
 9.999999;
 0.000000;0.000000;0.000000;;
 0.000000;0.000000;0.000000;;

 TextureFilename {
  "MaleBody_noTrans.png";
 }
}

Frame Dummy01 {
 

 FrameTransformMatrix {
  1.000000,0.000000,0.000000,0.000000,0.000000,-0.000000,-1.000000,0.000000,0.000000,1.000000,-0.000000,0.000000,0.000000,0.000000,0.000000,1.000000;;
 }

 Frame Bip01 {
  

  FrameTransformMatrix {
   -0.022557,0.965926,-0.257834,0.000000,0.084185,0.258819,0.962250,0.000000,0.996195,-0.000001,-0.087155,0.000000,0.000000,0.030000,0.540000,1.000000;;
  }

  Frame Bip01_Pelvis {
   

   FrameTransformMatrix {
    -0.000000,1.000000,-0.000001,0.000000,0.063244,0.000001,0.997998,0.000000,0.997998,-0.000000,-0.063244,0.000000,0.000000,0.000000,0.000000,1.000000;;
   }

   Frame Bip01_Spine {
    

    FrameTransformMatrix {
     0.965720,0.016419,0.259068,0.000000,-0.000002,0.997998,-0.063241,0.000000,-0.259588,0.061073,0.963786,0.000000,0.051655,-0.000005,-0.000082,1.000000;;
    }

    Frame Bip01_Spine1 {
     

     FrameTransformMatrix {
      0.969526,-0.083327,0.230385,0.000000,0.199368,0.814879,-0.544266,0.000000,-0.142383,0.573611,0.806659,0.000000,0.106492,-0.000049,-0.000068,1.000000;;
     }

     Frame Bip01_Neck {
      

      FrameTransformMatrix {
       0.940107,-0.200281,0.275839,0.000000,0.192135,0.979739,0.056536,0.000000,-0.281573,-0.000152,0.959540,0.000000,0.130512,0.000000,0.004626,1.000000;;
      }

      Frame Bip01_Head {
       

       FrameTransformMatrix {
        0.666817,0.405247,-0.625404,0.000000,-0.044129,0.859218,0.509703,0.000000,0.743914,-0.312280,0.590824,0.000000,0.033674,0.000000,0.000000,1.000000;;
       }

       Frame Bip01_HeadNub {
        

        FrameTransformMatrix {
         1.000000,-0.000000,0.000000,0.000000,0.000000,1.000000,-0.000000,0.000000,0.000000,-0.000000,1.000000,0.000000,0.169824,0.000000,0.000000,1.000000;;
        }
       }
      }

      Frame Bip01_L_Clavicle {
       

       FrameTransformMatrix {
        -0.200281,0.979738,-0.000154,0.000000,0.939887,0.192090,-0.282337,0.000000,-0.276587,-0.056692,-0.959315,0.000000,-0.027016,0.010517,0.002325,1.000000;;
       }

       Frame Bip01_L_UpperArm {
        

        FrameTransformMatrix {
         0.789191,-0.614122,-0.005670,0.000000,0.291085,0.382163,-0.877052,0.000000,0.540784,0.690511,0.480361,0.000000,0.087086,-0.000000,0.000000,1.000000;;
        }

        Frame Bip01_L_Forearm {
         

         FrameTransformMatrix {
          0.457293,-0.000000,-0.889316,0.000000,-0.000000,1.000000,-0.000000,0.000000,0.889316,-0.000000,0.457293,0.000000,0.137062,-0.000000,0.000000,1.000000;;
         }

         Frame Bip01_L_Hand {
          

          FrameTransformMatrix {
           0.997021,-0.071632,0.028600,0.000000,0.007705,0.461443,0.887136,0.000000,-0.076745,-0.884273,0.460620,0.000000,0.137062,0.000000,0.000000,1.000000;;
          }

          Frame Bip01_L_Finger0 {
           

           FrameTransformMatrix {
            0.389717,-0.893627,0.222604,0.000000,0.903397,0.324012,-0.280875,0.000000,0.178870,0.310561,0.933573,0.000000,0.057681,-0.023605,-0.000272,1.000000;;
           }

           Frame Bip01_L_Finger0Nub {
            

            FrameTransformMatrix {
             1.000000,0.000000,0.000000,0.000000,-0.000000,1.000000,0.000000,0.000000,0.000000,0.000000,1.000000,0.000000,0.029435,0.000000,0.000000,1.000000;;
            }
           }
          }

          Frame Bip01_L_Finger1 {
           

           FrameTransformMatrix {
            0.995733,-0.000073,0.092281,0.000000,0.000000,1.000000,0.000796,0.000000,-0.092281,-0.000793,0.995732,0.000000,0.084102,0.000000,0.000000,1.000000;;
           }

           Frame Bip01_L_Finger1Nub {
            

            FrameTransformMatrix {
             1.000000,-0.000000,0.000000,0.000000,0.000000,1.000000,-0.000000,0.000000,0.000000,-0.000000,1.000000,0.000000,0.047988,-0.000000,-0.000000,1.000000;;
            }
           }
          }
         }
        }
       }
      }

      Frame Bip01_R_Clavicle {
       

       FrameTransformMatrix {
        0.105075,-0.949356,-0.296113,0.000000,-0.939887,-0.192090,0.282337,0.000000,-0.324919,0.248647,-0.912471,0.000000,-0.020722,-0.020275,0.002330,1.000000;;
       }

       Frame Bip01_R_UpperArm {
        

        FrameTransformMatrix {
         0.506687,0.648854,-0.567677,0.000000,-0.737148,0.667520,0.105024,0.000000,0.447081,0.365248,0.816525,0.000000,0.087086,0.000000,0.000000,1.000000;;
        }

        Frame Bip01_R_Forearm {
         

         FrameTransformMatrix {
          -0.241603,-0.000000,-0.970375,0.000000,0.000000,1.000000,0.000000,0.000000,0.970375,-0.000000,-0.241603,0.000000,0.137062,0.000000,0.000000,1.000000;;
         }

         Frame Bip01_R_Hand {
          

          FrameTransformMatrix {
           0.909975,-0.258058,-0.324579,0.000000,-0.091672,0.638188,-0.764403,0.000000,0.404403,0.725342,0.557079,0.000000,0.137062,0.000000,0.000000,1.000000;;
          }

          Frame Bip01_R_Finger0 {
           

           FrameTransformMatrix {
            0.417774,-0.116941,0.900994,0.000000,-0.558537,0.749101,0.356210,0.000000,-0.716591,-0.652054,0.247639,0.000000,0.057681,0.023605,-0.000272,1.000000;;
           }

           Frame Bip01_R_Finger0Nub {
            

            FrameTransformMatrix {
             -1.000000,-0.000000,0.000000,0.000000,0.000000,1.000000,0.000000,0.000000,0.000000,0.000000,-1.000000,0.000000,0.029435,0.000000,0.000000,1.000000;;
            }
           }
          }

          Frame Bip01_R_Finger1 {
           

           FrameTransformMatrix {
            0.352437,0.000745,0.935835,0.000000,0.000000,1.000000,-0.000796,0.000000,-0.935836,0.000281,0.352436,0.000000,0.084102,0.000000,0.000000,1.000000;;
           }

           Frame Bip01_R_Finger1Nub {
            

            FrameTransformMatrix {
             -1.000000,0.000000,-0.000000,0.000000,0.000000,1.000000,0.000000,0.000000,0.000000,-0.000000,-1.000000,0.000000,0.047988,0.000000,0.000000,1.000000;;
            }
           }
          }
         }
        }
       }
      }
     }

     Frame Bip01_BackPack {
      

      FrameTransformMatrix {
       0.081023,-0.088037,-0.992817,0.000000,-0.064786,0.993520,-0.093387,0.000000,0.994604,0.071887,0.074794,0.000000,0.041174,-0.003810,-0.088357,1.000000;;
      }

      Frame Bip01_BackPackNub {
       

       FrameTransformMatrix {
        0.000796,0.000003,1.000000,0.000000,0.000000,-1.000000,0.000003,0.000000,1.000000,0.000000,-0.000796,0.000000,0.053240,0.000000,-0.000000,1.000000;;
       }
      }
     }
    }

    Frame Bip01_L_Thigh {
     

     FrameTransformMatrix {
      -0.426396,0.117068,0.896929,0.000000,-0.067350,-0.992946,0.097582,0.000000,0.902026,-0.018800,0.431272,0.000000,-0.048957,0.055115,0.016861,1.000000;;
     }

     Frame Bip01_L_Calf {
      

      FrameTransformMatrix {
       0.943868,-0.000000,-0.330324,0.000000,0.000000,1.000000,0.000000,0.000000,0.330325,0.000000,0.943868,0.000000,0.237500,0.000000,0.000000,1.000000;;
      }

      Frame Bip01_L_Foot {
       

       FrameTransformMatrix {
        0.965445,0.042873,0.257055,0.000000,-0.061737,0.995924,0.065765,0.000000,-0.253188,-0.079362,0.964156,0.000000,0.206841,0.000000,-0.000000,1.000000;;
       }

       Frame Bip01_L_Toe0 {
        

        FrameTransformMatrix {
         -0.000000,0.000002,1.000000,0.000000,-0.000001,1.000000,-0.000002,0.000000,-1.000000,-0.000001,-0.000000,0.000000,0.065373,0.000000,0.066450,1.000000;;
        }

        Frame Bip01_L_Toe0Nub {
         

         FrameTransformMatrix {
          -1.000000,-0.000000,0.000000,0.000000,-0.000000,1.000000,-0.000000,0.000000,0.000000,0.000000,-1.000000,0.000000,0.006735,0.000000,0.000000,1.000000;;
         }
        }
       }
      }
     }
    }

    Frame Bip01_R_Thigh {
     

     FrameTransformMatrix {
      -0.942133,-0.010450,0.335078,0.000000,0.012813,-0.999906,0.004841,0.000000,0.334996,0.008855,0.942178,0.000000,-0.050770,-0.055115,0.010115,1.000000;;
     }

     Frame Bip01_R_Calf {
      

      FrameTransformMatrix {
       0.190881,0.000000,-0.981613,0.000000,-0.000000,1.000000,-0.000000,0.000000,0.981613,0.000000,0.190881,0.000000,0.237500,0.000000,-0.000000,1.000000;;
      }

      Frame Bip01_R_Foot {
       

       FrameTransformMatrix {
        0.946980,0.019933,-0.320674,0.000000,0.011451,0.995346,0.095686,0.000000,0.321089,-0.094284,0.942344,0.000000,0.206841,-0.000000,0.000000,1.000000;;
       }

       Frame Bip01_R_Toe0 {
        

        FrameTransformMatrix {
         -0.000001,-0.000000,1.000000,0.000000,0.000001,1.000000,0.000000,0.000000,-1.000000,0.000001,-0.000001,0.000000,0.065373,0.000000,0.066450,1.000000;;
        }

        Frame Bip01_R_Toe0Nub {
         

         FrameTransformMatrix {
          1.000000,0.000000,0.000000,0.000000,-0.000000,1.000000,0.000000,0.000000,-0.000000,-0.000000,1.000000,0.000000,0.006735,0.000000,0.000000,1.000000;;
         }
        }
       }
      }
     }
    }
   }

   Frame Bip01_DressFront {
    

    FrameTransformMatrix {
     -0.733779,-0.190299,0.652193,0.000000,0.121847,0.907542,0.401896,0.000000,-0.668373,0.374370,-0.642748,0.000000,-0.043904,0.001345,0.061035,1.000000;;
    }

    Frame Bip01_DressFront02 {
     

     FrameTransformMatrix {
      0.912593,0.000001,0.408870,0.000000,-0.000001,1.000000,-0.000000,0.000000,-0.408870,-0.000000,0.912593,0.000000,0.183378,-0.000000,-0.000120,1.000000;;
     }

     Frame Bip01_DressFrontNub {
      

      FrameTransformMatrix {
       0.000796,0.000003,1.000000,0.000000,-0.000000,-1.000000,0.000003,0.000000,1.000000,-0.000000,-0.000796,0.000000,0.165302,-0.000000,0.000000,1.000000;;
      }
     }
    }
   }

   Frame Bip01_DressBack {
    

    FrameTransformMatrix {
     -0.886022,0.038029,0.462080,0.000000,0.191625,0.937561,0.290274,0.000000,-0.422190,0.345735,-0.837988,0.000000,-0.047673,-0.000048,-0.078302,1.000000;;
    }

    Frame Bip01_DressBack02 {
     

     FrameTransformMatrix {
      0.915391,0.133918,0.379639,0.000000,-0.166410,0.984580,0.053939,0.000000,-0.366562,-0.112551,0.923561,0.000000,0.176199,0.000012,-0.000100,1.000000;;
     }

     Frame Bip01_DressBackNub {
      

      FrameTransformMatrix {
       0.000796,0.000003,1.000000,0.000000,0.000000,-1.000000,0.000003,0.000000,1.000000,0.000000,-0.000796,0.000000,0.136508,0.000000,0.000000,1.000000;;
      }
     }
    }
   }
  }

  Frame Bip01_Prop1 {
   

   FrameTransformMatrix {
    0.040837,-0.813442,0.580210,0.000000,-0.723181,0.376631,0.578929,0.000000,-0.689451,-0.443239,-0.572885,0.000000,0.298128,0.169127,-0.003293,1.000000;;
   }
  }

  Frame Bip01_Prop2 {
   

   FrameTransformMatrix {
    -0.051975,-0.953682,0.296294,0.000000,0.290652,-0.298297,-0.909143,0.000000,0.955416,0.038866,0.292693,0.000000,-0.104920,0.038280,0.222993,1.000000;;
   }
  }
 }
}

Frame Translation_Data {
 

 FrameTransformMatrix {
  1.000000,0.000000,0.000000,0.000000,0.000000,-0.000000,-1.000000,0.000000,0.000000,1.000000,-0.000000,0.000000,0.000000,-0.000000,0.000000,1.000000;;
 }
}

Frame Body {
 

 FrameTransformMatrix {
  1.000000,0.000000,0.000000,0.000000,0.000000,1.000000,0.000000,0.000000,0.000000,0.000000,1.000000,0.000000,0.000000,0.000000,0.000000,1.000000;;
 }

 Mesh Body {
  617;
  0.082940;0.774055;-0.166360;,
  0.054738;0.750207;-0.172858;,
  0.040497;0.779280;-0.183552;,
  0.095200;0.760915;-0.151192;,
  0.099771;0.748023;-0.135894;,
  0.083345;0.693523;-0.143396;,
  0.071611;0.720331;-0.160966;,
  0.103126;0.721626;-0.112420;,
  0.020816;0.815263;-0.172041;,
  0.051180;0.829869;-0.123951;,
  0.057343;0.815627;-0.153579;,
  0.020925;0.823263;-0.132085;,
  0.090215;0.588645;-0.010540;,
  0.051841;0.607700;0.006742;,
  0.050876;0.594514;0.016671;,
  0.083793;0.600199;-0.016524;,
  0.074321;0.585056;-0.069313;,
  0.086333;0.563633;-0.045596;,
  0.043942;0.574551;-0.095578;,
  0.067642;0.537512;-0.065750;,
  0.037351;0.526741;-0.072113;,
  0.038729;0.674067;-0.163671;,
  0.038165;0.704984;-0.179166;,
  0.009023;0.609966;0.009389;,
  0.008774;0.594687;0.020122;,
  0.044112;0.719159;-0.034656;,
  -0.018313;0.748992;-0.065140;,
  -0.004911;0.714582;-0.041808;,
  0.033755;0.763654;-0.052903;,
  0.056346;0.516410;-0.085424;,
  0.102546;0.424408;-0.122656;,
  0.065427;0.442033;-0.146468;,
  0.090754;0.500059;-0.054355;,
  0.067059;0.362304;-0.202023;,
  0.094539;0.339937;-0.162925;,
  0.008743;0.512268;-0.074306;,
  0.021321;0.385459;-0.064189;,
  0.012505;0.495952;0.049539;,
  0.017052;0.427693;-0.127193;,
  0.039651;0.323424;-0.129945;,
  0.038010;0.340852;-0.168256;,
  0.101075;0.389264;-0.068268;,
  0.085361;0.465123;-0.006516;,
  0.080322;0.325667;-0.127641;,
  0.089386;0.074511;-0.243018;,
  0.044931;0.054092;-0.207821;,
  0.045127;0.078594;-0.250045;,
  0.079594;0.052233;-0.204646;,
  0.068210;0.296815;-0.199864;,
  0.095963;0.214813;-0.192929;,
  0.067701;0.225668;-0.220571;,
  0.098655;0.286461;-0.171918;,
  0.088044;0.137824;-0.213537;,
  0.069933;0.149819;-0.240786;,
  0.026224;0.272240;-0.184449;,
  0.033182;0.210499;-0.156234;,
  0.025712;0.269898;-0.128762;,
  0.037340;0.215560;-0.198557;,
  0.053897;0.139380;-0.190000;,
  0.051755;0.133894;-0.223133;,
  0.095243;0.208957;-0.154838;,
  0.097525;0.276554;-0.123493;,
  0.077961;0.143471;-0.186895;,
  0.090404;0.536534;-0.033517;,
  -0.005039;0.520589;-0.079076;,
  0.008743;0.512268;-0.074306;,
  -0.006746;0.490919;-0.056649;,
  0.096329;0.544977;0.020122;,
  0.048604;0.554928;0.046677;,
  0.086028;0.484735;0.012003;,
  0.042114;0.494167;0.038175;,
  0.048395;0.667612;-0.016628;,
  0.077690;0.713558;-0.041583;,
  0.092676;0.710878;-0.055339;,
  0.080381;0.636838;-0.078994;,
  0.100052;0.686386;-0.099812;,
  0.081875;0.657686;-0.035055;,
  0.077100;0.662210;-0.132677;,
  0.061467;0.619491;-0.103641;,
  0.021158;0.653111;-0.151195;,
  0.014915;0.611601;-0.109941;,
  0.125179;0.760099;-0.128711;,
  0.164920;0.754153;-0.097885;,
  0.080652;0.767964;-0.099538;,
  0.160068;0.757275;-0.027082;,
  0.122143;0.755477;-0.055953;,
  0.195597;0.755394;-0.060119;,
  0.095816;0.824953;-0.084234;,
  0.122143;0.755477;-0.055953;,
  0.131664;0.820388;-0.048119;,
  0.176692;0.800598;-0.009425;,
  0.160068;0.757275;-0.027082;,
  0.102355;0.832378;-0.089760;,
  0.174332;0.819198;-0.090330;,
  0.134731;0.824749;-0.119893;,
  0.212235;0.798673;-0.042218;,
  0.134214;0.788546;-0.131026;,
  0.195401;0.738271;-0.064645;,
  0.174728;0.683912;-0.010502;,
  0.153441;0.738745;-0.025409;,
  0.200615;0.685855;-0.036454;,
  0.189164;0.649753;0.007258;,
  0.208182;0.643106;-0.011240;,
  0.153441;0.738745;-0.025409;,
  0.214767;0.710597;0.020461;,
  0.190743;0.769999;0.014944;,
  0.174728;0.683912;-0.010502;,
  0.221274;0.663985;0.023589;,
  0.189164;0.649753;0.007258;,
  0.234320;0.712200;0.000234;,
  0.232429;0.769598;-0.024132;,
  0.232037;0.658977;0.013053;,
  0.206919;0.524174;0.048116;,
  0.234973;0.567225;0.072941;,
  0.197271;0.540886;0.058674;,
  0.244008;0.550575;0.062345;,
  0.163798;0.581574;0.026536;,
  0.171977;0.568830;0.019385;,
  0.167347;0.571241;0.029071;,
  0.163750;0.580393;0.014930;,
  0.226763;0.636488;0.044656;,
  0.193260;0.590752;0.023896;,
  0.238129;0.601246;0.049624;,
  0.181394;0.622954;0.029469;,
  0.246679;0.588522;0.036853;,
  0.242648;0.626329;0.011855;,
  0.195482;0.612713;-0.005234;,
  0.203602;0.579024;0.011568;,
  0.081213;0.829598;-0.141835;,
  0.100294;0.816585;-0.160829;,
  0.057343;0.815627;-0.153579;,
  0.068610;0.799962;-0.166779;,
  0.073222;0.767421;-0.056638;,
  0.042921;0.799598;-0.181203;,
  0.107949;0.789050;-0.163657;,
  0.095200;0.760915;-0.151192;,
  0.082940;0.774055;-0.166360;,
  0.105053;0.769941;-0.138283;,
  0.068288;0.812650;-0.085832;,
  0.023321;0.796895;-0.081729;,
  0.072563;0.814979;-0.090574;,
  -0.027454;0.773355;-0.097416;,
  -0.015849;0.799503;-0.150222;,
  0.051180;0.829869;-0.123951;,
  0.072563;0.814979;-0.090574;,
  0.086927;0.761073;-0.113274;,
  0.077878;0.803370;-0.090277;,
  0.080652;0.767964;-0.099538;,
  0.088063;0.748700;-0.076576;,
  0.095880;0.726184;-0.100780;,
  0.099771;0.748023;-0.135894;,
  0.086369;0.760694;-0.065624;,
  0.181394;0.622954;0.029469;,
  0.039162;0.809523;-0.208948;,
  0.024821;0.819042;-0.195023;,
  -0.006311;0.808301;-0.181014;,
  -0.001645;0.818019;-0.192729;,
  0.203602;0.579024;0.011568;,
  0.206919;0.524174;0.048116;,
  0.244008;0.550575;0.062345;,
  0.171572;0.599322;0.031312;,
  0.177671;0.592310;0.007133;,
  0.171572;0.599322;0.031312;,
  0.180589;0.584037;0.032680;,
  0.195477;0.580496;0.013404;,
  0.195477;0.580496;0.013404;,
  0.163798;0.581574;0.026536;,
  0.163750;0.580393;0.014930;,
  0.171977;0.568830;0.019385;,
  0.104282;0.131091;-0.297687;,
  0.079285;0.136315;-0.349961;,
  0.077153;0.148884;-0.334574;,
  0.110624;0.115644;-0.314181;,
  0.042411;0.088519;-0.200630;,
  0.045127;0.078594;-0.250045;,
  0.044931;0.054092;-0.207821;,
  0.044051;0.101543;-0.239881;,
  0.053897;0.139380;-0.190000;,
  0.083745;0.089050;-0.195505;,
  0.077961;0.143471;-0.186895;,
  0.089386;0.074511;-0.243018;,
  0.079594;0.052233;-0.204646;,
  0.090809;0.105937;-0.227559;,
  0.069933;0.149819;-0.240786;,
  0.088044;0.137824;-0.213537;,
  0.048655;0.142619;-0.329790;,
  0.043386;0.133108;-0.344384;,
  0.110624;0.115644;-0.314181;,
  0.043386;0.133108;-0.344384;,
  0.017052;0.427693;-0.127193;,
  0.038010;0.340852;-0.168256;,
  0.026224;0.272240;-0.184449;,
  0.037340;0.215560;-0.198557;,
  0.051755;0.133894;-0.223133;,
  0.051755;0.133894;-0.223133;,
  -0.003483;0.491590;-0.004757;,
  0.056794;0.799200;-0.227829;,
  0.039273;0.786107;-0.243505;,
  0.048203;0.792330;-0.246256;,
  0.036826;0.796321;-0.221024;,
  0.049096;0.822027;-0.207886;,
  0.041179;0.835251;-0.189313;,
  0.030365;0.933361;-0.262876;,
  0.010684;0.921033;-0.288240;,
  0.010684;0.937894;-0.263605;,
  0.044601;0.859636;-0.297666;,
  0.027643;0.857428;-0.304012;,
  0.040933;0.888951;-0.294517;,
  0.054082;0.811701;-0.253089;,
  0.062120;0.827082;-0.228926;,
  0.055226;0.811869;-0.221054;,
  0.063245;0.864537;-0.217986;,
  0.063720;0.870472;-0.241789;,
  0.054338;0.898617;-0.279625;,
  0.063004;0.905612;-0.254011;,
  0.059488;0.861479;-0.267160;,
  0.060637;0.871123;-0.202748;,
  0.049801;0.882769;-0.184170;,
  0.010684;0.885670;-0.173342;,
  0.043540;0.926451;-0.204294;,
  0.010684;0.930160;-0.194564;,
  0.059961;0.839342;-0.262138;,
  0.044726;0.799789;-0.265005;,
  0.045526;0.830200;-0.284169;,
  0.030186;0.773526;-0.272204;,
  0.010684;0.770161;-0.259756;,
  0.010684;0.768446;-0.280828;,
  0.036442;0.909559;-0.289275;,
  0.050046;0.923303;-0.260666;,
  0.058686;0.920488;-0.222407;,
  0.045151;0.936028;-0.234121;,
  0.027918;0.942576;-0.228817;,
  0.010684;0.945193;-0.226922;,
  0.010684;0.845771;-0.178065;,
  0.058686;0.920488;-0.222407;,
  0.045151;0.936028;-0.234121;,
  0.068377;0.829628;-0.230024;,
  0.073902;0.876877;-0.228488;,
  0.078962;0.859617;-0.217084;,
  0.066788;0.857658;-0.230208;,
  0.078962;0.859617;-0.217084;,
  0.068377;0.829628;-0.230024;,
  0.073902;0.876877;-0.228488;,
  0.063720;0.870472;-0.241789;,
  0.064227;0.845420;-0.244139;,
  0.062120;0.827082;-0.228926;,
  0.045238;0.852107;-0.288090;,
  0.064227;0.845420;-0.244139;,
  0.042921;0.799598;-0.181203;,
  0.039162;0.809523;-0.208948;,
  0.068610;0.799962;-0.166779;,
  0.049096;0.822027;-0.207886;,
  0.027016;0.750402;-0.199225;,
  0.031260;0.729641;-0.188075;,
  0.000322;0.575731;-0.096239;,
  0.006640;0.556675;0.049705;,
  0.003503;0.523032;0.055617;,
  -0.002993;0.472057;0.018246;,
  0.018935;0.768056;-0.233871;,
  -0.003483;0.491590;-0.004757;,
  0.027918;0.942576;-0.228817;,
  0.010684;0.945193;-0.226922;,
  0.030803;0.803708;-0.282806;,
  0.023267;0.824930;-0.293512;,
  0.023458;0.815378;-0.292119;,
  0.010684;0.909621;-0.298715;,
  0.010684;0.885895;-0.307906;,
  0.025559;0.850195;-0.293390;,
  0.002701;0.666367;-0.019061;,
  0.068610;0.799962;-0.166779;,
  0.079285;0.136315;-0.349961;,
  0.022541;0.794083;-0.287978;,
  0.030208;0.797261;-0.281464;,
  0.022357;0.799425;-0.285229;,
  0.010684;0.813575;-0.296887;,
  0.010684;0.820425;-0.307554;,
  0.022104;0.802497;-0.290630;,
  0.010684;0.799635;-0.285789;,
  0.010684;0.792001;-0.290405;,
  0.010684;0.855221;-0.310358;,
  0.010684;0.846605;-0.304954;,
  0.077878;0.803370;-0.090277;,
  0.010684;0.801957;-0.294326;,
  0.074217;0.771595;-0.105049;,
  0.086927;0.761073;-0.113274;,
  0.099771;0.748023;-0.135894;,
  0.060637;0.871123;-0.202748;,
  0.068210;0.296815;-0.199864;,
  -0.001641;0.213466;-0.204709;,
  -0.007945;0.289531;-0.190234;,
  0.067701;0.225668;-0.220571;,
  0.067059;0.362304;-0.202023;,
  0.000190;0.349288;-0.188492;,
  0.065427;0.442033;-0.146468;,
  -0.000865;0.427021;-0.136069;,
  0.056346;0.516410;-0.085424;,
  0.005777;0.503912;-0.093079;,
  0.037351;0.526741;-0.072113;,
  -0.005270;0.143231;-0.221133;,
  0.069933;0.149819;-0.240786;,
  0.038513;0.197509;-0.119327;,
  0.027577;0.187934;0.067303;,
  0.043850;0.130928;-0.138432;,
  0.016021;0.245854;0.048330;,
  0.004105;0.299071;0.025753;,
  0.029573;0.263859;-0.116002;,
  -0.004588;0.347566;0.022197;,
  0.031384;0.308917;-0.103818;,
  0.019722;0.377672;-0.051515;,
  -0.003490;0.416782;0.029701;,
  0.002100;0.495666;0.055870;,
  0.074217;0.771595;-0.105049;,
  -0.043218;0.728262;-0.211392;,
  -0.001872;0.725423;-0.197571;,
  -0.049381;0.706663;-0.204676;,
  -0.007270;0.758152;-0.204004;,
  -0.043895;0.686076;-0.200083;,
  -0.011987;0.664222;-0.174679;,
  -0.056883;0.672446;-0.164926;,
  0.001999;0.689856;-0.191354;,
  -0.028606;0.793292;-0.192995;,
  -0.081438;0.773374;-0.177049;,
  -0.058792;0.788363;-0.166885;,
  -0.059594;0.774036;-0.191442;,
  -0.075280;0.605863;-0.000356;,
  -0.033426;0.616288;0.010936;,
  -0.068342;0.615523;-0.009040;,
  -0.032570;0.603196;0.021806;,
  -0.067293;0.599320;-0.062347;,
  -0.080892;0.581031;-0.035306;,
  -0.042368;0.583244;-0.091332;,
  -0.070766;0.549560;-0.058772;,
  -0.044103;0.535215;-0.067101;,
  0.009023;0.609966;0.009389;,
  0.008774;0.594687;0.020122;,
  -0.052027;0.704311;-0.053986;,
  -0.018313;0.748992;-0.065140;,
  -0.066842;0.732734;-0.085913;,
  -0.004911;0.714582;-0.041808;,
  -0.060012;0.497570;-0.059759;,
  -0.109379;0.407187;-0.013935;,
  -0.093777;0.506459;-0.023112;,
  -0.071569;0.401144;-0.042030;,
  -0.079465;0.293253;-0.011234;,
  -0.106446;0.318370;0.016131;,
  -0.010417;0.499134;-0.038599;,
  -0.029884;0.417200;0.057571;,
  -0.023880;0.402397;-0.016700;,
  -0.011530;0.498452;0.051018;,
  -0.051253;0.336153;0.038126;,
  -0.050115;0.311635;0.014499;,
  -0.109341;0.420660;0.049419;,
  -0.088315;0.501035;0.038464;,
  -0.091770;0.340619;0.036678;,
  -0.098378;0.342548;0.283378;,
  -0.058813;0.385747;0.269219;,
  -0.093669;0.385501;0.269324;,
  -0.053483;0.339628;0.284317;,
  -0.080331;0.292015;0.064933;,
  -0.104945;0.320572;0.143171;,
  -0.109125;0.323198;0.068621;,
  -0.078334;0.289672;0.138970;,
  -0.095743;0.317898;0.221297;,
  -0.077560;0.289080;0.222053;,
  -0.036886;0.310866;0.083951;,
  -0.040475;0.353882;0.136801;,
  -0.046692;0.311905;0.142585;,
  -0.033804;0.365278;0.072269;,
  -0.061775;0.338399;0.209306;,
  -0.059578;0.315602;0.227644;,
  -0.102323;0.358832;0.139290;,
  -0.105493;0.372438;0.066065;,
  -0.085871;0.339083;0.204804;,
  -0.088938;0.555192;-0.022482;,
  -0.010417;0.499134;-0.038599;,
  -0.086454;0.563993;0.031370;,
  -0.034842;0.563609;0.051812;,
  -0.086338;0.514884;0.040191;,
  -0.039279;0.519320;0.058958;,
  -0.042449;0.664259;-0.025569;,
  -0.076942;0.689677;-0.072673;,
  -0.083168;0.683720;-0.090694;,
  -0.057094;0.631764;-0.092524;,
  -0.070176;0.652074;-0.050021;,
  -0.063836;0.661075;-0.132763;,
  -0.023365;0.646694;-0.152876;,
  -0.032120;0.616036;-0.112852;,
  -0.092909;0.713139;-0.228145;,
  -0.051959;0.708451;-0.193551;,
  -0.116705;0.668647;-0.232515;,
  -0.102924;0.614375;-0.188877;,
  -0.139308;0.627004;-0.218316;,
  -0.071182;0.650260;-0.198171;,
  -0.088179;0.706483;-0.144600;,
  -0.108085;0.659433;-0.144138;,
  -0.071182;0.650260;-0.198171;,
  -0.125366;0.595693;-0.163757;,
  -0.102924;0.614375;-0.188877;,
  -0.098531;0.710858;-0.143143;,
  -0.153643;0.678146;-0.178460;,
  -0.129484;0.721373;-0.173895;,
  -0.161617;0.608020;-0.193234;,
  -0.114555;0.720141;-0.208688;,
  -0.131245;0.646141;-0.226396;,
  -0.055132;0.631793;-0.244136;,
  -0.085027;0.640063;-0.263764;,
  -0.086684;0.633702;-0.192339;,
  -0.029630;0.621517;-0.277802;,
  -0.047789;0.631487;-0.295935;,
  -0.086684;0.633702;-0.192339;,
  -0.074738;0.578509;-0.251232;,
  -0.055132;0.631793;-0.244136;,
  -0.102688;0.572959;-0.192682;,
  -0.046442;0.590201;-0.290704;,
  -0.029630;0.621517;-0.277802;,
  -0.097768;0.585211;-0.266024;,
  -0.146956;0.585523;-0.226519;,
  -0.056106;0.595410;-0.300075;,
  0.048148;0.640482;-0.357976;,
  -0.001094;0.611639;-0.358243;,
  0.010790;0.616696;-0.375688;,
  0.036423;0.635683;-0.339993;,
  0.026072;0.631899;-0.324620;,
  0.024670;0.641854;-0.338014;,
  0.031985;0.641946;-0.325063;,
  0.023499;0.631202;-0.335515;,
  -0.022368;0.594124;-0.326218;,
  0.002061;0.649039;-0.320500;,
  0.002026;0.624775;-0.295598;,
  -0.013893;0.614062;-0.356657;,
  -0.023450;0.629403;-0.365109;,
  -0.050991;0.618478;-0.330574;,
  -0.026661;0.650836;-0.297968;,
  -0.008730;0.662930;-0.329834;,
  -0.087529;0.775114;-0.194726;,
  -0.084897;0.757285;-0.218546;,
  -0.059594;0.774036;-0.191442;,
  -0.049306;0.758067;-0.207895;,
  -0.092352;0.716530;-0.110970;,
  -0.022998;0.770191;-0.208962;,
  -0.075907;0.732405;-0.221525;,
  -0.049381;0.706663;-0.204676;,
  -0.075482;0.717986;-0.206526;,
  -0.043218;0.728262;-0.211392;,
  -0.099523;0.735539;-0.154652;,
  -0.100021;0.735922;-0.160610;,
  -0.074967;0.753865;-0.124636;,
  -0.027454;0.773355;-0.097416;,
  -0.015849;0.799503;-0.150222;,
  -0.081438;0.773374;-0.177049;,
  -0.100021;0.735922;-0.160610;,
  -0.061855;0.698935;-0.175371;,
  -0.051959;0.708451;-0.193551;,
  -0.095085;0.726966;-0.160161;,
  -0.081287;0.696650;-0.132147;,
  -0.061246;0.677890;-0.152340;,
  -0.043895;0.686076;-0.200083;,
  -0.092426;0.705740;-0.124295;,
  0.002026;0.624775;-0.295598;,
  -0.025792;0.791236;-0.216567;,
  -0.023232;0.805512;-0.200660;,
  -0.006311;0.808301;-0.181014;,
  -0.001645;0.818019;-0.192729;,
  -0.008730;0.662930;-0.329834;,
  0.048148;0.640482;-0.357976;,
  0.010790;0.616696;-0.375688;,
  0.014146;0.631981;-0.308621;,
  0.021907;0.655859;-0.314990;,
  0.014146;0.631981;-0.308621;,
  0.008279;0.634879;-0.325173;,
  0.005541;0.658899;-0.329785;,
  0.005541;0.658899;-0.329785;,
  0.026072;0.631899;-0.324620;,
  0.031985;0.641946;-0.325063;,
  0.024670;0.641854;-0.338014;,
  -0.104620;0.262794;0.286869;,
  -0.074365;0.227070;0.321410;,
  -0.110179;0.262695;0.309672;,
  -0.073044;0.228123;0.301499;,
  -0.055066;0.365187;0.240820;,
  -0.053483;0.339628;0.284317;,
  -0.052112;0.329406;0.261409;,
  -0.058813;0.385747;0.269219;,
  -0.061775;0.338399;0.209306;,
  -0.096606;0.363736;0.238116;,
  -0.085871;0.339083;0.204804;,
  -0.098378;0.342548;0.283378;,
  -0.099529;0.329256;0.250965;,
  -0.093669;0.385501;0.269324;,
  -0.077560;0.289080;0.222053;,
  -0.095743;0.317898;0.221297;,
  -0.045552;0.239000;0.301106;,
  -0.039425;0.236994;0.318125;,
  -0.110179;0.262695;0.309672;,
  -0.039425;0.236994;0.318125;,
  -0.023880;0.402397;-0.016700;,
  -0.050115;0.311635;0.014499;,
  -0.036886;0.310866;0.083951;,
  -0.046692;0.311905;0.142585;,
  -0.059578;0.315602;0.227644;,
  -0.059578;0.315602;0.227644;,
  -0.035425;0.799200;-0.227829;,
  -0.017904;0.786107;-0.243505;,
  -0.013489;0.782155;-0.226925;,
  -0.026834;0.792330;-0.246256;,
  -0.027727;0.822027;-0.207886;,
  -0.019810;0.835251;-0.189313;,
  -0.008996;0.933361;-0.262876;,
  0.010684;0.937894;-0.263605;,
  -0.023232;0.859636;-0.297666;,
  -0.019565;0.888951;-0.294517;,
  -0.006274;0.857428;-0.304012;,
  -0.032713;0.811701;-0.253089;,
  -0.040751;0.827082;-0.228926;,
  -0.033857;0.811869;-0.221054;,
  -0.041876;0.864537;-0.217986;,
  -0.042352;0.870472;-0.241789;,
  -0.032970;0.898617;-0.279625;,
  -0.038119;0.861479;-0.267160;,
  -0.041635;0.905612;-0.254011;,
  -0.039268;0.871123;-0.202748;,
  -0.028432;0.882769;-0.184170;,
  0.010684;0.885670;-0.173342;,
  -0.022172;0.926451;-0.204294;,
  0.010684;0.930160;-0.194564;,
  -0.038593;0.839341;-0.262138;,
  -0.024158;0.830200;-0.284169;,
  -0.023357;0.799789;-0.265005;,
  -0.008818;0.773526;-0.272204;,
  -0.015074;0.909559;-0.289275;,
  -0.028677;0.923303;-0.260666;,
  -0.037317;0.920488;-0.222407;,
  -0.023783;0.936028;-0.234121;,
  0.010684;0.945193;-0.226922;,
  -0.006549;0.942576;-0.228817;,
  0.010684;0.845771;-0.178065;,
  -0.037317;0.920488;-0.222407;,
  -0.023783;0.936028;-0.234121;,
  -0.047009;0.829628;-0.230024;,
  -0.052534;0.876876;-0.228488;,
  -0.045420;0.857658;-0.230208;,
  -0.057593;0.859617;-0.217084;,
  -0.057593;0.859617;-0.217084;,
  -0.047009;0.829628;-0.230024;,
  -0.052534;0.876876;-0.228488;,
  -0.042352;0.870472;-0.241789;,
  -0.042858;0.845420;-0.244139;,
  -0.040751;0.827082;-0.228926;,
  -0.023869;0.852107;-0.288090;,
  -0.042858;0.845420;-0.244139;,
  -0.022998;0.770191;-0.208962;,
  -0.025792;0.791236;-0.216567;,
  -0.049306;0.758067;-0.207895;,
  -0.027727;0.822027;-0.207886;,
  0.006640;0.556675;0.049705;,
  0.003503;0.523032;0.055617;,
  -0.002993;0.472057;0.018246;,
  -0.003483;0.491590;-0.004757;,
  -0.006549;0.942576;-0.228817;,
  0.010684;0.945193;-0.226922;,
  -0.009434;0.803708;-0.282806;,
  -0.001898;0.824930;-0.293512;,
  -0.002090;0.815378;-0.292119;,
  -0.004190;0.850195;-0.293390;,
  0.002701;0.666367;-0.019061;,
  -0.049306;0.758067;-0.207895;,
  -0.074365;0.227070;0.321410;,
  -0.008839;0.797261;-0.281464;,
  -0.001173;0.794083;-0.287978;,
  -0.000988;0.799425;-0.285229;,
  -0.000736;0.802497;-0.290630;,
  -0.095085;0.726966;-0.160161;,
  -0.065582;0.710898;-0.163970;,
  -0.061855;0.698935;-0.175371;,
  -0.043895;0.686076;-0.200083;,
  -0.039268;0.871123;-0.202748;,
  -0.061275;0.266409;-0.036251;,
  -0.049833;0.212872;-0.125184;,
  -0.071996;0.227528;0.004285;,
  -0.043393;0.278039;-0.128441;,
  -0.059158;0.309791;-0.070373;,
  -0.042022;0.329829;-0.135193;,
  -0.032168;0.399622;-0.069700;,
  -0.023426;0.405966;-0.105165;,
  -0.013536;0.482229;-0.069150;,
  -0.006175;0.482514;-0.079646;,
  -0.005039;0.520589;-0.079076;,
  -0.044103;0.535215;-0.067101;,
  -0.056505;0.157301;-0.125389;,
  -0.077819;0.188281;0.038715;,
  -0.030409;0.348334;0.205547;,
  -0.102323;0.358832;0.139290;,
  -0.085857;0.339084;0.204803;,
  -0.035184;0.359204;0.136619;,
  -0.105493;0.372438;0.066065;,
  -0.040467;0.380371;0.077607;,
  -0.042478;0.355417;0.056681;,
  -0.091770;0.340619;0.036678;,
  -0.109341;0.420660;0.049419;,
  -0.028473;0.420251;0.074748;,
  0.003503;0.523032;0.055617;,
  -0.039279;0.519320;0.058958;,
  -0.065582;0.710898;-0.163970;,
  -0.060012;0.497570;-0.059759;,
  -0.071569;0.401144;-0.042030;,
  -0.079465;0.293253;-0.011234;,
  -0.080331;0.292015;0.064933;,
  -0.078334;0.289672;0.138970;,
  -0.077560;0.289080;0.222053;,
  0.101075;0.389264;-0.068268;,
  0.042114;0.494167;0.038175;,
  0.085361;0.465123;-0.006516;,
  0.080322;0.325667;-0.127641;,
  0.097525;0.276554;-0.123493;,
  0.095243;0.208957;-0.154838;,
  0.077961;0.143471;-0.186895;,
  -0.088315;0.501035;0.038464;;
  916;
  3;0,1,2;,
  3;1,0,3;,
  3;4,5,6;,
  3;5,4,7;,
  3;8,9,10;,
  3;9,8,11;,
  3;12,13,14;,
  3;13,12,15;,
  3;16,12,17;,
  3;12,16,15;,
  3;18,19,20;,
  3;19,18,16;,
  3;6,21,22;,
  3;21,6,5;,
  3;14,23,24;,
  3;23,14,13;,
  3;25,26,27;,
  3;26,25,28;,
  3;29,30,31;,
  3;30,29,32;,
  3;30,33,31;,
  3;33,30,34;,
  3;35,36,37;,
  3;36,35,38;,
  3;38,39,36;,
  3;39,38,40;,
  3;37,41,42;,
  3;41,37,36;,
  3;36,43,41;,
  3;43,36,39;,
  3;42,30,32;,
  3;30,42,41;,
  3;41,34,30;,
  3;34,41,43;,
  3;44,45,46;,
  3;45,44,47;,
  3;48,49,50;,
  3;49,48,51;,
  3;50,52,53;,
  3;52,50,49;,
  3;54,55,56;,
  3;55,54,57;,
  3;57,58,55;,
  3;58,57,59;,
  3;56,60,61;,
  3;60,56,55;,
  3;55,62,60;,
  3;62,55,58;,
  3;61,49,51;,
  3;49,61,60;,
  3;60,52,49;,
  3;52,60,62;,
  3;32,19,63;,
  3;19,32,29;,
  3;64,65,66;,
  3;65,64,20;,
  3;14,67,12;,
  3;67,14,68;,
  3;68,69,67;,
  3;69,68,70;,
  3;70,42,69;,
  3;42,70,37;,
  3;48,34,51;,
  3;34,48,33;,
  3;51,43,61;,
  3;43,51,34;,
  3;43,56,61;,
  3;56,43,39;,
  3;39,54,56;,
  3;54,39,40;,
  3;12,63,17;,
  3;63,12,67;,
  3;67,32,63;,
  3;32,67,69;,
  3;69,42,32;,
  3;71,72,25;,
  3;73,74,75;,
  3;74,73,76;,
  3;74,77,75;,
  3;77,74,78;,
  3;79,78,80;,
  3;78,79,77;,
  3;81,82,83;,
  3;82,84,85;,
  3;84,82,86;,
  3;87,88,89;,
  3;88,90,89;,
  3;90,88,91;,
  3;92,93,94;,
  3;92,89,93;,
  3;92,87,89;,
  3;89,95,93;,
  3;95,89,90;,
  3;96,93,82;,
  3;93,86,82;,
  3;86,93,95;,
  3;97,98,99;,
  3;98,97,100;,
  3;100,101,98;,
  3;101,100,102;,
  3;103,104,105;,
  3;104,103,106;,
  3;106,107,104;,
  3;107,106,108;,
  3;105,109,110;,
  3;109,105,104;,
  3;104,111,109;,
  3;111,104,107;,
  3;110,100,97;,
  3;100,110,109;,
  3;109,102,100;,
  3;102,109,111;,
  3;112,113,114;,
  3;113,112,115;,
  3;116,117,118;,
  3;117,116,119;,
  3;120,121,122;,
  3;121,120,123;,
  3;120,124,125;,
  3;124,120,122;,
  3;126,124,127;,
  3;124,126,125;,
  3;95,97,86;,
  3;97,95,110;,
  3;86,99,84;,
  3;99,86,97;,
  3;90,103,105;,
  3;103,90,91;,
  3;105,95,90;,
  3;95,105,110;,
  3;128,96,129;,
  3;96,128,94;,
  3;129,130,128;,
  3;130,129,131;,
  3;72,28,25;,
  3;28,72,132;,
  3;10,133,8;,
  3;134,135,136;,
  3;135,134,137;,
  3;81,137,134;,
  3;138,11,139;,
  3;138,9,11;,
  3;138,140,9;,
  3;141,11,142;,
  3;11,141,139;,
  3;128,130,143;,
  3;94,144,92;,
  3;94,143,144;,
  3;94,128,143;,
  3;145,87,146;,
  3;87,145,147;,
  3;75,148,73;,
  3;148,75,149;,
  3;150,147,145;,
  3;7,149,75;,
  3;148,151,73;,
  3;102,152,101;,
  3;152,102,126;,
  3;102,125,126;,
  3;125,102,111;,
  3;111,120,125;,
  3;120,111,107;,
  3;120,108,123;,
  3;108,120,107;,
  3;8,153,154;,
  3;153,8,133;,
  3;154,155,8;,
  3;155,154,156;,
  3;122,114,113;,
  3;114,122,121;,
  3;121,112,114;,
  3;112,121,157;,
  3;158,124,159;,
  3;124,158,127;,
  3;159,122,113;,
  3;122,159,124;,
  3;126,160,152;,
  3;160,126,161;,
  3;162,121,123;,
  3;121,162,163;,
  3;121,164,157;,
  3;164,121,163;,
  3;165,126,127;,
  3;126,165,161;,
  3;161,166,160;,
  3;166,161,167;,
  3;162,118,163;,
  3;118,162,116;,
  3;163,117,164;,
  3;117,163,118;,
  3;165,167,161;,
  3;167,165,168;,
  3;169,170,171;,
  3;170,169,172;,
  3;173,174,175;,
  3;174,173,176;,
  3;177,178,179;,
  3;178,177,173;,
  3;180,178,181;,
  3;178,180,182;,
  3;183,169,171;,
  3;169,183,184;,
  3;174,185,186;,
  3;185,174,176;,
  3;46,187,44;,
  3;187,46,188;,
  3;180,169,182;,
  3;169,180,172;,
  3;20,29,65;,
  3;19,29,20;,
  3;29,31,189;,
  3;31,190,189;,
  3;190,31,33;,
  3;33,191,190;,
  3;191,33,48;,
  3;191,50,192;,
  3;50,191,48;,
  3;192,53,193;,
  3;53,192,50;,
  3;194,171,185;,
  3;171,194,183;,
  3;171,186,185;,
  3;186,171,170;,
  3;185,176,194;,
  3;194,173,177;,
  3;173,194,176;,
  3;178,175,181;,
  3;175,178,173;,
  3;179,182,184;,
  3;182,179,178;,
  3;182,169,184;,
  3;16,17,19;,
  3;17,63,19;,
  3;65,195,66;,
  3;196,197,198;,
  3;197,196,199;,
  3;200,154,153;,
  3;154,200,201;,
  3;202,203,204;,
  3;205,206,207;,
  3;196,208,209;,
  3;208,196,198;,
  3;210,209,211;,
  3;209,210,196;,
  3;212,213,214;,
  3;213,212,215;,
  3;212,214,211;,
  3;201,216,217;,
  3;216,201,200;,
  3;218,219,220;,
  3;219,218,217;,
  3;210,199,196;,
  3;213,205,207;,
  3;221,222,223;,
  3;198,197,224;,
  3;224,225,226;,
  3;225,224,197;,
  3;227,213,207;,
  3;228,229,214;,
  3;229,228,230;,
  3;220,231,232;,
  3;213,228,214;,
  3;156,201,233;,
  3;201,156,154;,
  3;233,217,218;,
  3;217,233,201;,
  3;219,217,234;,
  3;235,219,234;,
  3;236,237,238;,
  3;237,236,239;,
  3;209,240,211;,
  3;240,209,241;,
  3;211,242,212;,
  3;242,211,240;,
  3;243,239,244;,
  3;239,243,237;,
  3;244,236,245;,
  3;236,244,239;,
  3;246,221,223;,
  3;221,246,215;,
  3;221,212,247;,
  3;212,221,215;,
  3;199,248,2;,
  3;248,199,249;,
  3;133,10,250;,
  3;249,210,251;,
  3;210,249,199;,
  3;210,211,251;,
  3;252,1,253;,
  3;1,252,2;,
  3;20,254,18;,
  3;254,20,64;,
  3;24,68,14;,
  3;68,24,255;,
  3;68,256,70;,
  3;256,68,255;,
  3;256,37,70;,
  3;37,256,257;,
  3;258,2,252;,
  3;2,258,199;,
  3;257,259,37;,
  3;37,259,35;,
  3;260,204,261;,
  3;204,260,202;,
  3;262,263,223;,
  3;263,262,264;,
  3;197,258,225;,
  3;258,197,199;,
  3;265,203,227;,
  3;265,207,266;,
  3;207,265,227;,
  3;223,267,246;,
  3;267,223,263;,
  3;88,87,147;,
  3;83,82,85;,
  3;78,16,18;,
  3;16,78,74;,
  3;74,15,16;,
  3;15,74,76;,
  3;15,71,13;,
  3;71,15,76;,
  3;13,268,23;,
  3;268,13,71;,
  3;248,269,2;,
  3;2,269,0;,
  3;136,129,134;,
  3;129,136,131;,
  3;134,96,81;,
  3;96,134,129;,
  3;96,82,81;,
  3;93,96,94;,
  3;29,189,65;,
  3;205,215,246;,
  3;267,205,246;,
  3;205,267,206;,
  3;205,213,215;,
  3;187,188,270;,
  3;224,271,272;,
  3;222,221,208;,
  3;224,222,198;,
  3;272,273,262;,
  3;273,272,271;,
  3;263,274,275;,
  3;273,276,262;,
  3;277,271,278;,
  3;271,277,273;,
  3;222,272,262;,
  3;272,222,224;,
  3;222,208,198;,
  3;209,221,247;,
  3;221,209,208;,
  3;223,222,262;,
  3;266,206,279;,
  3;206,266,207;,
  3;206,280,279;,
  3;280,206,267;,
  3;280,263,275;,
  3;263,280,267;,
  3;264,262,276;,
  3;76,73,72;,
  3;138,281,140;,
  3;73,132,72;,
  3;132,73,151;,
  3;72,71,76;,
  3;271,226,278;,
