xof 0303txt 0032
template ColorRGBA {
 <35ff44e0-6c7c-11cf-8f52-0040333594a3>
 FLOAT red;
 FLOAT green;
 FLOAT blue;
 FLOAT alpha;
}

template ColorRGB {
 <d3e16e81-7835-11cf-8f52-0040333594a3>
 FLOAT red;
 FLOAT green;
 FLOAT blue;
}

template Material {
 <3d82ab4d-62da-11cf-ab39-0020af71e433>
 ColorRGBA faceColor;
 FLOAT power;
 ColorRGB specularColor;
 ColorRGB emissiveColor;
 [...]
}

template TextureFilename {
 <a42790e1-7810-11cf-8f52-0040333594a3>
 STRING filename;
}

template Frame {
 <3d82ab46-62da-11cf-ab39-0020af71e433>
 [...]
}

template Matrix4x4 {
 <f6f23f45-7686-11cf-8f52-0040333594a3>
 array FLOAT matrix[16];
}

template FrameTransformMatrix {
 <f6f23f41-7686-11cf-8f52-0040333594a3>
 Matrix4x4 frameMatrix;
}

template Vector {
 <3d82ab5e-62da-11cf-ab39-0020af71e433>
 FLOAT x;
 FLOAT y;
 FLOAT z;
}

template MeshFace {
 <3d82ab5f-62da-11cf-ab39-0020af71e433>
 DWORD nFaceVertexIndices;
 array DWORD faceVertexIndices[nFaceVertexIndices];
}

template Mesh {
 <3d82ab44-62da-11cf-ab39-0020af71e433>
 DWORD nVertices;
 array Vector vertices[nVertices];
 DWORD nFaces;
 array MeshFace faces[nFaces];
 [...]
}

template MeshMaterialList {
 <f6f23f42-7686-11cf-8f52-0040333594a3>
 DWORD nMaterials;
 DWORD nFaceIndexes;
 array DWORD faceIndexes[nFaceIndexes];
 [Material <3d82ab4d-62da-11cf-ab39-0020af71e433>]
}

template VertexElement {
 <f752461c-1e23-48f6-b9f8-8350850f336f>
 DWORD Type;
 DWORD Method;
 DWORD Usage;
 DWORD UsageIndex;
}

template DeclData {
 <bf22e553-292c-4781-9fea-62bd554bdd93>
 DWORD nElements;
 array VertexElement Elements[nElements];
 DWORD nDWords;
 array DWORD data[nDWords];
}

template XSkinMeshHeader {
 <3cf169ce-ff7c-44ab-93c0-f78f62d172e2>
 WORD nMaxSkinWeightsPerVertex;
 WORD nMaxSkinWeightsPerFace;
 WORD nBones;
}

template SkinWeights {
 <6f0d123b-bad2-4167-a0d0-80224f25fabb>
 STRING transformNodeName;
 DWORD nWeights;
 array DWORD vertexIndices[nWeights];
 array FLOAT weights[nWeights];
 Matrix4x4 matrixOffset;
}

template AnimTicksPerSecond {
 <9e415a43-7ba6-4a73-8743-b73d47e88476>
 DWORD AnimTicksPerSecond;
}

template Animation {
 <3d82ab4f-62da-11cf-ab39-0020af71e433>
 [...]
}

template AnimationSet {
 <3d82ab50-62da-11cf-ab39-0020af71e433>
 [Animation <3d82ab4f-62da-11cf-ab39-0020af71e433>]
}

template FloatKeys {
 <10dd46a9-775b-11cf-8f52-0040333594a3>
 DWORD nValues;
 array FLOAT values[nValues];
}

template TimedFloatKeys {
 <f406b180-7b3b-11cf-8f52-0040333594a3>
 DWORD time;
 FloatKeys tfkeys;
}

template AnimationKey {
 <10dd46a8-775b-11cf-8f52-0040333594a3>
 DWORD keyType;
 DWORD nKeys;
 array TimedFloatKeys keys[nKeys];
}


Material _03_-_Default {
 1.000000;1.000000;1.000000;1.000000;;
 9.999999;
 0.000000;0.000000;0.000000;;
 0.000000;0.000000;0.000000;;

 TextureFilename {
  "MaleBody_full.png";
 }
}

Frame Dummy01 {
 

 FrameTransformMatrix {
  1.000000,0.000000,0.000000,0.000000,0.000000,-0.000000,-1.000000,0.000000,0.000000,1.000000,-0.000000,0.000000,0.000000,0.000000,0.000000,1.000000;;
 }

 Frame Bip01 {
  

  FrameTransformMatrix {
   0.332215,0.935336,-0.121569,0.000000,0.070495,0.103907,0.992086,0.000000,0.940566,-0.338156,-0.031417,0.000000,-0.003413,-0.050407,0.182600,1.000000;;
  }

  Frame Bip01_Pelvis {
   

   FrameTransformMatrix {
    -0.191975,0.981357,-0.009194,0.000000,0.082212,0.025416,0.996291,0.000000,0.977950,0.190507,-0.085558,0.000000,0.000000,0.000000,0.000000,1.000000;;
   }

   Frame Bip01_Spine {
    

    FrameTransformMatrix {
     0.803844,0.037262,0.593672,0.000000,-0.036045,0.999253,-0.013913,0.000000,-0.593747,-0.010215,0.804587,0.000000,0.050721,0.001313,0.009768,1.000000;;
    }

    Frame Bip01_Spine1 {
     

     FrameTransformMatrix {
      0.845803,-0.072787,0.528506,0.000000,0.018369,0.994035,0.107505,0.000000,-0.533178,-0.081220,0.842095,0.000000,0.106525,0.000007,-0.000071,1.000000;;
     }

     Frame Bip01_Neck {
      

      FrameTransformMatrix {
       0.903366,0.000001,0.428870,0.000000,-0.000001,1.000000,-0.000000,0.000000,-0.428870,-0.000000,0.903366,0.000000,0.130516,0.000000,0.004628,1.000000;;
      }

      Frame Bip01_Head {
       

       FrameTransformMatrix {
        0.775554,-0.075744,-0.626721,0.000000,0.172283,0.980485,0.094698,0.000000,0.607318,-0.181417,0.773468,0.000000,0.033674,0.000000,0.000000,1.000000;;
       }

       Frame Bip01_HeadNub {
        

        FrameTransformMatrix {
         1.000000,0.000000,0.000000,0.000000,0.000000,1.000000,-0.000000,0.000000,0.000000,-0.000000,1.000000,0.000000,0.169824,0.000000,-0.000000,1.000000;;
        }
       }
      }

      Frame Bip01_L_Clavicle {
       

       FrameTransformMatrix {
        0.195331,0.957613,0.211712,0.000000,0.889588,-0.082119,-0.449321,0.000000,-0.412890,0.276103,-0.867922,0.000000,-0.023698,0.015715,0.006128,1.000000;;
       }

       Frame Bip01_L_UpperArm {
        

        FrameTransformMatrix {
         0.577290,-0.220318,-0.786254,0.000000,0.649630,0.707290,0.278786,0.000000,0.494688,-0.671715,0.551437,0.000000,0.087086,0.000000,0.000000,1.000000;;
        }

        Frame Bip01_L_Forearm {
         

         FrameTransformMatrix {
          0.470303,0.000000,-0.882505,0.000000,0.000000,1.000000,0.000000,0.000000,0.882505,0.000000,0.470303,0.000000,0.137062,0.000000,-0.000000,1.000000;;
         }

         Frame Bip01_L_Hand {
          

          FrameTransformMatrix {
           0.976555,-0.187920,0.105009,0.000000,0.004219,0.504418,0.863449,0.000000,-0.215228,-0.842762,0.493385,0.000000,0.137062,0.000000,-0.000000,1.000000;;
          }

          Frame Bip01_L_Finger0 {
           

           FrameTransformMatrix {
            0.572652,-0.765411,0.293626,0.000000,0.817515,0.559890,-0.134884,0.000000,-0.061158,0.317285,0.946357,0.000000,0.057681,-0.023605,-0.000272,1.000000;;
           }

           Frame Bip01_L_Finger0Nub {
            

            FrameTransformMatrix {
             1.000000,-0.000000,-0.000000,0.000000,0.000000,1.000000,-0.000000,0.000000,0.000000,0.000000,1.000000,0.000000,0.029435,0.000000,-0.000000,1.000000;;
            }
           }
          }

          Frame Bip01_L_Finger1 {
           

           FrameTransformMatrix {
            0.954317,-0.000238,0.298796,0.000000,0.000000,1.000000,0.000796,0.000000,-0.298796,-0.000760,0.954316,0.000000,0.084102,-0.000000,-0.000000,1.000000;;
           }

           Frame Bip01_L_Finger1Nub {
            

            FrameTransformMatrix {
             1.000000,0.000000,-0.000000,0.000000,0.000000,1.000000,0.000000,0.000000,0.000000,0.000000,1.000000,0.000000,0.047988,0.000000,0.000000,1.000000;;
            }
           }
          }
         }
        }
       }
      }

      Frame Bip01_R_Clavicle {
       

       FrameTransformMatrix {
        0.081243,-0.995264,0.053365,0.000000,-0.900072,-0.050265,0.432832,0.000000,-0.428100,-0.083197,-0.899894,0.000000,-0.023698,-0.015714,0.006128,1.000000;;
       }

       Frame Bip01_R_UpperArm {
        

        FrameTransformMatrix {
         0.505072,0.177777,-0.844570,0.000000,-0.676306,0.689467,-0.259318,0.000000,0.536202,0.702162,0.468462,0.000000,0.087086,-0.000000,0.000000,1.000000;;
        }

        Frame Bip01_R_Forearm {
         

         FrameTransformMatrix {
          -0.456318,0.000000,-0.889817,0.000000,0.000000,1.000000,0.000000,0.000000,0.889817,0.000000,-0.456318,0.000000,0.137062,0.000000,0.000000,1.000000;;
         }

         Frame Bip01_R_Hand {
          

          FrameTransformMatrix {
           0.977327,0.208945,0.034267,0.000000,0.202480,-0.874949,-0.439848,0.000000,-0.061922,0.436814,-0.897418,0.000000,0.137062,0.000000,0.000000,1.000000;;
          }

          Frame Bip01_R_Finger0 {
           

           FrameTransformMatrix {
            0.556874,0.020367,0.830347,0.000000,-0.558537,0.749101,0.356210,0.000000,-0.614759,-0.662144,0.428531,0.000000,0.057681,0.023605,-0.000272,1.000000;;
           }

           Frame Bip01_R_Finger0Nub {
            

            FrameTransformMatrix {
             -1.000000,-0.000000,-0.000000,0.000000,0.000000,1.000000,-0.000000,0.000000,-0.000000,0.000000,-1.000000,0.000000,0.029435,0.000000,0.000000,1.000000;;
            }
           }
          }

          Frame Bip01_R_Finger1 {
           

           FrameTransformMatrix {
            -0.342274,0.000748,0.939600,0.000000,0.000000,1.000000,-0.000796,0.000000,-0.939600,-0.000273,-0.342274,0.000000,0.084102,0.000000,-0.000000,1.000000;;
           }

           Frame Bip01_R_Finger1Nub {
            

            FrameTransformMatrix {
             -1.000000,0.000000,-0.000000,0.000000,0.000000,1.000000,-0.000000,0.000000,0.000000,0.000000,-1.000000,0.000000,0.047988,0.000000,0.000000,1.000000;;
            }
           }
          }
         }
        }
       }
      }
     }

     Frame Bip01_BackPack {
      

      FrameTransformMatrix {
       0.180560,0.080500,-0.980264,0.000000,0.047560,0.994765,0.090451,0.000000,0.982413,-0.062954,0.175786,0.000000,0.063697,0.000003,-0.088856,1.000000;;
      }

      Frame Bip01_BackPackNub {
       

       FrameTransformMatrix {
        0.000796,0.000003,1.000000,0.000000,0.000000,-1.000000,0.000003,0.000000,1.000000,0.000000,-0.000796,0.000000,0.053240,-0.000000,0.000000,1.000000;;
       }
      }
     }
    }

    Frame Bip01_L_Thigh {
     

     FrameTransformMatrix {
      0.377007,0.211684,0.901696,0.000000,-0.148981,-0.946997,0.284609,0.000000,0.914150,-0.241635,-0.325487,0.000000,-0.044562,0.055836,0.021705,1.000000;;
     }

     Frame Bip01_L_Calf {
      

      FrameTransformMatrix {
       -0.883444,0.000000,-0.468537,0.000000,-0.000000,1.000000,0.000000,0.000000,0.468537,0.000000,-0.883444,0.000000,0.237500,0.000000,-0.000000,1.000000;;
      }

      Frame Bip01_L_Foot {
       

       FrameTransformMatrix {
        0.603625,0.118606,0.788397,0.000000,-0.180426,0.983540,-0.009822,0.000000,-0.776585,-0.136318,0.615088,0.000000,0.206841,0.000000,0.000000,1.000000;;
       }

       Frame Bip01_L_Toe0 {
        

        FrameTransformMatrix {
         -0.316177,-0.169418,0.933451,0.000000,-0.133353,0.982093,0.133077,0.000000,-0.939281,-0.082402,-0.333107,0.000000,0.065373,0.000000,0.066450,1.000000;;
        }

        Frame Bip01_L_Toe0Nub {
         

         FrameTransformMatrix {
          -1.000000,0.000000,-0.000000,0.000000,0.000000,1.000000,0.000000,0.000000,-0.000000,0.000000,-1.000000,0.000000,0.006735,-0.000000,0.000000,1.000000;;
         }
        }
       }
      }
     }
    }

    Frame Bip01_R_Thigh {
     

     FrameTransformMatrix {
      0.459129,-0.426135,0.779493,0.000000,-0.090023,-0.895243,-0.436389,0.000000,0.883797,0.130187,-0.449394,0.000000,-0.048678,-0.054532,0.022834,1.000000;;
     }

     Frame Bip01_R_Calf {
      

      FrameTransformMatrix {
       -0.857138,0.000000,-0.515087,0.000000,-0.000000,1.000000,-0.000000,0.000000,0.515087,0.000000,-0.857138,0.000000,0.237500,0.000000,0.000000,1.000000;;
      }

      Frame Bip01_R_Foot {
       

       FrameTransformMatrix {
        0.660933,-0.170680,0.730777,0.000000,0.190545,0.980047,0.056566,0.000000,-0.725851,0.101859,0.680268,0.000000,0.206841,-0.000000,0.000000,1.000000;;
       }

       Frame Bip01_R_Toe0 {
        

        FrameTransformMatrix {
         -0.294233,-0.848586,0.439691,0.000000,-0.060099,0.475574,0.877621,0.000000,-0.953842,0.231800,-0.190929,0.000000,0.065373,-0.000000,0.066450,1.000000;;
        }

        Frame Bip01_R_Toe0Nub {
         

         FrameTransformMatrix {
          1.000000,-0.000000,0.000000,0.000000,0.000000,1.000000,0.000000,0.000000,0.000000,-0.000000,1.000000,0.000000,0.006735,-0.000000,0.000000,1.000000;;
         }
        }
       }
      }
     }
    }
   }

   Frame Bip01_DressFront {
    

    FrameTransformMatrix {
     -0.299373,0.012072,0.954060,0.000000,-0.067506,0.997146,-0.033799,0.000000,-0.951745,-0.074523,-0.297704,0.000000,0.024877,-0.001689,0.054530,1.000000;;
    }

    Frame Bip01_DressFront02 {
     

     FrameTransformMatrix {
      0.060956,-0.047570,0.997006,0.000000,0.027913,0.998554,0.045938,0.000000,-0.997750,0.025029,0.062195,0.000000,0.183456,-0.000003,-0.000008,1.000000;;
     }

     Frame Bip01_DressFrontNub {
      

      FrameTransformMatrix {
       0.000796,0.000003,1.000000,0.000000,-0.000000,-1.000000,0.000003,0.000000,1.000000,0.000000,-0.000796,0.000000,0.165302,0.000000,-0.000000,1.000000;;
      }
     }
    }
   }

   Frame Bip01_DressBack {
    

    FrameTransformMatrix {
     -0.581579,-0.013645,0.813376,0.000000,0.127462,0.985981,0.107678,0.000000,-0.803443,0.166298,-0.571686,0.000000,-0.056356,-0.000086,-0.067419,1.000000;;
    }

    Frame Bip01_DressBack02 {
     

     FrameTransformMatrix {
      -0.961636,-0.131751,0.240619,0.000000,-0.114029,0.989730,0.086206,0.000000,-0.249505,0.055461,-0.966784,0.000000,0.176186,-0.000006,0.000105,1.000000;;
     }

     Frame Bip01_DressBackNub {
      

      FrameTransformMatrix {
       0.000796,0.000003,1.000000,0.000000,-0.000000,-1.000000,0.000003,0.000000,1.000000,-0.000000,-0.000796,0.000000,0.136508,0.000000,0.000000,1.000000;;
      }
     }
    }
   }
  }

  Frame Bip01_Prop1 {
   

   FrameTransformMatrix {
    0.422404,-0.045727,-0.905253,0.000000,0.725946,-0.580963,0.368083,0.000000,-0.542750,-0.812645,-0.212206,0.000000,0.251105,0.143600,-0.102176,1.000000;;
   }
  }

  Frame Bip01_Prop2 {
   

   FrameTransformMatrix {
    -0.073895,0.286878,0.955113,0.000000,0.997075,0.040017,0.065122,0.000000,-0.019538,0.957131,-0.288996,0.000000,0.324440,0.013096,0.030585,1.000000;;
   }
  }
 }
}

Frame Translation_Data {
 

 FrameTransformMatrix {
  1.000000,0.000000,0.000000,0.000000,0.000000,-0.000000,-1.000000,0.000000,0.000000,1.000000,-0.000000,0.000000,0.000000,0.000000,0.000000,1.000000;;
 }
}

Frame Body {
 

 FrameTransformMatrix {
  1.000000,0.000000,0.000000,0.000000,0.000000,1.000000,0.000000,0.000000,0.000000,0.000000,1.000000,0.000000,0.000000,0.000000,0.000000,1.000000;;
 }

 Mesh Body {
  617;
  0.102702;0.336184;-0.116870;,
  0.072003;0.337383;-0.105562;,
  0.072567;0.366027;-0.123674;,
  0.111070;0.322155;-0.098921;,
  0.116791;0.318673;-0.075692;,
  0.081969;0.293146;-0.057455;,
  0.073483;0.306835;-0.085984;,
  0.116841;0.315754;-0.035116;,
  0.077539;0.408330;-0.123154;,
  0.122415;0.410932;-0.083398;,
  0.114256;0.386506;-0.109882;,
  0.091159;0.423803;-0.088021;,
  0.066994;0.227675;0.112766;,
  0.024838;0.240959;0.116426;,
  0.020806;0.221874;0.125236;,
  0.062814;0.241687;0.104519;,
  0.071409;0.240332;0.051107;,
  0.078309;0.215325;0.072904;,
  0.051903;0.235391;0.015487;,
  0.070233;0.196445;0.042084;,
  0.046744;0.186194;0.021733;,
  0.029339;0.291230;-0.071084;,
  0.033686;0.309172;-0.095790;,
  -0.016635;0.239921;0.105276;,
  -0.019726;0.218308;0.113880;,
  0.063294;0.362122;0.047980;,
  0.023336;0.402811;0.006219;,
  0.012488;0.369353;0.038567;,
  0.079561;0.395557;0.013163;,
  0.062913;0.200761;0.019089;,
  0.149291;0.178748;-0.046944;,
  0.110956;0.197886;-0.067428;,
  0.096928;0.178242;0.045032;,
  0.160912;0.147707;-0.153317;,
  0.183036;0.147369;-0.130218;,
  0.022354;0.183044;0.005256;,
  0.086888;0.091927;-0.056986;,
  -0.008682;0.115812;0.113051;,
  0.071644;0.162866;-0.079493;,
  0.132221;0.130543;-0.141899;,
  0.133217;0.135099;-0.154363;,
  0.157259;0.117134;-0.028626;,
  0.097190;0.125230;0.061708;,
  0.168060;0.140237;-0.125043;,
  0.092134;0.023053;0.082947;,
  0.033516;0.030708;0.094669;,
  0.057607;0.014885;0.055267;,
  0.061872;0.036223;0.114178;,
  0.148071;0.106562;-0.103373;,
  0.135928;0.114320;-0.017729;,
  0.120620;0.082675;-0.038823;,
  0.165469;0.138915;-0.081795;,
  0.098776;0.087850;0.050549;,
  0.094312;0.063691;0.028249;,
  0.097574;0.113106;-0.099953;,
  0.071972;0.139087;-0.042282;,
  0.086079;0.167646;-0.099938;,
  0.085457;0.098460;-0.043616;,
  0.063679;0.103760;0.037020;,
  0.068856;0.071766;0.033722;,
  0.125900;0.151355;-0.014047;,
  0.151468;0.185841;-0.074990;,
  0.085463;0.111345;0.045265;,
  0.082966;0.186072;0.077304;,
  0.010198;0.180054;-0.000849;,
  0.022354;0.183044;0.005256;,
  0.006700;0.144632;0.010072;,
  0.070646;0.176843;0.129712;,
  0.016118;0.174586;0.139884;,
  0.082631;0.129444;0.091446;,
  0.032189;0.121081;0.102761;,
  0.046607;0.314549;0.079075;,
  0.095625;0.346781;0.044278;,
  0.109452;0.337819;0.032345;,
  0.082490;0.275644;0.026589;,
  0.109375;0.304699;-0.006574;,
  0.081607;0.299661;0.067447;,
  0.079380;0.281942;-0.036282;,
  0.064242;0.258741;0.001132;,
  0.030085;0.287310;-0.057551;,
  0.016914;0.255639;-0.011812;,
  0.146938;0.325962;-0.145140;,
  0.169097;0.281845;-0.156437;,
  0.102627;0.317019;-0.115949;,
  0.143922;0.218933;-0.134958;,
  0.119668;0.259841;-0.130696;,
  0.184106;0.235505;-0.156592;,
  0.133748;0.303051;-0.065469;,
  0.119668;0.259841;-0.130696;,
  0.151452;0.255709;-0.072919;,
  0.170150;0.201083;-0.096551;,
  0.143922;0.218933;-0.134958;,
  0.144087;0.306391;-0.062248;,
  0.200928;0.278025;-0.098569;,
  0.178336;0.320888;-0.087373;,
  0.210252;0.217424;-0.118169;,
  0.166854;0.327570;-0.122847;,
  0.178604;0.237571;-0.173310;,
  0.122550;0.189394;-0.202474;,
  0.130404;0.217554;-0.149301;,
  0.153707;0.203607;-0.215688;,
  0.116468;0.163808;-0.233373;,
  0.135521;0.172581;-0.250854;,
  0.130404;0.217554;-0.149301;,
  0.158220;0.148887;-0.183482;,
  0.162619;0.169987;-0.122912;,
  0.122550;0.189394;-0.202474;,
  0.145077;0.138766;-0.227257;,
  0.116468;0.163808;-0.233373;,
  0.182001;0.160211;-0.193496;,
  0.210564;0.189967;-0.146722;,
  0.155037;0.143174;-0.238125;,
  0.060612;0.086496;-0.324347;,
  0.103237;0.070529;-0.289926;,
  0.060260;0.088288;-0.302426;,
  0.103131;0.069054;-0.311581;,
  0.057255;0.135278;-0.278149;,
  0.061506;0.132700;-0.294141;,
  0.056983;0.127099;-0.285820;,
  0.057967;0.144293;-0.285520;,
  0.133747;0.113145;-0.244422;,
  0.088490;0.133778;-0.278645;,
  0.125690;0.096387;-0.276827;,
  0.092255;0.140540;-0.244748;,
  0.129932;0.101796;-0.295558;,
  0.150073;0.134447;-0.271089;,
  0.107452;0.164202;-0.271523;,
  0.094625;0.138352;-0.297028;,
  0.142674;0.375924;-0.119581;,
  0.139013;0.351710;-0.136570;,
  0.114256;0.386506;-0.109882;,
  0.106490;0.363650;-0.124778;,
  0.116961;0.380835;0.007790;,
  0.085628;0.381252;-0.127956;,
  0.127810;0.329121;-0.131673;,
  0.111070;0.322155;-0.098921;,
  0.102702;0.336184;-0.116870;,
  0.126127;0.323562;-0.114834;,
  0.133363;0.390621;-0.042197;,
  0.091635;0.412895;-0.032187;,
  0.136799;0.388309;-0.047707;,
  0.033937;0.418967;-0.035719;,
  0.044326;0.421310;-0.094824;,
  0.122415;0.410932;-0.083398;,
  0.136799;0.388309;-0.047707;,
  0.117768;0.337208;-0.059100;,
  0.136747;0.374883;-0.047976;,
  0.102627;0.317019;-0.115949;,
  0.119866;0.353706;-0.007084;,
  0.114006;0.325404;-0.024952;,
  0.116791;0.318673;-0.075692;,
  0.124925;0.367286;0.000529;,
  0.092255;0.140540;-0.244748;,
  0.087743;0.386008;-0.155599;,
  0.081109;0.406792;-0.149501;,
  0.049517;0.416002;-0.127760;,
  0.056679;0.418575;-0.150315;,
  0.094625;0.138352;-0.297028;,
  0.060612;0.086496;-0.324347;,
  0.103131;0.069054;-0.311581;,
  0.069869;0.138182;-0.262961;,
  0.075703;0.153083;-0.283330;,
  0.069869;0.138182;-0.262961;,
  0.073244;0.127077;-0.276455;,
  0.087991;0.137381;-0.293251;,
  0.087991;0.137381;-0.293251;,
  0.057255;0.135278;-0.278149;,
  0.057967;0.144293;-0.285520;,
  0.061506;0.132700;-0.294141;,
  0.143330;0.020505;0.021430;,
  0.143855;-0.018511;-0.021723;,
  0.139567;0.000928;-0.023468;,
  0.150880;-0.001104;0.026622;,
  0.038532;0.058103;0.073045;,
  0.057607;0.014885;0.055267;,
  0.033516;0.030708;0.094669;,
  0.059344;0.037258;0.043972;,
  0.063679;0.103760;0.037020;,
  0.072616;0.067467;0.095081;,
  0.085463;0.111345;0.045265;,
  0.092134;0.023053;0.082947;,
  0.061872;0.036223;0.114178;,
  0.096421;0.055209;0.069672;,
  0.094312;0.063691;0.028249;,
  0.098776;0.087850;0.050549;,
  0.111041;-0.003101;-0.030127;,
  0.109470;-0.020888;-0.033644;,
  0.150880;-0.001104;0.026622;,
  0.109470;-0.020888;-0.033644;,
  0.071644;0.162866;-0.079493;,
  0.133217;0.135099;-0.154363;,
  0.097574;0.113106;-0.099953;,
  0.085457;0.098460;-0.043616;,
  0.068856;0.071766;0.033722;,
  0.068856;0.071766;0.033722;,
  -0.006273;0.128483;0.057766;,
  0.096761;0.371446;-0.171753;,
  0.075863;0.355368;-0.177128;,
  0.085261;0.357227;-0.182982;,
  0.077742;0.370328;-0.160394;,
  0.094797;0.402456;-0.168207;,
  0.091038;0.424964;-0.160346;,
  0.086883;0.465576;-0.276481;,
  0.062906;0.445132;-0.290257;,
  0.068137;0.472489;-0.279516;,
  0.086057;0.383856;-0.263458;,
  0.068362;0.381680;-0.267319;,
  0.087163;0.410041;-0.277453;,
  0.093166;0.368037;-0.199630;,
  0.106023;0.392444;-0.188495;,
  0.097854;0.385770;-0.173341;,
  0.113911;0.428669;-0.200716;,
  0.112632;0.420158;-0.223694;,
  0.103420;0.423669;-0.270753;,
  0.115806;0.441972;-0.253674;,
  0.104330;0.399551;-0.239471;,
  0.114012;0.442960;-0.191877;,
  0.107149;0.464732;-0.183098;,
  0.070339;0.480347;-0.175555;,
  0.105275;0.490101;-0.224391;,
  0.074615;0.504602;-0.218253;,
  0.102056;0.384316;-0.222790;,
  0.080882;0.353493;-0.202633;,
  0.084076;0.367334;-0.235662;,
  0.061891;0.330902;-0.193580;,
  0.043601;0.338708;-0.181285;,
  0.041018;0.325604;-0.197673;,
  0.086396;0.430487;-0.284783;,
  0.104970;0.455008;-0.269095;,
  0.117269;0.472396;-0.236038;,
  0.104987;0.480983;-0.254404;,
  0.089613;0.492430;-0.253627;,
  0.073277;0.498796;-0.253432;,
  0.063880;0.445390;-0.156834;,
  0.117269;0.472396;-0.236038;,
  0.104987;0.480983;-0.254404;,
  0.112429;0.392738;-0.190885;,
  0.125060;0.430856;-0.216435;,
  0.128723;0.422273;-0.197292;,
  0.115019;0.415644;-0.206912;,
  0.128723;0.422273;-0.197292;,
  0.112429;0.392738;-0.190885;,
  0.125060;0.430856;-0.216435;,
  0.112632;0.420158;-0.223694;,
  0.109141;0.398457;-0.211436;,
  0.106023;0.392444;-0.188495;,
  0.086620;0.382960;-0.251306;,
  0.109141;0.398457;-0.211436;,
  0.085628;0.381252;-0.127956;,
  0.087743;0.386008;-0.155599;,
  0.106490;0.363650;-0.124778;,
  0.094797;0.402456;-0.168207;,
  0.042923;0.347017;-0.128304;,
  0.038477;0.330663;-0.111608;,
  0.010790;0.234127;0.000891;,
  -0.024420;0.172652;0.128649;,
  -0.023525;0.138801;0.123175;,
  0.007566;0.103457;0.055047;,
  0.046761;0.348593;-0.160651;,
  -0.006273;0.128483;0.057766;,
  0.089613;0.492430;-0.253627;,
  0.073277;0.498796;-0.253432;,
  0.065817;0.349352;-0.219424;,
  0.060386;0.361993;-0.240221;,
  0.059307;0.354992;-0.233661;,
  0.060050;0.430060;-0.292420;,
  0.055504;0.405725;-0.286545;,
  0.066412;0.382110;-0.254455;,
  0.000239;0.318064;0.069549;,
  0.106490;0.363650;-0.124778;,
  0.143855;-0.018511;-0.021723;,
  0.055694;0.340207;-0.218174;,
  0.064421;0.344983;-0.214660;,
  0.056612;0.346098;-0.218935;,
  0.045959;0.353247;-0.236480;,
  0.045800;0.352868;-0.249151;,
  0.056224;0.345633;-0.225125;,
  0.045111;0.348120;-0.219436;,
  0.043465;0.339367;-0.218913;,
  0.050668;0.379505;-0.271181;,
  0.049983;0.375527;-0.261846;,
  0.136747;0.374883;-0.047976;,
  0.044513;0.345255;-0.227786;,
  0.114425;0.352768;-0.052295;,
  0.117768;0.337208;-0.059100;,
  0.116791;0.318673;-0.075692;,
  0.114012;0.442960;-0.191877;,
  0.148071;0.106562;-0.103373;,
  0.082075;0.044715;-0.094090;,
  0.093548;0.094150;-0.138932;,
  0.120620;0.082675;-0.038823;,
  0.160912;0.147707;-0.153317;,
  0.102125;0.160236;-0.166122;,
  0.110956;0.197886;-0.067428;,
  0.053764;0.185814;-0.083791;,
  0.062913;0.200761;0.019089;,
  0.018491;0.208183;-0.005379;,
  0.046744;0.186194;0.021733;,
  0.064613;-0.005225;-0.058249;,
  0.094312;0.063691;0.028249;,
  0.059078;0.151766;-0.015291;,
  -0.032119;0.114341;0.099013;,
  0.038049;0.132333;0.047170;,
  -0.014701;0.108922;0.035202;,
  0.001422;0.099266;-0.025952;,
  0.084584;0.180581;-0.093254;,
  0.010488;0.075719;-0.061958;,
  0.122751;0.127134;-0.137283;,
  0.087406;0.077525;-0.052953;,
  0.005310;0.074292;-0.002993;,
  -0.017060;0.110212;0.097222;,
  0.114425;0.352768;-0.052295;,
  -0.023285;0.353129;-0.134761;,
  0.006704;0.343675;-0.116789;,
  -0.038887;0.341438;-0.120941;,
  0.017491;0.371334;-0.133143;,
  -0.048285;0.335066;-0.103804;,
  -0.023550;0.302371;-0.078033;,
  -0.060265;0.331238;-0.069655;,
  -0.006814;0.314572;-0.099790;,
  0.020566;0.413820;-0.132950;,
  -0.032965;0.427498;-0.108823;,
  -0.000794;0.432663;-0.103832;,
  -0.021362;0.405153;-0.128825;,
  -0.094068;0.230356;0.069864;,
  -0.058016;0.242973;0.094156;,
  -0.085016;0.245282;0.064785;,
  -0.060404;0.223225;0.103604;,
  -0.066197;0.243678;0.014121;,
  -0.084437;0.218034;0.029553;,
  -0.031965;0.237430;-0.007056;,
  -0.062695;0.198492;0.007399;,
  -0.032527;0.187513;0.000617;,
  -0.016635;0.239921;0.105276;,
  -0.019726;0.218308;0.113880;,
  -0.037860;0.369803;0.025252;,
  0.023336;0.402811;0.006219;,
  -0.031785;0.405291;-0.008552;,
  0.012488;0.369353;0.038567;,
  -0.053705;0.208748;-0.005907;,
  -0.117756;0.203939;-0.098667;,
  -0.095354;0.185592;0.002918;,
  -0.074986;0.224070;-0.103240;,
  -0.096740;0.191844;-0.208119;,
  -0.124799;0.188329;-0.192219;,
  -0.012525;0.192945;-0.011135;,
  -0.055403;0.116687;-0.104340;,
  -0.033934;0.189420;-0.108850;,
  -0.032073;0.116201;0.106820;,
  -0.072819;0.170487;-0.190135;,
  -0.070034;0.177545;-0.202226;,
  -0.131006;0.140686;-0.094338;,
  -0.104486;0.133430;0.010292;,
  -0.112050;0.179253;-0.183303;,
  -0.102352;0.016503;0.009628;,
  -0.050826;0.022761;0.040255;,
  -0.084110;0.024687;0.050431;,
  -0.060521;0.013370;-0.006661;,
  -0.100400;0.140201;-0.165779;,
  -0.115703;0.129063;-0.081018;,
  -0.123422;0.168620;-0.143929;,
  -0.094812;0.101396;-0.102899;,
  -0.102252;0.086129;-0.012467;,
  -0.090935;0.066314;-0.036901;,
  -0.053479;0.141973;-0.145786;,
  -0.047067;0.153369;-0.078812;,
  -0.059792;0.115068;-0.093141;,
  -0.042113;0.194269;-0.130207;,
  -0.064822;0.102898;-0.010918;,
  -0.068057;0.072894;-0.021706;,
  -0.107028;0.163641;-0.066362;,
  -0.111873;0.211889;-0.122982;,
  -0.088238;0.109867;-0.008495;,
  -0.091572;0.188977;0.030812;,
  -0.012525;0.192945;-0.011135;,
  -0.107241;0.179803;0.082328;,
  -0.065093;0.175938;0.118252;,
  -0.102987;0.134738;0.042968;,
  -0.063568;0.124658;0.073463;,
  -0.045286;0.320298;0.056276;,
  -0.067074;0.359136;0.007722;,
  -0.075566;0.351869;-0.009225;,
  -0.056572;0.284345;-0.007913;,
  -0.072198;0.309285;0.029288;,
  -0.063063;0.317794;-0.045318;,
  -0.026326;0.289969;-0.060033;,
  -0.030425;0.264664;-0.022355;,
  -0.059996;0.361632;-0.170730;,
  -0.028095;0.341124;-0.132554;,
  -0.089048;0.324983;-0.190164;,
  -0.095658;0.260368;-0.158606;,
  -0.122579;0.286314;-0.189421;,
  -0.054805;0.290556;-0.155062;,
  -0.073291;0.335429;-0.092098;,
  -0.099953;0.294467;-0.106980;,
  -0.054805;0.290556;-0.155062;,
  -0.120820;0.240928;-0.146900;,
  -0.095658;0.260368;-0.158606;,
  -0.082916;0.341343;-0.091198;,
  -0.134184;0.329206;-0.141982;,
  -0.105017;0.364533;-0.122634;,
  -0.147615;0.266566;-0.177838;,
  -0.083760;0.368241;-0.153767;,
  -0.112304;0.309103;-0.185532;,
  -0.033883;0.296336;-0.186480;,
  -0.057425;0.313628;-0.208710;,
  -0.078533;0.281450;-0.148180;,
  -0.005109;0.307327;-0.216275;,
  -0.012828;0.314627;-0.232327;,
  -0.078533;0.281450;-0.148180;,
  -0.049289;0.251196;-0.218086;,
  -0.033883;0.296336;-0.186480;,
  -0.092236;0.226810;-0.175412;,
  -0.009777;0.275294;-0.228135;,
  -0.005109;0.307327;-0.216275;,
  -0.067523;0.264701;-0.234794;,
  -0.125740;0.254510;-0.212451;,
  -0.017560;0.282218;-0.248617;,
  0.069195;0.341682;-0.229271;,
  0.052287;0.287505;-0.235237;,
  0.069942;0.294225;-0.224547;,
  0.051237;0.335379;-0.240301;,
  0.059036;0.344265;-0.241923;,
  0.069080;0.337094;-0.253244;,
  0.061660;0.349903;-0.251794;,
  0.067140;0.336527;-0.242428;,
  0.028878;0.292349;-0.211035;,
  0.041620;0.326593;-0.259099;,
  0.018299;0.334804;-0.234654;,
  0.060910;0.287316;-0.229596;,
  0.064476;0.278061;-0.246908;,
  0.019842;0.271329;-0.241167;,
  0.007695;0.315122;-0.266402;,
  0.045164;0.315563;-0.275294;,
  -0.047361;0.407040;-0.142734;,
  -0.048682;0.382307;-0.159302;,
  -0.021362;0.405153;-0.128825;,
  -0.017024;0.381073;-0.141795;,
  -0.066304;0.396857;-0.027950;,
  0.009648;0.388573;-0.141020;,
  -0.047215;0.357616;-0.152779;,
  -0.038887;0.341438;-0.120941;,
  -0.050627;0.353528;-0.135954;,
  -0.023285;0.353129;-0.134761;,
  -0.061194;0.410541;-0.074652;,
  -0.063031;0.408986;-0.080863;,
  -0.021740;0.423820;-0.051681;,
  0.033937;0.418967;-0.035719;,
  0.044326;0.421310;-0.094824;,
  -0.032965;0.427498;-0.108823;,
  -0.063031;0.408986;-0.080863;,
  -0.051664;0.356061;-0.086386;,
  -0.028095;0.341124;-0.132554;,
  -0.064898;0.397395;-0.080331;,
  -0.067579;0.370094;-0.043640;,
  -0.059909;0.340609;-0.058869;,
  -0.048285;0.335066;-0.103804;,
  -0.072974;0.384587;-0.038065;,
  0.018299;0.334804;-0.234654;,
  0.018617;0.395537;-0.161915;,
  0.029970;0.413841;-0.154174;,
  0.049517;0.416002;-0.127760;,
  0.056679;0.418575;-0.150315;,
  0.045164;0.315563;-0.275294;,
  0.069195;0.341682;-0.229271;,
  0.069942;0.294225;-0.224547;,
  0.039245;0.342027;-0.240685;,
  0.046858;0.347338;-0.264868;,
  0.039245;0.342027;-0.240685;,
  0.050268;0.328886;-0.245438;,
  0.051039;0.326044;-0.269874;,
  0.051039;0.326044;-0.269874;,
  0.059036;0.344265;-0.241923;,
  0.061660;0.349903;-0.251794;,
  0.069080;0.337094;-0.253244;,
  -0.131751;0.023547;-0.064520;,
  -0.116486;-0.007848;-0.111060;,
  -0.139183;0.001299;-0.065335;,
  -0.113083;0.011659;-0.108375;,
  -0.050596;0.053282;0.022601;,
  -0.060521;0.013370;-0.006661;,
  -0.060063;0.037275;-0.014373;,
  -0.050826;0.022761;0.040255;,
  -0.064822;0.102898;-0.010918;,
  -0.090336;0.058526;0.033926;,
  -0.088238;0.109867;-0.008495;,
  -0.102352;0.016503;0.009628;,
  -0.104307;0.050356;0.000751;,
  -0.084110;0.024687;0.050431;,
  -0.090935;0.066314;-0.036901;,
  -0.102252;0.086129;-0.012467;,
  -0.083704;0.009088;-0.106235;,
  -0.080023;-0.007861;-0.111749;,
  -0.139183;0.001299;-0.065335;,
  -0.080023;-0.007861;-0.111749;,
  -0.033934;0.189420;-0.108850;,
  -0.070034;0.177545;-0.202226;,
  -0.053479;0.141973;-0.145786;,
  -0.059792;0.115068;-0.093141;,
  -0.068057;0.072894;-0.021706;,
  -0.068057;0.072894;-0.021706;,
  0.006140;0.388528;-0.171125;,
  0.019677;0.365958;-0.176739;,
  0.024196;0.377709;-0.165287;,
  0.011524;0.371126;-0.182471;,
  0.019306;0.416686;-0.167684;,
  0.031105;0.436261;-0.159930;,
  0.048203;0.472867;-0.276213;,
  0.068137;0.472489;-0.279516;,
  0.019398;0.396420;-0.262996;,
  0.027713;0.421247;-0.277040;,
  0.035033;0.387963;-0.267088;,
  0.007874;0.384114;-0.199039;,
  0.004934;0.411499;-0.187794;,
  0.010315;0.402270;-0.172734;,
  0.010612;0.448140;-0.200000;,
  0.008397;0.439806;-0.222971;,
  0.017624;0.439841;-0.270158;,
  0.008415;0.417630;-0.238805;,
  0.012980;0.461354;-0.252961;,
  0.015838;0.461465;-0.191196;,
  0.030273;0.479222;-0.182565;,
  0.070339;0.480347;-0.175555;,
  0.040701;0.502273;-0.223944;,
  0.074615;0.504602;-0.218253;,
  0.005210;0.402571;-0.222119;,
  0.015600;0.380241;-0.235187;,
  0.013979;0.366103;-0.202169;,
  0.023563;0.338127;-0.193314;,
  0.035772;0.440029;-0.284432;,
  0.027611;0.469590;-0.268558;,
  0.022930;0.490178;-0.235384;,
  0.037248;0.493752;-0.253934;,
  0.073277;0.498796;-0.253432;,
  0.055743;0.498814;-0.253393;,
  0.063880;0.445390;-0.156834;,
  0.022930;0.490178;-0.235384;,
  0.037248;0.493752;-0.253934;,
  -0.000957;0.414110;-0.190099;,
  0.000815;0.454276;-0.215573;,
  0.004755;0.436428;-0.206147;,
  -0.005465;0.447566;-0.196362;,
  -0.005465;0.447566;-0.196362;,
  -0.000957;0.414110;-0.190099;,
  0.000815;0.454276;-0.215573;,
  0.008397;0.439806;-0.222971;,
  0.003912;0.418292;-0.210706;,
  0.004934;0.411499;-0.187794;,
  0.018710;0.395761;-0.250835;,
  0.003912;0.418292;-0.210706;,
  0.009648;0.388573;-0.141020;,
  0.018617;0.395537;-0.161915;,
  -0.017024;0.381073;-0.141795;,
  0.019306;0.416686;-0.167684;,
  -0.024420;0.172652;0.128649;,
  -0.023525;0.138801;0.123175;,
  0.007566;0.103457;0.055047;,
  -0.006273;0.128483;0.057766;,
  0.055743;0.498814;-0.253393;,
  0.073277;0.498796;-0.253432;,
  0.026277;0.356805;-0.219150;,
  0.035658;0.366654;-0.240049;,
  0.034202;0.359724;-0.233487;,
  0.037178;0.387620;-0.254252;,
  0.000239;0.318064;0.069549;,
  -0.017024;0.381073;-0.141795;,
  -0.116486;-0.007848;-0.111060;,
  0.026050;0.352216;-0.214394;,
  0.032391;0.344600;-0.218013;,
  0.033671;0.350422;-0.218776;,
  0.033780;0.349863;-0.224969;,
  -0.064898;0.397395;-0.080331;,
  -0.047358;0.370537;-0.078532;,
  -0.051664;0.356061;-0.086386;,
  -0.048285;0.335066;-0.103804;,
  0.015838;0.461465;-0.191196;,
  -0.024430;0.118642;-0.176362;,
  0.025963;0.045598;-0.131306;,
  -0.037065;0.062520;-0.137691;,
  0.039482;0.107794;-0.160283;,
  -0.019804;0.188146;-0.195783;,
  0.044622;0.178459;-0.170260;,
  -0.007978;0.202385;-0.099924;,
  0.026385;0.188106;-0.091327;,
  -0.004783;0.215437;-0.013213;,
  0.008372;0.208531;-0.010781;,
  0.010198;0.180054;-0.000849;,
  -0.032527;0.187513;0.000617;,
  0.015161;-0.009020;-0.109542;,
  -0.043338;0.006388;-0.104472;,
  -0.038316;0.123924;0.014398;,
  -0.107028;0.163641;-0.066362;,
  -0.088224;0.109866;-0.008497;,
  -0.042102;0.158212;-0.048699;,
  -0.111873;0.211889;-0.122982;,
  -0.045901;0.205418;-0.117478;,
  -0.065157;0.165175;-0.181642;,
  -0.112050;0.179253;-0.183303;,
  -0.131006;0.140686;-0.094338;,
  -0.057611;0.099328;-0.103859;,
  -0.023525;0.138801;0.123175;,
  -0.063568;0.124658;0.073463;,
  -0.047358;0.370537;-0.078532;,
  -0.053705;0.208749;-0.005907;,
  -0.074986;0.224070;-0.103240;,
  -0.096740;0.191844;-0.208119;,
  -0.100400;0.140201;-0.165779;,
  -0.094812;0.101396;-0.102899;,
  -0.090935;0.066314;-0.036901;,
  0.157259;0.117134;-0.028626;,
  0.032189;0.121081;0.102761;,
  0.097190;0.125230;0.061708;,
  0.168060;0.140237;-0.125043;,
  0.151468;0.185841;-0.074990;,
  0.125900;0.151355;-0.014047;,
  0.085463;0.111345;0.045265;,
  -0.104486;0.133430;0.010292;;
  916;
  3;0,1,2;,
  3;1,0,3;,
  3;4,5,6;,
  3;5,4,7;,
  3;8,9,10;,
  3;9,8,11;,
  3;12,13,14;,
  3;13,12,15;,
  3;16,12,17;,
  3;12,16,15;,
  3;18,19,20;,
  3;19,18,16;,
  3;6,21,22;,
  3;21,6,5;,
  3;14,23,24;,
  3;23,14,13;,
  3;25,26,27;,
  3;26,25,28;,
  3;29,30,31;,
  3;30,29,32;,
  3;30,33,31;,
  3;33,30,34;,
  3;35,36,37;,
  3;36,35,38;,
  3;38,39,36;,
  3;39,38,40;,
  3;37,41,42;,
  3;41,37,36;,
  3;36,43,41;,
  3;43,36,39;,
  3;42,30,32;,
  3;30,42,41;,
  3;41,34,30;,
  3;34,41,43;,
  3;44,45,46;,
  3;45,44,47;,
  3;48,49,50;,
  3;49,48,51;,
  3;50,52,53;,
  3;52,50,49;,
  3;54,55,56;,
  3;55,54,57;,
  3;57,58,55;,
  3;58,57,59;,
  3;56,60,61;,
  3;60,56,55;,
  3;55,62,60;,
  3;62,55,58;,
  3;61,49,51;,
  3;49,61,60;,
  3;60,52,49;,
  3;52,60,62;,
  3;32,19,63;,
  3;19,32,29;,
  3;64,65,66;,
  3;65,64,20;,
  3;14,67,12;,
  3;67,14,68;,
  3;68,69,67;,
  3;69,68,70;,
  3;70,42,69;,
  3;42,70,37;,
  3;48,34,51;,
  3;34,48,33;,
  3;51,43,61;,
  3;43,51,34;,
  3;43,56,61;,
  3;56,43,39;,
  3;39,54,56;,
  3;54,39,40;,
  3;12,63,17;,
  3;63,12,67;,
  3;67,32,63;,
  3;32,67,69;,
  3;69,42,32;,
  3;71,72,25;,
  3;73,74,75;,
  3;74,73,76;,
  3;74,77,75;,
  3;77,74,78;,
  3;79,78,80;,
  3;78,79,77;,
  3;81,82,83;,
  3;82,84,85;,
  3;84,82,86;,
  3;87,88,89;,
  3;88,90,89;,
  3;90,88,91;,
  3;92,93,94;,
  3;92,89,93;,
  3;92,87,89;,
  3;89,95,93;,
  3;95,89,90;,
  3;96,93,82;,
  3;93,86,82;,
  3;86,93,95;,
  3;97,98,99;,
  3;98,97,100;,
  3;100,101,98;,
  3;101,100,102;,
  3;103,104,105;,
  3;104,103,106;,
  3;106,107,104;,
  3;107,106,108;,
  3;105,109,110;,
  3;109,105,104;,
  3;104,111,109;,
  3;111,104,107;,
  3;110,100,97;,
  3;100,110,109;,
  3;109,102,100;,
  3;102,109,111;,
  3;112,113,114;,
  3;113,112,115;,
  3;116,117,118;,
  3;117,116,119;,
  3;120,121,122;,
  3;121,120,123;,
  3;120,124,125;,
  3;124,120,122;,
  3;126,124,127;,
  3;124,126,125;,
  3;95,97,86;,
  3;97,95,110;,
  3;86,99,84;,
  3;99,86,97;,
  3;90,103,105;,
  3;103,90,91;,
  3;105,95,90;,
  3;95,105,110;,
  3;128,96,129;,
  3;96,128,94;,
  3;129,130,128;,
  3;130,129,131;,
  3;72,28,25;,
  3;28,72,132;,
  3;10,133,8;,
  3;134,135,136;,
  3;135,134,137;,
  3;81,137,134;,
  3;138,11,139;,
  3;138,9,11;,
  3;138,140,9;,
  3;141,11,142;,
  3;11,141,139;,
  3;128,130,143;,
  3;94,144,92;,
  3;94,143,144;,
  3;94,128,143;,
  3;145,87,146;,
  3;87,145,147;,
  3;75,148,73;,
  3;148,75,149;,
  3;150,147,145;,
  3;7,149,75;,
  3;148,151,73;,
  3;102,152,101;,
  3;152,102,126;,
  3;102,125,126;,
  3;125,102,111;,
  3;111,120,125;,
  3;120,111,107;,
  3;120,108,123;,
  3;108,120,107;,
  3;8,153,154;,
  3;153,8,133;,
  3;154,155,8;,
  3;155,154,156;,
  3;122,114,113;,
  3;114,122,121;,
  3;121,112,114;,
  3;112,121,157;,
  3;158,124,159;,
  3;124,158,127;,
  3;159,122,113;,
  3;122,159,124;,
  3;126,160,152;,
  3;160,126,161;,
  3;162,121,123;,
  3;121,162,163;,
  3;121,164,157;,
  3;164,121,163;,
  3;165,126,127;,
  3;126,165,161;,
  3;161,166,160;,
  3;166,161,167;,
  3;162,118,163;,
  3;118,162,116;,
  3;163,117,164;,
  3;117,163,118;,
  3;165,167,161;,
  3;167,165,168;,
  3;169,170,171;,
  3;170,169,172;,
  3;173,174,175;,
  3;174,173,176;,
  3;177,178,179;,
  3;178,177,173;,
  3;180,178,181;,
  3;178,180,182;,
  3;183,169,171;,
  3;169,183,184;,
  3;174,185,186;,
  3;185,174,176;,
  3;46,187,44;,
  3;187,46,188;,
  3;180,169,182;,
  3;169,180,172;,
  3;20,29,65;,
  3;19,29,20;,
  3;29,31,189;,
  3;31,190,189;,
  3;190,31,33;,
  3;33,191,190;,
  3;191,33,48;,
  3;191,50,192;,
  3;50,191,48;,
  3;192,53,193;,
  3;53,192,50;,
  3;194,171,185;,
  3;171,194,183;,
  3;171,186,185;,
  3;186,171,170;,
  3;185,176,194;,
  3;194,173,177;,
  3;173,194,176;,
  3;178,175,181;,
  3;175,178,173;,
  3;179,182,184;,
  3;182,179,178;,
  3;182,169,184;,
  3;16,17,19;,
  3;17,63,19;,
  3;65,195,66;,
  3;196,197,198;,
  3;197,196,199;,
  3;200,154,153;,
  3;154,200,201;,
  3;202,203,204;,
  3;205,206,207;,
  3;196,208,209;,
  3;208,196,198;,
  3;210,209,211;,
  3;209,210,196;,
  3;212,213,214;,
  3;213,212,215;,
  3;212,214,211;,
  3;201,216,217;,
  3;216,201,200;,
  3;218,219,220;,
  3;219,218,217;,
  3;210,199,196;,
  3;213,205,207;,
  3;221,222,223;,
  3;198,197,224;,
  3;224,225,226;,
  3;225,224,197;,
  3;227,213,207;,
  3;228,229,214;,
  3;229,228,230;,
  3;220,231,232;,
  3;213,228,214;,
  3;156,201,233;,
  3;201,156,154;,
  3;233,217,218;,
  3;217,233,201;,
  3;219,217,234;,
  3;235,219,234;,
  3;236,237,238;,
  3;237,236,239;,
  3;209,240,211;,
  3;240,209,241;,
  3;211,242,212;,
  3;242,211,240;,
  3;243,239,244;,
  3;239,243,237;,
  3;244,236,245;,
  3;236,244,239;,
  3;246,221,223;,
  3;221,246,215;,
  3;221,212,247;,
  3;212,221,215;,
  3;199,248,2;,
  3;248,199,249;,
  3;133,10,250;,
  3;249,210,251;,
  3;210,249,199;,
  3;210,211,251;,
  3;252,1,253;,
  3;1,252,2;,
  3;20,254,18;,
  3;254,20,64;,
  3;24,68,14;,
  3;68,24,255;,
  3;68,256,70;,
  3;256,68,255;,
  3;256,37,70;,
  3;37,256,257;,
  3;258,2,252;,
  3;2,258,199;,
  3;257,259,37;,
  3;37,259,35;,
  3;260,204,261;,
  3;204,260,202;,
  3;262,263,223;,
  3;263,262,264;,
  3;197,258,225;,
  3;258,197,199;,
  3;265,203,227;,
  3;265,207,266;,
  3;207,265,227;,
  3;223,267,246;,
  3;267,223,263;,
  3;88,87,147;,
  3;83,82,85;,
  3;78,16,18;,
  3;16,78,74;,
  3;74,15,16;,
  3;15,74,76;,
  3;15,71,13;,
  3;71,15,76;,
  3;13,268,23;,
  3;268,13,71;,
  3;248,269,2;,
  3;2,269,0;,
  3;136,129,134;,
  3;129,136,131;,
  3;134,96,81;,
  3;96,134,129;,
  3;96,82,81;,
  3;93,96,94;,
  3;29,189,65;,
  3;205,215,246;,
  3;267,205,246;,
  3;205,267,206;,
  3;205,213,215;,
  3;187,188,270;,
  3;224,271,272;,
  3;222,221,208;,
  3;224,222,198;,
  3;272,273,262;,
  3;273,272,271;,
  3;263,274,275;,
  3;273,276,262;,
  3;277,271,278;,
  3;271,277,273;,
  3;222,272,262;,
  3;272,222,224;,
  3;222,208,198;,
  3;209,221,247;,
  3;221,209,208;,
  3;223,222,262;,
  3;266,206,279;,
  3;206,266,207;,
  3;206,280,279;,
  3;280,206,267;,
  3;280,263,275;,
  3;263,280,267;,
  3;264,262,276;,
  3;76,73,72;,
  3;138,281,140;,
  3;73,132,72;,
  3;132,73,151;,
  3;72,71,76;,
  3;271,226,278;,
  3;155,11,8;,
  3;276,277,282;,
  3;277,276,273;,
