xof 0303txt 0032
template ColorRGBA {
 <35ff44e0-6c7c-11cf-8f52-0040333594a3>
 FLOAT red;
 FLOAT green;
 FLOAT blue;
 FLOAT alpha;
}

template ColorRGB {
 <d3e16e81-7835-11cf-8f52-0040333594a3>
 FLOAT red;
 FLOAT green;
 FLOAT blue;
}

template Material {
 <3d82ab4d-62da-11cf-ab39-0020af71e433>
 ColorRGBA faceColor;
 FLOAT power;
 ColorRGB specularColor;
 ColorRGB emissiveColor;
 [...]
}

template TextureFilename {
 <a42790e1-7810-11cf-8f52-0040333594a3>
 STRING filename;
}

template Frame {
 <3d82ab46-62da-11cf-ab39-0020af71e433>
 [...]
}

template Matrix4x4 {
 <f6f23f45-7686-11cf-8f52-0040333594a3>
 array FLOAT matrix[16];
}

template FrameTransformMatrix {
 <f6f23f41-7686-11cf-8f52-0040333594a3>
 Matrix4x4 frameMatrix;
}

template Vector {
 <3d82ab5e-62da-11cf-ab39-0020af71e433>
 FLOAT x;
 FLOAT y;
 FLOAT z;
}

template MeshFace {
 <3d82ab5f-62da-11cf-ab39-0020af71e433>
 DWORD nFaceVertexIndices;
 array DWORD faceVertexIndices[nFaceVertexIndices];
}

template Mesh {
 <3d82ab44-62da-11cf-ab39-0020af71e433>
 DWORD nVertices;
 array Vector vertices[nVertices];
 DWORD nFaces;
 array MeshFace faces[nFaces];
 [...]
}

template MeshMaterialList {
 <f6f23f42-7686-11cf-8f52-0040333594a3>
 DWORD nMaterials;
 DWORD nFaceIndexes;
 array DWORD faceIndexes[nFaceIndexes];
 [Material <3d82ab4d-62da-11cf-ab39-0020af71e433>]
}

template VertexElement {
 <f752461c-1e23-48f6-b9f8-8350850f336f>
 DWORD Type;
 DWORD Method;
 DWORD Usage;
 DWORD UsageIndex;
}

template DeclData {
 <bf22e553-292c-4781-9fea-62bd554bdd93>
 DWORD nElements;
 array VertexElement Elements[nElements];
 DWORD nDWords;
 array DWORD data[nDWords];
}

template XSkinMeshHeader {
 <3cf169ce-ff7c-44ab-93c0-f78f62d172e2>
 WORD nMaxSkinWeightsPerVertex;
 WORD nMaxSkinWeightsPerFace;
 WORD nBones;
}

template SkinWeights {
 <6f0d123b-bad2-4167-a0d0-80224f25fabb>
 STRING transformNodeName;
 DWORD nWeights;
 array DWORD vertexIndices[nWeights];
 array FLOAT weights[nWeights];
 Matrix4x4 matrixOffset;
}

template AnimTicksPerSecond {
 <9e415a43-7ba6-4a73-8743-b73d47e88476>
 DWORD AnimTicksPerSecond;
}

template Animation {
 <3d82ab4f-62da-11cf-ab39-0020af71e433>
 [...]
}

template AnimationSet {
 <3d82ab50-62da-11cf-ab39-0020af71e433>
 [Animation <3d82ab4f-62da-11cf-ab39-0020af71e433>]
}

template FloatKeys {
 <10dd46a9-775b-11cf-8f52-0040333594a3>
 DWORD nValues;
 array FLOAT values[nValues];
}

template TimedFloatKeys {
 <f406b180-7b3b-11cf-8f52-0040333594a3>
 DWORD time;
 FloatKeys tfkeys;
}

template AnimationKey {
 <10dd46a8-775b-11cf-8f52-0040333594a3>
 DWORD keyType;
 DWORD nKeys;
 array TimedFloatKeys keys[nKeys];
}


Material _03_-_Default {
 1.000000;1.000000;1.000000;1.000000;;
 9.999999;
 0.000000;0.000000;0.000000;;
 0.000000;0.000000;0.000000;;

 TextureFilename {
  "MaleBody_full.png";
 }
}

Frame Dummy01 {
 

 FrameTransformMatrix {
  1.000000,0.000000,0.000000,0.000000,0.000000,-0.000000,-1.000000,0.000000,0.000000,1.000000,-0.000000,0.000000,0.000000,0.000000,0.000000,1.000000;;
 }

 Frame Bip01 {
  

  FrameTransformMatrix {
   0.283807,0.399002,0.871924,0.000000,-0.144890,-0.881028,0.450329,0.000000,0.947871,-0.254140,-0.192231,0.000000,0.003000,-0.120415,0.076108,1.000000;;
  }

  Frame Bip01_Pelvis {
   

   FrameTransformMatrix {
    0.000000,1.000000,-0.000001,0.000000,-0.000001,0.000001,1.000000,0.000000,1.000000,0.000000,0.000001,0.000000,0.000000,0.000000,0.000000,1.000000;;
   }

   Frame Bip01_Spine {
    

    FrameTransformMatrix {
     0.783360,0.166783,0.598775,0.000000,0.019868,0.956117,-0.292310,0.000000,-0.621251,0.240880,0.745670,0.000000,0.051686,-0.000020,-0.000063,1.000000;;
    }

    Frame Bip01_Spine1 {
     

     FrameTransformMatrix {
      0.928810,0.156582,0.335847,0.000000,-0.072824,0.965792,-0.248883,0.000000,-0.363329,0.206708,0.908440,0.000000,0.106511,-0.000018,-0.000077,1.000000;;
     }

     Frame Bip01_Neck {
      

      FrameTransformMatrix {
       0.830153,0.170550,0.530809,0.000000,-0.167124,0.984405,-0.054920,0.000000,-0.531898,-0.043119,0.845710,0.000000,0.130519,0.000001,0.004629,1.000000;;
      }

      Frame Bip01_Head {
       

       FrameTransformMatrix {
        0.936131,-0.084100,0.341445,0.000000,0.130678,0.984644,-0.115751,0.000000,-0.326467,0.152978,0.932747,0.000000,0.033674,0.000000,-0.000000,1.000000;;
       }

       Frame Bip01_HeadNub {
        

        FrameTransformMatrix {
         1.000000,-0.000000,0.000000,0.000000,-0.000000,1.000000,0.000000,0.000000,0.000000,0.000000,1.000000,0.000000,0.169824,0.000000,0.000000,1.000000;;
        }
       }
      }

      Frame Bip01_L_Clavicle {
       

       FrameTransformMatrix {
        0.300831,0.906914,0.294969,0.000000,0.848962,-0.113761,-0.516064,0.000000,-0.434470,0.405665,-0.804159,0.000000,-0.019733,0.019740,0.008194,1.000000;;
       }

       Frame Bip01_L_UpperArm {
        

        FrameTransformMatrix {
         0.520210,-0.852113,-0.057322,0.000000,0.825480,0.484469,0.289608,0.000000,-0.219007,-0.197975,0.955428,0.000000,0.087086,0.000000,0.000000,1.000000;;
        }

        Frame Bip01_L_Forearm {
         

         FrameTransformMatrix {
          0.538253,-0.000000,-0.842784,0.000000,0.000000,1.000000,0.000000,0.000000,0.842784,-0.000000,0.538253,0.000000,0.137062,0.000000,0.000000,1.000000;;
         }

         Frame Bip01_L_Hand {
          

          FrameTransformMatrix {
           0.962249,-0.197528,-0.187240,0.000000,0.008146,-0.666742,0.745244,0.000000,-0.272047,-0.718636,-0.639963,0.000000,0.137062,0.000000,-0.000000,1.000000;;
          }

          Frame Bip01_L_Finger0 {
           

           FrameTransformMatrix {
            0.552330,-0.069058,0.830760,0.000000,0.587143,0.739666,-0.328876,0.000000,-0.591773,0.669423,0.449087,0.000000,0.057681,-0.023605,-0.000272,1.000000;;
           }

           Frame Bip01_L_Finger0Nub {
            

            FrameTransformMatrix {
             1.000000,0.000000,-0.000000,0.000000,0.000000,1.000000,0.000000,0.000000,-0.000000,-0.000000,1.000000,0.000000,0.029435,0.000000,-0.000000,1.000000;;
            }
           }
          }

          Frame Bip01_L_Finger1 {
           

           FrameTransformMatrix {
            0.701549,-0.000567,0.712620,0.000000,0.000000,1.000000,0.000796,0.000000,-0.712620,-0.000559,0.701549,0.000000,0.084102,0.000000,-0.000000,1.000000;;
           }

           Frame Bip01_L_Finger1Nub {
            

            FrameTransformMatrix {
             1.000000,0.000000,0.000000,0.000000,-0.000000,1.000000,0.000000,0.000000,0.000000,0.000000,1.000000,0.000000,0.047988,0.000000,-0.000000,1.000000;;
            }
           }
          }
         }
        }
       }
      }

      Frame Bip01_R_Clavicle {
       

       FrameTransformMatrix {
        -0.611168,-0.788015,-0.074200,0.000000,-0.662948,0.458435,0.591893,0.000000,-0.432405,0.410936,-0.802594,0.000000,-0.025094,-0.011199,0.009549,1.000000;;
       }

       Frame Bip01_R_UpperArm {
        

        FrameTransformMatrix {
         0.468691,0.812654,0.346297,0.000000,-0.707208,0.110288,0.698350,0.000000,0.529325,-0.572215,0.626407,0.000000,0.087086,0.000000,-0.000000,1.000000;;
        }

        Frame Bip01_R_Forearm {
         

         FrameTransformMatrix {
          0.680360,0.000000,-0.732878,0.000000,-0.000000,1.000000,0.000000,0.000000,0.732878,0.000000,0.680360,0.000000,0.137062,0.000000,0.000000,1.000000;;
         }

         Frame Bip01_R_Hand {
          

          FrameTransformMatrix {
           0.997668,0.036408,-0.057726,0.000000,-0.025540,-0.585198,-0.810488,0.000000,-0.063290,0.810073,-0.582904,0.000000,0.137062,-0.000000,0.000000,1.000000;;
          }

          Frame Bip01_R_Finger0 {
           

           FrameTransformMatrix {
            0.829256,0.514255,0.218807,0.000000,-0.558537,0.749101,0.356210,0.000000,0.019274,-0.417601,0.908427,0.000000,0.057681,0.023605,-0.000272,1.000000;;
           }

           Frame Bip01_R_Finger0Nub {
            

            FrameTransformMatrix {
             -1.000000,-0.000000,-0.000000,0.000000,0.000000,1.000000,0.000000,0.000000,0.000000,0.000000,-1.000001,0.000000,0.029435,0.000000,-0.000000,1.000000;;
            }
           }
          }

          Frame Bip01_R_Finger1 {
           

           FrameTransformMatrix {
            0.268528,0.000767,0.963271,0.000000,0.000000,1.000000,-0.000796,0.000000,-0.963272,0.000214,0.268528,0.000000,0.084102,0.000000,0.000000,1.000000;;
           }

           Frame Bip01_R_Finger1Nub {
            

            FrameTransformMatrix {
             -1.000000,-0.000000,0.000000,0.000000,-0.000000,1.000000,0.000000,0.000000,0.000000,0.000000,-1.000000,0.000000,0.047988,-0.000000,-0.000000,1.000000;;
            }
           }
          }
         }
        }
       }
      }
     }

     Frame Bip01_BackPack {
      

      FrameTransformMatrix {
       0.180560,0.080500,-0.980264,0.000000,0.047560,0.994765,0.090451,0.000000,0.982413,-0.062954,0.175786,0.000000,0.063697,0.000003,-0.088856,1.000000;;
      }

      Frame Bip01_BackPackNub {
       

       FrameTransformMatrix {
        0.000796,0.000003,1.000000,0.000000,0.000000,-1.000000,0.000003,0.000000,1.000000,-0.000000,-0.000796,0.000000,0.053240,0.000000,0.000000,1.000000;;
       }
      }
     }
    }

    Frame Bip01_L_Thigh {
     

     FrameTransformMatrix {
      -0.260236,0.190582,0.946550,0.000000,0.660405,-0.680025,0.318484,0.000000,0.704374,0.707987,0.051106,0.000000,-0.031237,0.051776,0.045465,1.000000;;
     }

     Frame Bip01_L_Calf {
      

      FrameTransformMatrix {
       0.594566,0.000000,-0.804046,0.000000,0.000000,1.000000,0.000000,0.000000,0.804046,-0.000000,0.594566,0.000000,0.237500,0.000000,0.000000,1.000000;;
      }

      Frame Bip01_L_Foot {
       

       FrameTransformMatrix {
        0.974124,0.220903,0.047803,0.000000,-0.224413,0.970478,0.088379,0.000000,-0.026868,-0.096820,0.994939,0.000000,0.206841,0.000000,0.000000,1.000000;;
       }

       Frame Bip01_L_Toe0 {
        

        FrameTransformMatrix {
         0.075946,0.595256,0.799939,0.000000,0.378222,0.725103,-0.575477,0.000000,-0.922594,0.346260,-0.170071,0.000000,0.065373,-0.000000,0.066450,1.000000;;
        }

        Frame Bip01_L_Toe0Nub {
         

         FrameTransformMatrix {
          -1.000000,0.000000,0.000000,0.000000,-0.000000,1.000000,-0.000000,0.000000,-0.000000,-0.000000,-1.000000,0.000000,0.006735,0.000000,-0.000000,1.000000;;
         }
        }
       }
      }
     }
    }

    Frame Bip01_R_Thigh {
     

     FrameTransformMatrix {
      -0.123826,-0.603946,0.787348,0.000000,-0.409331,-0.691713,-0.594963,0.000000,0.903944,-0.395957,-0.161562,0.000000,-0.049658,-0.053828,0.018859,1.000000;;
     }

     Frame Bip01_R_Calf {
      

      FrameTransformMatrix {
       0.450561,0.000000,-0.892746,0.000000,0.000000,1.000000,0.000000,0.000000,0.892746,0.000000,0.450561,0.000000,0.237500,0.000000,-0.000000,1.000000;;
      }

      Frame Bip01_R_Foot {
       

       FrameTransformMatrix {
        0.902207,-0.019913,-0.430843,0.000000,-0.034873,0.992295,-0.118888,0.000000,0.429891,0.122286,0.894561,0.000000,0.206841,-0.000000,0.000000,1.000000;;
       }

       Frame Bip01_R_Toe0 {
        

        FrameTransformMatrix {
         -0.041201,0.044639,0.998153,0.000000,0.001842,0.999003,-0.044601,0.000000,-0.999149,0.000001,-0.041242,0.000000,0.065373,0.000000,0.066450,1.000000;;
        }

        Frame Bip01_R_Toe0Nub {
         

         FrameTransformMatrix {
          1.000000,0.000000,-0.000000,0.000000,-0.000000,1.000000,0.000000,0.000000,0.000000,0.000000,1.000000,0.000000,0.006735,0.000000,0.000000,1.000000;;
         }
        }
       }
      }
     }
    }
   }

   Frame Bip01_DressFront {
    

    FrameTransformMatrix {
     -0.738797,0.026830,0.673394,0.000000,0.046846,0.998835,0.011599,0.000000,-0.672298,0.040115,-0.739193,0.000000,-0.009140,-0.000303,0.070964,1.000000;;
    }

    Frame Bip01_DressFront02 {
     

     FrameTransformMatrix {
      0.567546,0.036757,0.822521,0.000000,-0.083184,0.996451,0.012868,0.000000,-0.819129,-0.075724,0.568589,0.000000,0.183432,0.000010,-0.000075,1.000000;;
     }

     Frame Bip01_DressFrontNub {
      

      FrameTransformMatrix {
       0.000796,0.000003,1.000000,0.000000,0.000000,-1.000000,0.000003,0.000000,1.000000,-0.000000,-0.000796,0.000000,0.165302,0.000000,-0.000000,1.000000;;
      }
     }
    }
   }

   Frame Bip01_DressBack {
    

    FrameTransformMatrix {
     -0.624711,-0.004515,0.780843,0.000000,0.127462,0.985981,0.107678,0.000000,-0.770383,0.166796,-0.615378,0.000000,-0.056361,-0.000086,-0.067413,1.000000;;
    }

    Frame Bip01_DressBack02 {
     

     FrameTransformMatrix {
      0.697325,0.017928,0.716531,0.000000,-0.114031,0.989730,0.086210,0.000000,-0.707626,-0.141823,0.692208,0.000000,0.176236,0.000015,-0.000075,1.000000;;
     }

     Frame Bip01_DressBackNub {
      

      FrameTransformMatrix {
       0.000796,0.000003,1.000000,0.000000,0.000000,-1.000000,0.000003,0.000000,1.000000,-0.000000,-0.000796,0.000000,0.136508,0.000000,0.000000,1.000000;;
      }
     }
    }
   }
  }

  Frame Bip01_Prop1 {
   

   FrameTransformMatrix {
    -0.733825,-0.616145,0.286123,0.000000,0.679156,-0.675151,0.287956,0.000000,0.015754,0.405632,0.913901,0.000000,-0.115436,0.022451,-0.086504,1.000000;;
   }
  }

  Frame Bip01_Prop2 {
   

   FrameTransformMatrix {
    -0.073895,0.286878,0.955113,0.000000,0.997075,0.040017,0.065122,0.000000,-0.019538,0.957131,-0.288996,0.000000,0.005094,-0.039114,0.205917,1.000000;;
   }
  }
 }
}

Frame Translation_Data {
 

 FrameTransformMatrix {
  1.000000,0.000000,0.000000,0.000000,0.000000,-0.000000,-1.000000,0.000000,0.000000,1.000000,-0.000000,0.000000,0.000000,0.000000,0.000000,1.000000;;
 }
}

Frame Body {
 

 FrameTransformMatrix {
  1.000000,0.000000,0.000000,0.000000,0.000000,1.000000,0.000000,0.000000,0.000000,0.000000,1.000000,0.000000,0.000000,0.000000,0.000000,1.000000;;
 }

 Mesh Body {
  617;
  0.135788;0.243883;0.246400;,
  0.108611;0.251021;0.236803;,
  0.109448;0.279022;0.255604;,
  0.135002;0.220719;0.243960;,
  0.131255;0.200310;0.253034;,
  0.103573;0.191189;0.211325;,
  0.108901;0.219963;0.217989;,
  0.111719;0.172929;0.254666;,
  0.098004;0.297980;0.291947;,
  0.105844;0.251841;0.327976;,
  0.126734;0.259788;0.294682;,
  0.081588;0.273445;0.319929;,
  0.063884;0.048622;0.200510;,
  0.015894;0.048603;0.209207;,
  0.018488;0.033219;0.195575;,
  0.054028;0.058684;0.210285;,
  0.067489;0.103006;0.183354;,
  0.078403;0.076801;0.171104;,
  0.052249;0.130730;0.157627;,
  0.076414;0.091423;0.137594;,
  0.053283;0.104393;0.115686;,
  0.070550;0.219072;0.178474;,
  0.085026;0.244099;0.194906;,
  -0.023504;0.057860;0.195497;,
  -0.020663;0.039575;0.181040;,
  0.018625;0.150983;0.291641;,
  -0.010349;0.216163;0.290343;,
  -0.021412;0.176912;0.271742;,
  0.031945;0.187716;0.315520;,
  0.105047;0.079618;0.117561;,
  0.161638;0.031381;0.035134;,
  0.172156;0.076170;0.046917;,
  0.095211;0.036673;0.108909;,
  0.233114;0.078261;-0.041369;,
  0.203484;0.038800;-0.048397;,
  0.082085;0.118039;0.105972;,
  0.084251;0.084253;-0.017295;,
  0.004552;-0.012150;0.095502;,
  0.140313;0.113700;0.024672;,
  0.156403;0.079761;-0.064058;,
  0.191948;0.093669;-0.057310;,
  0.111624;0.011009;-0.000627;,
  0.065766;0.011859;0.076712;,
  0.166522;0.041198;-0.055418;,
  0.120831;-0.003857;-0.310870;,
  0.073109;0.030968;-0.298954;,
  0.119257;0.041114;-0.311232;,
  0.076876;-0.003683;-0.299357;,
  0.205814;0.058824;-0.106985;,
  0.167528;0.009692;-0.167505;,
  0.187751;0.043981;-0.177301;,
  0.186197;0.022543;-0.096313;,
  0.144373;0.000214;-0.244045;,
  0.167751;0.024665;-0.252386;,
  0.169270;0.089704;-0.124746;,
  0.117586;0.062156;-0.159766;,
  0.122061;0.080369;-0.096623;,
  0.156135;0.066533;-0.177904;,
  0.117941;0.029496;-0.231335;,
  0.140429;0.036613;-0.253285;,
  0.133040;0.002537;-0.151849;,
  0.141082;0.013002;-0.078481;,
  0.124087;0.006745;-0.224291;,
  0.086902;0.058126;0.149291;,
  0.018886;0.119182;0.093746;,
  0.082085;0.118039;0.105972;,
  0.019910;0.091437;0.068940;,
  0.073885;0.008043;0.166779;,
  0.019835;-0.003879;0.162491;,
  0.066003;0.003016;0.100912;,
  0.024739;0.005324;0.100615;,
  0.009670;0.107380;0.258851;,
  0.051257;0.136755;0.291479;,
  0.070914;0.137782;0.285528;,
  0.069054;0.121831;0.215327;,
  0.097435;0.152096;0.242615;,
  0.048182;0.101339;0.253622;,
  0.091679;0.172927;0.198681;,
  0.065337;0.137735;0.182941;,
  0.054922;0.207055;0.170164;,
  0.028257;0.157087;0.157383;,
  0.184323;0.190239;0.251249;,
  0.185913;0.139730;0.247898;,
  0.141663;0.208845;0.224239;,
  0.137812;0.100896;0.212041;,
  0.140204;0.149009;0.210287;,
  0.175084;0.092213;0.241932;,
  0.101747;0.190232;0.266336;,
  0.140204;0.149009;0.210287;,
  0.097435;0.139747;0.259789;,
  0.105002;0.080572;0.244862;,
  0.137812;0.100896;0.212041;,
  0.103249;0.188644;0.277455;,
  0.143186;0.130728;0.297596;,
  0.141117;0.180353;0.300077;,
  0.142149;0.071743;0.274617;,
  0.171296;0.185718;0.277821;,
  0.188837;0.091460;0.230426;,
  0.178841;0.067763;0.155244;,
  0.145737;0.101065;0.193678;,
  0.205185;0.063194;0.180395;,
  0.201097;0.044104;0.131509;,
  0.218834;0.035191;0.140810;,
  0.145737;0.101065;0.193678;,
  0.157238;0.021328;0.180758;,
  0.113955;0.051705;0.217140;,
  0.178841;0.067763;0.155244;,
  0.182534;0.013619;0.141998;,
  0.201097;0.044104;0.131509;,
  0.177467;0.018269;0.200136;,
  0.156783;0.042211;0.253755;,
  0.200216;0.004937;0.151894;,
  0.247633;0.032060;0.021502;,
  0.199405;0.018598;0.048880;,
  0.240157;0.042434;0.039401;,
  0.207247;0.008635;0.031263;,
  0.238563;0.050564;0.068185;,
  0.244585;0.037460;0.059673;,
  0.235132;0.043008;0.060639;,
  0.250017;0.049698;0.066149;,
  0.183444;0.026147;0.100440;,
  0.242499;0.028271;0.088063;,
  0.196965;0.008001;0.070712;,
  0.225766;0.051015;0.108351;,
  0.206836;-0.009299;0.069542;,
  0.197838;-0.006095;0.114032;,
  0.242218;0.019266;0.123485;,
  0.250483;0.010060;0.087013;,
  0.156097;0.241353;0.296236;,
  0.170229;0.244353;0.270113;,
  0.126734;0.259788;0.294682;,
  0.136160;0.260025;0.268893;,
  0.068612;0.171713;0.321182;,
  0.116032;0.284674;0.274080;,
  0.165195;0.235076;0.245567;,
  0.135002;0.220719;0.243960;,
  0.135788;0.243883;0.246400;,
  0.158467;0.213764;0.239644;,
  0.093789;0.208617;0.328937;,
  0.052770;0.224587;0.324292;,
  0.099895;0.210406;0.327892;,
  0.010889;0.252661;0.295375;,
  0.052543;0.295552;0.289703;,
  0.105844;0.251841;0.327976;,
  0.099895;0.210406;0.327892;,
  0.113322;0.196537;0.270781;,
  0.105128;0.201567;0.315527;,
  0.141663;0.208845;0.224239;,
  0.087194;0.168825;0.295845;,
  0.100935;0.170723;0.264119;,
  0.131255;0.200310;0.253034;,
  0.082908;0.167902;0.311966;,
  0.225766;0.051015;0.108351;,
  0.137326;0.302772;0.271530;,
  0.130062;0.321115;0.282337;,
  0.078016;0.316431;0.281015;,
  0.115840;0.342923;0.274008;,
  0.250483;0.010060;0.087013;,
  0.247633;0.032060;0.021502;,
  0.207247;0.008635;0.031263;,
  0.235419;0.051342;0.087876;,
  0.258904;0.041990;0.082219;,
  0.235419;0.051342;0.087876;,
  0.232734;0.036685;0.078143;,
  0.251681;0.021064;0.079796;,
  0.251681;0.021064;0.079796;,
  0.238563;0.050564;0.068185;,
  0.250017;0.049698;0.066149;,
  0.244585;0.037460;0.059673;,
  0.200875;-0.002026;-0.309663;,
  0.235319;0.032166;-0.341744;,
  0.232979;0.033078;-0.321919;,
  0.202864;-0.007207;-0.332469;,
  0.091495;0.036331;-0.269349;,
  0.119257;0.041114;-0.311232;,
  0.073109;0.030968;-0.298954;,
  0.127936;0.043161;-0.287745;,
  0.117941;0.029496;-0.231335;,
  0.096968;-0.004890;-0.266936;,
  0.124087;0.006745;-0.224291;,
  0.120831;-0.003857;-0.310870;,
  0.076876;-0.003683;-0.299357;,
  0.132258;-0.004153;-0.277735;,
  0.167751;0.024665;-0.252386;,
  0.144373;0.000214;-0.244045;,
  0.219379;0.059334;-0.321928;,
  0.221747;0.065883;-0.338742;,
  0.202864;-0.007207;-0.332469;,
  0.221747;0.065883;-0.338742;,
  0.140313;0.113700;0.024672;,
  0.191948;0.093669;-0.057310;,
  0.169270;0.089704;-0.124746;,
  0.156135;0.066533;-0.177904;,
  0.140429;0.036613;-0.253285;,
  0.140429;0.036613;-0.253285;,
  0.007399;0.041796;0.078055;,
  0.152075;0.289303;0.261257;,
  0.134387;0.281663;0.242471;,
  0.145096;0.278652;0.243983;,
  0.133294;0.296354;0.254505;,
  0.161446;0.318790;0.265812;,
  0.163472;0.342094;0.271759;,
  0.247385;0.358136;0.183129;,
  0.230844;0.346104;0.155484;,
  0.239282;0.370932;0.169750;,
  0.205124;0.287003;0.184714;,
  0.194471;0.291016;0.170461;,
  0.225154;0.307591;0.177119;,
  0.164993;0.282235;0.237073;,
  0.177176;0.301572;0.256118;,
  0.159711;0.301544;0.262110;,
  0.204925;0.329008;0.255113;,
  0.214361;0.317384;0.235674;,
  0.237862;0.315032;0.193794;,
  0.243616;0.330164;0.216554;,
  0.209656;0.298864;0.216248;,
  0.205593;0.343597;0.263425;,
  0.204643;0.367590;0.268074;,
  0.181447;0.397155;0.252466;,
  0.238736;0.383336;0.237381;,
  0.220121;0.409284;0.224415;,
  0.191750;0.289143;0.226266;,
  0.152391;0.273165;0.225655;,
  0.180192;0.278138;0.203404;,
  0.124619;0.261677;0.218605;,
  0.107967;0.278049;0.217479;,
  0.110642;0.264029;0.201883;,
  0.237514;0.324977;0.172959;,
  0.250905;0.343118;0.199112;,
  0.246599;0.360522;0.234111;,
  0.252832;0.369435;0.213050;,
  0.246614;0.385784;0.205172;,
  0.237983;0.397789;0.195748;,
  0.151284;0.371570;0.259524;,
  0.246599;0.360522;0.234111;,
  0.252832;0.369435;0.213050;,
  0.183109;0.298944;0.258293;,
  0.222905;0.323735;0.250105;,
  0.210324;0.318249;0.266389;,
  0.204016;0.315612;0.249729;,
  0.210324;0.318249;0.266389;,
  0.183109;0.298944;0.258293;,
  0.222905;0.323735;0.250105;,
  0.214361;0.317384;0.235674;,
  0.195608;0.301426;0.240872;,
  0.177176;0.301572;0.256118;,
  0.197821;0.288310;0.194396;,
  0.195608;0.301426;0.240872;,
  0.116032;0.284674;0.274080;,
  0.137326;0.302772;0.271530;,
  0.136160;0.260025;0.268893;,
  0.161446;0.318790;0.265812;,
  0.097454;0.284608;0.222645;,
  0.090259;0.265277;0.211002;,
  0.013545;0.142777;0.142029;,
  -0.019553;0.003214;0.149397;,
  -0.013740;-0.009521;0.118082;,
  0.007001;0.054064;0.065114;,
  0.111903;0.293965;0.224478;,
  0.007399;0.041796;0.078055;,
  0.246614;0.385784;0.205172;,
  0.237983;0.397789;0.195748;,
  0.150503;0.271921;0.202831;,
  0.164555;0.281433;0.184559;,
  0.156968;0.276766;0.188284;,
  0.223953;0.333136;0.150551;,
  0.207232;0.313970;0.149885;,
  0.185572;0.294615;0.179256;,
  -0.028879;0.127194;0.240870;,
  0.136160;0.260025;0.268893;,
  0.235319;0.032166;-0.341744;,
  0.139053;0.267732;0.196585;,
  0.144872;0.269413;0.205224;,
  0.142578;0.272568;0.197144;,
  0.148832;0.279718;0.177595;,
  0.156195;0.277004;0.167639;,
  0.145847;0.271106;0.192060;,
  0.135867;0.278671;0.189774;,
  0.130803;0.271477;0.188296;,
  0.183818;0.295030;0.156209;,
  0.176082;0.293482;0.162627;,
  0.105128;0.201567;0.315527;,
  0.139300;0.274704;0.182649;,
  0.101857;0.201945;0.283091;,
  0.113322;0.196537;0.270781;,
  0.131255;0.200310;0.253034;,
  0.205593;0.343597;0.263425;,
  0.205814;0.058824;-0.106985;,
  0.169838;0.078894;-0.167478;,
  0.166986;0.118807;-0.106846;,
  0.187752;0.043981;-0.177301;,
  0.233114;0.078261;-0.041369;,
  0.178061;0.140851;-0.051374;,
  0.172156;0.076170;0.046917;,
  0.121929;0.135386;0.026990;,
  0.105047;0.079618;0.117561;,
  0.078043;0.127816;0.103322;,
  0.053283;0.104394;0.115686;,
  0.170887;0.048775;-0.229053;,
  0.167751;0.024665;-0.252386;,
  0.097495;0.047413;-0.159720;,
  0.090454;-0.006481;-0.227694;,
  0.087961;0.028906;-0.225451;,
  0.074072;0.023665;-0.164209;,
  0.060496;0.060215;-0.109074;,
  0.109650;0.072998;-0.094204;,
  0.040601;0.074412;-0.056752;,
  0.128872;0.078770;-0.071566;,
  0.072184;0.080786;-0.025438;,
  0.027753;0.051260;-0.000741;,
  -0.002253;-0.002751;0.081120;,
  0.101857;0.201945;0.283091;,
  0.030897;0.311879;0.195262;,
  0.065693;0.288096;0.201974;,
  0.020330;0.299487;0.181401;,
  0.073532;0.310571;0.226241;,
  0.019943;0.293420;0.166755;,
  0.029749;0.248332;0.158274;,
  -0.012190;0.268840;0.165624;,
  0.056126;0.265553;0.175160;,
  0.060997;0.330758;0.261579;,
  0.001710;0.337419;0.251482;,
  0.021151;0.325654;0.270882;,
  0.019544;0.330224;0.240347;,
  -0.094125;0.080667;0.158145;,
  -0.063273;0.069178;0.185284;,
  -0.087224;0.095395;0.167600;,
  -0.061183;0.049376;0.174214;,
  -0.063993;0.137178;0.143621;,
  -0.081259;0.109181;0.128296;,
  -0.027887;0.151557;0.133411;,
  -0.056998;0.120095;0.102315;,
  -0.024486;0.120165;0.094835;,
  -0.023504;0.057860;0.195497;,
  -0.020663;0.039575;0.181040;,
  -0.057654;0.202352;0.244766;,
  -0.010349;0.216163;0.290343;,
  -0.045956;0.248015;0.259540;,
  -0.021412;0.176912;0.271742;,
  -0.056997;0.133580;0.080476;,
  -0.106891;0.147193;-0.017543;,
  -0.086464;0.096978;0.067639;,
  -0.075957;0.180188;-0.003059;,
  -0.083366;0.220326;-0.104756;,
  -0.102149;0.175655;-0.106735;,
  -0.010669;0.132056;0.079247;,
  -0.014077;0.100412;-0.044559;,
  -0.024098;0.168743;-0.012909;,
  -0.018397;-0.007496;0.089349;,
  -0.042018;0.155329;-0.103954;,
  -0.047782;0.191982;-0.106349;,
  -0.093257;0.089411;-0.043440;,
  -0.076900;0.047308;0.040862;,
  -0.081687;0.145919;-0.102617;,
  -0.043395;-0.007582;-0.289664;,
  0.004347;-0.013395;-0.253348;,
  -0.028665;-0.024061;-0.249965;,
  -0.001647;0.007497;-0.297062;,
  -0.071268;0.171018;-0.159987;,
  -0.080338;0.097228;-0.204880;,
  -0.095986;0.139561;-0.145339;,
  -0.057819;0.128398;-0.219093;,
  -0.058690;0.053244;-0.266014;,
  -0.045488;0.077727;-0.284965;,
  -0.023755;0.152394;-0.160289;,
  -0.014789;0.086370;-0.175014;,
  -0.024016;0.114417;-0.206036;,
  -0.017346;0.117706;-0.117133;,
  -0.024392;0.053340;-0.243530;,
  -0.022884;0.060711;-0.273749;,
  -0.074699;0.070296;-0.177888;,
  -0.088091;0.103468;-0.112486;,
  -0.048565;0.050334;-0.240016;,
  -0.084328;0.092852;0.103381;,
  -0.010669;0.132056;0.079247;,
  -0.100631;0.043435;0.119989;,
  -0.059836;0.012279;0.141130;,
  -0.081394;0.035205;0.062333;,
  -0.042326;0.010853;0.080260;,
  -0.064956;0.149201;0.220454;,
  -0.071433;0.219379;0.216084;,
  -0.068607;0.231740;0.199791;,
  -0.043879;0.185119;0.157221;,
  -0.076724;0.171337;0.189354;,
  -0.032599;0.239666;0.162707;,
  0.011967;0.226608;0.149696;,
  -0.011543;0.180819;0.143384;,
  -0.029720;0.276911;0.180562;,
  0.000716;0.265916;0.223555;,
  -0.069591;0.245700;0.179476;,
  -0.081860;0.192818;0.227639;,
  -0.105627;0.212244;0.189994;,
  -0.040914;0.220759;0.225795;,
  -0.038484;0.291056;0.262840;,
  -0.076557;0.257338;0.267712;,
  -0.040914;0.220759;0.225795;,
  -0.116122;0.213530;0.261302;,
  -0.081860;0.192818;0.227639;,
  -0.046047;0.299323;0.261144;,
  -0.105128;0.282586;0.221345;,
  -0.065501;0.312589;0.222935;,
  -0.139926;0.232798;0.223798;,
  -0.048447;0.296597;0.193130;,
  -0.103960;0.198404;0.177088;,
  -0.091777;0.121608;0.193448;,
  -0.108662;0.139810;0.166412;,
  -0.076340;0.173491;0.220869;,
  -0.103544;0.086907;0.175533;,
  -0.117323;0.091104;0.157892;,
  -0.076340;0.173491;0.220869;,
  -0.143066;0.126605;0.218313;,
  -0.091777;0.121608;0.193448;,
  -0.128688;0.176091;0.256168;,
  -0.135250;0.085243;0.195988;,
  -0.103544;0.086907;0.175533;,
  -0.155657;0.140834;0.197502;,
  -0.156175;0.200955;0.212674;,
  -0.148233;0.089759;0.178801;,
  -0.080044;-0.011184;0.138726;,
  -0.114249;0.011347;0.178465;,
  -0.110602;-0.009819;0.175325;,
  -0.083475;0.010374;0.141441;,
  -0.092579;0.022050;0.112736;,
  -0.108215;0.016509;0.110448;,
  -0.099249;0.026704;0.104373;,
  -0.098698;0.012830;0.114565;,
  -0.112999;0.048496;0.193373;,
  -0.110596;0.038190;0.133933;,
  -0.092616;0.062979;0.150397;,
  -0.124130;0.015575;0.179656;,
  -0.141074;0.010508;0.170418;,
  -0.148150;0.054282;0.180631;,
  -0.127747;0.070421;0.135628;,
  -0.128369;0.032983;0.126617;,
  -0.013531;0.333110;0.240821;,
  -0.008208;0.340433;0.212319;,
  0.019544;0.330224;0.240347;,
  0.027965;0.326792;0.221184;,
  -0.059606;0.270959;0.229044;,
  0.066814;0.328518;0.233588;,
  -0.001707;0.324193;0.189446;,
  0.020330;0.299487;0.181401;,
  -0.008060;0.295130;0.188871;,
  0.030897;0.311879;0.195262;,
  -0.032838;0.317824;0.234907;,
  -0.030516;0.322206;0.232213;,
  -0.021747;0.288958;0.263819;,
  0.010889;0.252661;0.295375;,
  0.052543;0.295552;0.289703;,
  0.001710;0.337419;0.251482;,
  -0.030516;0.322206;0.232213;,
  -0.002375;0.287592;0.191451;,
  0.000716;0.265916;0.223555;,
  -0.029673;0.310323;0.225188;,
  -0.043948;0.270335;0.201606;,
  -0.020742;0.264906;0.176682;,
  0.019943;0.293420;0.166755;,
  -0.055548;0.275073;0.212470;,
  -0.092616;0.062979;0.150397;,
  0.098288;0.346309;0.232802;,
  0.101182;0.353324;0.253686;,
  0.078016;0.316431;0.281015;,
  0.115840;0.342923;0.274008;,
  -0.128369;0.032983;0.126617;,
  -0.080044;-0.011184;0.138726;,
  -0.110602;-0.009819;0.175325;,
  -0.086935;0.036401;0.125402;,
  -0.107356;0.043576;0.111173;,
  -0.086935;0.036401;0.125402;,
  -0.099878;0.024733;0.129023;,
  -0.122178;0.034335;0.124988;,
  -0.122178;0.034335;0.124988;,
  -0.092579;0.022050;0.112736;,
  -0.099249;0.026704;0.104373;,
  -0.108215;0.016509;0.110448;,
  -0.071786;0.039573;-0.347822;,
  -0.048284;0.047861;-0.400392;,
  -0.073635;0.021999;-0.363270;,
  -0.049732;0.061492;-0.385853;,
  -0.002323;0.020873;-0.248396;,
  -0.001647;0.007497;-0.297062;,
  -0.006753;0.030519;-0.288399;,
  0.004347;-0.013395;-0.253348;,
  -0.024392;0.053340;-0.243530;,
  -0.042426;0.010885;-0.243202;,
  -0.048565;0.050334;-0.240016;,
  -0.043395;-0.007582;-0.289664;,
  -0.053204;0.023284;-0.276257;,
  -0.028665;-0.024061;-0.249965;,
  -0.045488;0.077727;-0.284965;,
  -0.058690;0.053244;-0.266014;,
  -0.020658;0.063220;-0.380754;,
  -0.012879;0.054522;-0.394720;,
  -0.073635;0.021999;-0.363270;,
  -0.012879;0.054522;-0.394720;,
  -0.024098;0.168743;-0.012909;,
  -0.047782;0.191982;-0.106349;,
  -0.023755;0.152394;-0.160289;,
  -0.024016;0.114417;-0.206036;,
  -0.022884;0.060711;-0.273749;,
  -0.022884;0.060711;-0.273749;,
  0.096921;0.339314;0.206839;,
  0.100191;0.312670;0.208731;,
  0.103054;0.330079;0.224505;,
  0.100218;0.319345;0.199704;,
  0.115501;0.360451;0.220479;,
  0.126996;0.375168;0.235770;,
  0.223844;0.379482;0.159902;,
  0.239282;0.370932;0.169750;,
  0.164555;0.323789;0.144685;,
  0.188971;0.340400;0.141420;,
  0.174186;0.309410;0.150447;,
  0.113082;0.329304;0.185855;,
  0.115651;0.357360;0.195414;,
  0.106433;0.349854;0.209542;,
  0.142055;0.386016;0.193082;,
  0.150922;0.374908;0.173081;,
  0.185645;0.362379;0.142274;,
  0.151280;0.351796;0.158651;,
  0.181034;0.386910;0.154807;,
  0.145842;0.397776;0.204471;,
  0.157854;0.410016;0.221909;,
  0.181447;0.397155;0.252466;,
  0.199435;0.418971;0.198605;,
  0.220121;0.409284;0.224415;,
  0.132807;0.342589;0.168110;,
  0.138516;0.315928;0.162284;,
  0.111672;0.310087;0.185479;,
  0.101292;0.282829;0.195589;,
  0.206703;0.352914;0.142560;,
  0.203823;0.385810;0.152658;,
  0.189183;0.412584;0.177460;,
  0.211604;0.406818;0.172372;,
  0.237983;0.397789;0.195748;,
  0.226000;0.404475;0.184833;,
  0.151284;0.371570;0.259524;,
  0.189183;0.412584;0.177460;,
  0.211604;0.406818;0.172372;,
  0.114100;0.361519;0.190205;,
  0.147287;0.392302;0.175496;,
  0.136907;0.376463;0.183516;,
  0.128654;0.392303;0.185809;,
  0.128654;0.392303;0.185809;,
  0.114100;0.361519;0.190205;,
  0.147287;0.392302;0.175496;,
  0.150922;0.374908;0.173081;,
  0.131563;0.359498;0.177682;,
  0.115651;0.357360;0.195414;,
  0.156490;0.325787;0.153616;,
  0.131563;0.359498;0.177682;,
  0.066814;0.328518;0.233588;,
  0.098288;0.346309;0.232802;,
  0.027965;0.326792;0.221184;,
  0.115501;0.360451;0.220479;,
  -0.019553;0.003214;0.149397;,
  -0.013740;-0.009521;0.118082;,
  0.007001;0.054064;0.065114;,
  0.007399;0.041796;0.078055;,
  0.226000;0.404475;0.184833;,
  0.237983;0.397789;0.195748;,
  0.126438;0.293742;0.179087;,
  0.149504;0.295079;0.169709;,
  0.141689;0.290621;0.173208;,
  0.167780;0.310748;0.161702;,
  -0.028879;0.127194;0.240870;,
  0.027965;0.326792;0.221184;,
  -0.048284;0.047861;-0.400392;,
  0.121519;0.290588;0.182182;,
  0.124870;0.280593;0.182592;,
  0.128616;0.285228;0.183368;,
  0.132187;0.283493;0.178582;,
  -0.029673;0.310323;0.225188;,
  -0.007196;0.289704;0.208226;,
  -0.002375;0.287592;0.191451;,
  0.019943;0.293420;0.166755;,
  0.145842;0.397776;0.204471;,
  0.012835;0.172273;-0.146131;,
  0.104688;0.108778;-0.183641;,
  0.016948;0.124072;-0.206438;,
  0.096966;0.149230;-0.121058;,
  -0.004896;0.210294;-0.092121;,
  0.082609;0.182014;-0.069970;,
  -0.000858;0.175688;-0.001688;,
  0.057351;0.157364;0.004947;,
  -0.004691;0.148564;0.082041;,
  0.031828;0.138402;0.083508;,
  0.018886;0.119182;0.093746;,
  -0.024486;0.120165;0.094835;,
  0.112833;0.076812;-0.238892;,
  0.026825;0.082277;-0.264693;,
  0.013232;0.018635;-0.230954;,
  -0.074699;0.070296;-0.177888;,
  -0.048552;0.050337;-0.240015;,
  -0.002322;0.059451;-0.169614;,
  -0.088091;0.103468;-0.112486;,
  -0.021600;0.101593;-0.112345;,
  -0.027976;0.128154;-0.101775;,
  -0.081687;0.145919;-0.102617;,
  -0.093257;0.089411;-0.043440;,
  -0.009000;0.085377;-0.051951;,
  -0.013740;-0.009521;0.118082;,
  -0.042326;0.010853;0.080260;,
  -0.007196;0.289704;0.208226;,
  -0.056997;0.133580;0.080476;,
  -0.075957;0.180188;-0.003059;,
  -0.083366;0.220326;-0.104756;,
  -0.071268;0.171018;-0.159987;,
  -0.057819;0.128398;-0.219093;,
  -0.045488;0.077727;-0.284965;,
  0.111624;0.011009;-0.000627;,
  0.024739;0.005324;0.100615;,
  0.065766;0.011859;0.076712;,
  0.166522;0.041198;-0.055418;,
  0.141082;0.013002;-0.078481;,
  0.133040;0.002537;-0.151850;,
  0.124087;0.006745;-0.224291;,
  -0.076900;0.047308;0.040862;;
  916;
  3;0,1,2;,
  3;1,0,3;,
  3;4,5,6;,
  3;5,4,7;,
  3;8,9,10;,
  3;9,8,11;,
  3;12,13,14;,
  3;13,12,15;,
  3;16,12,17;,
  3;12,16,15;,
  3;18,19,20;,
  3;19,18,16;,
  3;6,21,22;,
  3;21,6,5;,
  3;14,23,24;,
  3;23,14,13;,
  3;25,26,27;,
  3;26,25,28;,
  3;29,30,31;,
  3;30,29,32;,
  3;30,33,31;,
  3;33,30,34;,
  3;35,36,37;,
  3;36,35,38;,
  3;38,39,36;,
  3;39,38,40;,
  3;37,41,42;,
  3;41,37,36;,
  3;36,43,41;,
  3;43,36,39;,
  3;42,30,32;,
  3;30,42,41;,
  3;41,34,30;,
  3;34,41,43;,
  3;44,45,46;,
  3;45,44,47;,
  3;48,49,50;,
  3;49,48,51;,
  3;50,52,53;,
  3;52,50,49;,
  3;54,55,56;,
  3;55,54,57;,
  3;57,58,55;,
  3;58,57,59;,
  3;56,60,61;,
  3;60,56,55;,
  3;55,62,60;,
  3;62,55,58;,
  3;61,49,51;,
  3;49,61,60;,
  3;60,52,49;,
  3;52,60,62;,
  3;32,19,63;,
  3;19,32,29;,
  3;64,65,66;,
  3;65,64,20;,
  3;14,67,12;,
  3;67,14,68;,
  3;68,69,67;,
  3;69,68,70;,
  3;70,42,69;,
  3;42,70,37;,
  3;48,34,51;,
  3;34,48,33;,
  3;51,43,61;,
  3;43,51,34;,
  3;43,56,61;,
  3;56,43,39;,
  3;39,54,56;,
  3;54,39,40;,
  3;12,63,17;,
  3;63,12,67;,
  3;67,32,63;,
  3;32,67,69;,
  3;69,42,32;,
  3;71,72,25;,
  3;73,74,75;,
  3;74,73,76;,
  3;74,77,75;,
  3;77,74,78;,
  3;79,78,80;,
  3;78,79,77;,
  3;81,82,83;,
  3;82,84,85;,
  3;84,82,86;,
  3;87,88,89;,
  3;88,90,89;,
  3;90,88,91;,
  3;92,93,94;,
  3;92,89,93;,
  3;92,87,89;,
  3;89,95,93;,
  3;95,89,90;,
  3;96,93,82;,
  3;93,86,82;,
  3;86,93,95;,
  3;97,98,99;,
  3;98,97,100;,
  3;100,101,98;,
  3;101,100,102;,
  3;103,104,105;,
  3;104,103,106;,
  3;106,107,104;,
  3;107,106,108;,
  3;105,109,110;,
  3;109,105,104;,
  3;104,111,109;,
  3;111,104,107;,
  3;110,100,97;,
  3;100,110,109;,
  3;109,102,100;,
  3;102,109,111;,
  3;112,113,114;,
  3;113,112,115;,
  3;116,117,118;,
  3;117,116,119;,
  3;120,121,122;,
  3;121,120,123;,
  3;120,124,125;,
  3;124,120,122;,
  3;126,124,127;,
  3;124,126,125;,
  3;95,97,86;,
  3;97,95,110;,
  3;86,99,84;,
  3;99,86,97;,
  3;90,103,105;,
  3;103,90,91;,
  3;105,95,90;,
  3;95,105,110;,
  3;128,96,129;,
  3;96,128,94;,
  3;129,130,128;,
  3;130,129,131;,
  3;72,28,25;,
  3;28,72,132;,
  3;10,133,8;,
  3;134,135,136;,
  3;135,134,137;,
  3;81,137,134;,
  3;138,11,139;,
  3;138,9,11;,
  3;138,140,9;,
  3;141,11,142;,
  3;11,141,139;,
  3;128,130,143;,
  3;94,144,92;,
  3;94,143,144;,
  3;94,128,143;,
  3;145,87,146;,
  3;87,145,147;,
  3;75,148,73;,
  3;148,75,149;,
  3;150,147,145;,
  3;7,149,75;,
  3;148,151,73;,
  3;102,152,101;,
  3;152,102,126;,
  3;102,125,126;,
  3;125,102,111;,
  3;111,120,125;,
  3;120,111,107;,
  3;120,108,123;,
  3;108,120,107;,
  3;8,153,154;,
  3;153,8,133;,
  3;154,155,8;,
  3;155,154,156;,
  3;122,114,113;,
  3;114,122,121;,
  3;121,112,114;,
  3;112,121,157;,
  3;158,124,159;,
  3;124,158,127;,
  3;159,122,113;,
  3;122,159,124;,
  3;126,160,152;,
  3;160,126,161;,
  3;162,121,123;,
  3;121,162,163;,
  3;121,164,157;,
  3;164,121,163;,
  3;165,126,127;,
  3;126,165,161;,
  3;161,166,160;,
  3;166,161,167;,
  3;162,118,163;,
  3;118,162,116;,
  3;163,117,164;,
  3;117,163,118;,
  3;165,167,161;,
  3;167,165,168;,
  3;169,170,171;,
  3;170,169,172;,
  3;173,174,175;,
  3;174,173,176;,
  3;177,178,179;,
  3;178,177,173;,
  3;180,178,181;,
  3;178,180,182;,
  3;183,169,171;,
  3;169,183,184;,
  3;174,185,186;,
  3;185,174,176;,
  3;46,187,44;,
  3;187,46,188;,
  3;180,169,182;,
  3;169,180,172;,
  3;20,29,65;,
  3;19,29,20;,
  3;29,31,189;,
  3;31,190,189;,
  3;190,31,33;,
  3;33,191,190;,
  3;191,33,48;,
  3;191,50,192;,
  3;50,191,48;,
  3;192,53,193;,
  3;53,192,50;,
  3;194,171,185;,
  3;171,194,183;,
  3;171,186,185;,
  3;186,171,170;,
  3;185,176,194;,
  3;194,173,177;,
  3;173,194,176;,
  3;178,175,181;,
  3;175,178,173;,
  3;179,182,184;,
  3;182,179,178;,
  3;182,169,184;,
  3;16,17,19;,
  3;17,63,19;,
  3;65,195,66;,
  3;196,197,198;,
  3;197,196,199;,
  3;200,154,153;,
  3;154,200,201;,
  3;202,203,204;,
  3;205,206,207;,
  3;196,208,209;,
  3;208,196,198;,
  3;210,209,211;,
  3;209,210,196;,
  3;212,213,214;,
  3;213,212,215;,
  3;212,214,211;,
  3;201,216,217;,
  3;216,201,200;,
  3;218,219,220;,
  3;219,218,217;,
  3;210,199,196;,
  3;213,205,207;,
  3;221,222,223;,
  3;198,197,224;,
  3;224,225,226;,
  3;225,224,197;,
  3;227,213,207;,
  3;228,229,214;,
  3;229,228,230;,
  3;220,231,232;,
  3;213,228,214;,
  3;156,201,233;,
  3;201,156,154;,
  3;233,217,218;,
  3;217,233,201;,
  3;219,217,234;,
  3;235,219,234;,
  3;236,237,238;,
  3;237,236,239;,
  3;209,240,211;,
  3;240,209,241;,
  3;211,242,212;,
  3;242,211,240;,
  3;243,239,244;,
  3;239,243,237;,
  3;244,236,245;,
  3;236,244,239;,
  3;246,221,223;,
  3;221,246,215;,
  3;221,212,247;,
  3;212,221,215;,
  3;199,248,2;,
  3;248,199,249;,
  3;133,10,250;,
  3;249,210,251;,
  3;210,249,199;,
  3;210,211,251;,
  3;252,1,253;,
  3;1,252,2;,
  3;20,254,18;,
  3;254,20,64;,
  3;24,68,14;,
  3;68,24,255;,
  3;68,256,70;,
  3;256,68,255;,
  3;256,37,70;,
  3;37,256,257;,
  3;258,2,252;,
  3;2,258,199;,
  3;257,259,37;,
  3;37,259,35;,
  3;260,204,261;,
  3;204,260,202;,
  3;262,263,223;,
  3;263,262,264;,
  3;197,258,225;,
  3;258,197,199;,
  3;265,203,227;,
  3;265,207,266;,
  3;207,265,227;,
  3;223,267,246;,
  3;267,223,263;,
  3;88,87,147;,
  3;83,82,85;,
  3;78,16,18;,
  3;16,78,74;,
  3;74,15,16;,
  3;15,74,76;,
  3;15,71,13;,
  3;71,15,76;,
  3;13,268,23;,
  3;268,13,71;,
  3;248,269,2;,
  3;2,269,0;,
  3;136,129,134;,
  3;129,136,131;,
  3;134,96,81;,
  3;96,134,129;,
  3;96,82,81;,
  3;93,96,94;,
  3;29,189,65;,
  3;205,215,246;,
  3;267,205,246;,
  3;205,267,206;,
  3;205,213,215;,
  3;187,188,270;,
  3;224,271,272;,
  3;222,221,208;,
  3;224,222,198;,
  3;272,273,262;,
  3;273,272,271;,
  3;263,274,275;,
  3;273,276,262;,
  3;277,271,278;,
  3;271,277,273;,
  3;222,272,262;,
  3;272,222,224;,
  3;222,208,198;,
  3;209,221,247;,
  3;221,209,208;,
  3;223,222,262;,
  3;266,206,279;,
  3;206,266,207;,
  3;206,280,279;,
  3;280,206,267;,
  3;280,263,275;,
  3;263,280,267;,
  3;264,262,276;,
  3;76,73,72;,
  3;138,281,140;,
  3;73,132,72;,
  3;132,73,151;,
  3;72,71,76;,
  3;271,226,278;,
  3;155,11,8;,
  3;276,277,282;,
  3;277,276,273;,
  3;274,276,282;,
  3;276,274,264;,
  3;28,141,26;,
  3;141,28,139;,
  3;139,132,138;,
  3;132,139,28;,
  3;132,281,138;,
  3;281,132,151;,
  3;281,148,283;,
  3;148,281,151;,
  3;283,149,284;,
  3;149,283,148;,
  3;7,284,149;,
  3;284,7,4;,
  3;5,79,21;,
  3;79,5,77;,
  3;77,7,75;,
  3;7,77,5;,
  3;6,3,4;,
  3;3,6,1;,
  3;285,137,83;,
