xof 0303txt 0032
template ColorRGBA {
 <35ff44e0-6c7c-11cf-8f52-0040333594a3>
 FLOAT red;
 FLOAT green;
 FLOAT blue;
 FLOAT alpha;
}

template ColorRGB {
 <d3e16e81-7835-11cf-8f52-0040333594a3>
 FLOAT red;
 FLOAT green;
 FLOAT blue;
}

template Material {
 <3d82ab4d-62da-11cf-ab39-0020af71e433>
 ColorRGBA faceColor;
 FLOAT power;
 ColorRGB specularColor;
 ColorRGB emissiveColor;
 [...]
}

template TextureFilename {
 <a42790e1-7810-11cf-8f52-0040333594a3>
 STRING filename;
}

template Frame {
 <3d82ab46-62da-11cf-ab39-0020af71e433>
 [...]
}

template Matrix4x4 {
 <f6f23f45-7686-11cf-8f52-0040333594a3>
 array FLOAT matrix[16];
}

template FrameTransformMatrix {
 <f6f23f41-7686-11cf-8f52-0040333594a3>
 Matrix4x4 frameMatrix;
}

template Vector {
 <3d82ab5e-62da-11cf-ab39-0020af71e433>
 FLOAT x;
 FLOAT y;
 FLOAT z;
}

template MeshFace {
 <3d82ab5f-62da-11cf-ab39-0020af71e433>
 DWORD nFaceVertexIndices;
 array DWORD faceVertexIndices[nFaceVertexIndices];
}

template Mesh {
 <3d82ab44-62da-11cf-ab39-0020af71e433>
 DWORD nVertices;
 array Vector vertices[nVertices];
 DWORD nFaces;
 array MeshFace faces[nFaces];
 [...]
}

template MeshMaterialList {
 <f6f23f42-7686-11cf-8f52-0040333594a3>
 DWORD nMaterials;
 DWORD nFaceIndexes;
 array DWORD faceIndexes[nFaceIndexes];
 [Material <3d82ab4d-62da-11cf-ab39-0020af71e433>]
}

template VertexElement {
 <f752461c-1e23-48f6-b9f8-8350850f336f>
 DWORD Type;
 DWORD Method;
 DWORD Usage;
 DWORD UsageIndex;
}

template DeclData {
 <bf22e553-292c-4781-9fea-62bd554bdd93>
 DWORD nElements;
 array VertexElement Elements[nElements];
 DWORD nDWords;
 array DWORD data[nDWords];
}

template XSkinMeshHeader {
 <3cf169ce-ff7c-44ab-93c0-f78f62d172e2>
 WORD nMaxSkinWeightsPerVertex;
 WORD nMaxSkinWeightsPerFace;
 WORD nBones;
}

template SkinWeights {
 <6f0d123b-bad2-4167-a0d0-80224f25fabb>
 STRING transformNodeName;
 DWORD nWeights;
 array DWORD vertexIndices[nWeights];
 array FLOAT weights[nWeights];
 Matrix4x4 matrixOffset;
}

template AnimTicksPerSecond {
 <9e415a43-7ba6-4a73-8743-b73d47e88476>
 DWORD AnimTicksPerSecond;
}

template Animation {
 <3d82ab4f-62da-11cf-ab39-0020af71e433>
 [...]
}

template AnimationSet {
 <3d82ab50-62da-11cf-ab39-0020af71e433>
 [Animation <3d82ab4f-62da-11cf-ab39-0020af71e433>]
}

template FloatKeys {
 <10dd46a9-775b-11cf-8f52-0040333594a3>
 DWORD nValues;
 array FLOAT values[nValues];
}

template TimedFloatKeys {
 <f406b180-7b3b-11cf-8f52-0040333594a3>
 DWORD time;
 FloatKeys tfkeys;
}

template AnimationKey {
 <10dd46a8-775b-11cf-8f52-0040333594a3>
 DWORD keyType;
 DWORD nKeys;
 array TimedFloatKeys keys[nKeys];
}


Material _03_-_Default {
 1.000000;1.000000;1.000000;1.000000;;
 9.999999;
 0.000000;0.000000;0.000000;;
 0.000000;0.000000;0.000000;;

 TextureFilename {
  "MaleBody_full.png";
 }
}

Frame Dummy01 {
 

 FrameTransformMatrix {
  1.000000,0.000000,0.000000,0.000000,0.000000,-0.000000,-1.000000,0.000000,0.000000,1.000000,-0.000000,0.000000,0.000000,0.000000,0.000000,1.000000;;
 }

 Frame Bip01 {
  

  FrameTransformMatrix {
   0.496898,0.851360,-0.168164,0.000000,0.052695,0.163822,0.985081,0.000000,0.866208,-0.498347,0.036540,0.000000,0.000000,-0.034827,0.492784,1.000000;;
  }

  Frame Bip01_Pelvis {
   

   FrameTransformMatrix {
    -0.000000,1.000000,-0.000001,0.000000,0.087154,0.000001,0.996195,0.000000,0.996195,0.000000,-0.087154,0.000000,0.000000,0.000000,0.000000,1.000000;;
   }

   Frame Bip01_Spine {
    

    FrameTransformMatrix {
     0.998192,-0.005238,-0.059886,0.000000,-0.000001,0.996195,-0.087152,0.000000,0.060114,0.086994,0.994393,0.000000,0.051628,-0.000007,-0.000084,1.000000;;
    }

    Frame Bip01_Spine1 {
     

     FrameTransformMatrix {
      0.944325,-0.155507,0.289944,0.000000,0.115540,0.981865,0.150304,0.000000,-0.308059,-0.108436,0.945167,0.000000,0.106506,0.000009,-0.000080,1.000000;;
     }

     Frame Bip01_Neck {
      

      FrameTransformMatrix {
       0.908361,-0.320879,0.268173,0.000000,0.293146,0.945926,0.138885,0.000000,-0.298238,-0.047544,0.953307,0.000000,0.130513,0.000001,0.004626,1.000000;;
      }

      Frame Bip01_Head {
       

       FrameTransformMatrix {
        0.972192,-0.206593,0.110284,0.000000,0.161283,0.932097,0.324319,0.000000,-0.169797,-0.297514,0.939497,0.000000,0.033674,0.000000,0.000000,1.000000;;
       }

       Frame Bip01_HeadNub {
        

        FrameTransformMatrix {
         1.000000,0.000000,-0.000000,0.000000,-0.000000,1.000000,0.000000,0.000000,-0.000000,-0.000000,1.000000,0.000000,0.169824,0.000000,0.000000,1.000000;;
        }
       }
      }

      Frame Bip01_L_Clavicle {
       

       FrameTransformMatrix {
        0.022032,0.966648,0.255160,0.000000,0.927351,0.075600,-0.366478,0.000000,-0.373545,0.244697,-0.894756,0.000000,-0.028113,0.007176,0.002010,1.000000;;
       }

       Frame Bip01_L_UpperArm {
        

        FrameTransformMatrix {
         0.330277,-0.906120,-0.264317,0.000000,0.859409,0.404481,-0.312750,0.000000,0.390300,-0.123862,0.912318,0.000000,0.087086,-0.000000,-0.000000,1.000000;;
        }

        Frame Bip01_L_Forearm {
         

         FrameTransformMatrix {
          0.823668,0.000000,-0.567072,0.000000,-0.000000,1.000000,-0.000000,0.000000,0.567072,-0.000000,0.823668,0.000000,0.137062,0.000000,-0.000000,1.000000;;
         }

         Frame Bip01_L_Hand {
          

          FrameTransformMatrix {
           0.971486,-0.212704,0.104747,0.000000,-0.102153,0.023181,0.994499,0.000000,-0.213962,-0.976842,0.000792,0.000000,0.137062,-0.000000,0.000000,1.000000;;
          }

          Frame Bip01_L_Finger0 {
           

           FrameTransformMatrix {
            0.556874,-0.020367,0.830347,0.000000,0.558537,0.749101,-0.356210,0.000000,-0.614759,0.662144,0.428531,0.000000,0.057681,-0.023605,-0.000272,1.000000;;
           }

           Frame Bip01_L_Finger0Nub {
            

            FrameTransformMatrix {
             1.000000,0.000000,-0.000000,0.000000,-0.000000,1.000000,0.000000,0.000000,0.000000,0.000000,1.000000,0.000000,0.029435,0.000000,0.000000,1.000000;;
            }
           }
          }

          Frame Bip01_L_Finger1 {
           

           FrameTransformMatrix {
            -0.342274,-0.000748,0.939600,0.000000,-0.000000,1.000000,0.000796,0.000000,-0.939600,0.000273,-0.342274,0.000000,0.084102,0.000000,0.000000,1.000000;;
           }

           Frame Bip01_L_Finger1Nub {
            

            FrameTransformMatrix {
             1.000000,-0.000000,-0.000000,0.000000,0.000000,1.000000,0.000000,0.000000,0.000000,0.000000,1.000000,0.000000,0.047988,0.000000,0.000000,1.000000;;
            }
           }
          }
         }
        }
       }
      }

      Frame Bip01_R_Clavicle {
       

       FrameTransformMatrix {
        0.320880,-0.945926,0.047546,0.000000,-0.908147,-0.293035,0.298996,0.000000,-0.268896,-0.139121,-0.953069,0.000000,-0.018028,-0.022554,0.003504,1.000000;;
       }

       Frame Bip01_R_UpperArm {
        

        FrameTransformMatrix {
         0.396046,0.903727,-0.162560,0.000000,-0.841108,0.428071,0.330593,0.000000,0.368353,0.005801,0.929668,0.000000,0.087086,0.000000,0.000000,1.000000;;
        }

        Frame Bip01_R_Forearm {
         

         FrameTransformMatrix {
          0.811989,0.000000,-0.583672,0.000000,0.000000,1.000000,0.000000,0.000000,0.583672,0.000000,0.811989,0.000000,0.137062,0.000000,-0.000000,1.000000;;
         }

         Frame Bip01_R_Hand {
          

          FrameTransformMatrix {
           0.979682,0.150865,0.132145,0.000000,0.032696,0.529933,-0.847409,0.000000,-0.197873,0.834512,0.514233,0.000000,0.137062,0.000000,0.000000,1.000000;;
          }

          Frame Bip01_R_Finger0 {
           

           FrameTransformMatrix {
            0.556874,0.020367,0.830347,0.000000,-0.558537,0.749101,0.356210,0.000000,-0.614759,-0.662144,0.428531,0.000000,0.057681,0.023605,-0.000272,1.000000;;
           }

           Frame Bip01_R_Finger0Nub {
            

            FrameTransformMatrix {
             -1.000000,-0.000000,0.000000,0.000000,0.000000,1.000000,-0.000000,0.000000,-0.000000,0.000000,-1.000000,0.000000,0.029435,0.000000,0.000000,1.000000;;
            }
           }
          }

          Frame Bip01_R_Finger1 {
           

           FrameTransformMatrix {
            -0.342274,0.000748,0.939600,0.000000,0.000000,1.000000,-0.000796,0.000000,-0.939600,-0.000273,-0.342274,0.000000,0.084102,0.000000,-0.000000,1.000000;;
           }

           Frame Bip01_R_Finger1Nub {
            

            FrameTransformMatrix {
             -1.000000,-0.000000,0.000000,0.000000,-0.000000,1.000000,-0.000000,0.000000,-0.000000,-0.000000,-1.000000,0.000000,0.047988,-0.000000,0.000000,1.000000;;
            }
           }
          }
         }
        }
       }
      }
     }

     Frame Bip01_BackPack {
      

      FrameTransformMatrix {
       0.180560,0.080500,-0.980264,0.000000,0.047560,0.994765,0.090451,0.000000,0.982413,-0.062954,0.175786,0.000000,0.063697,0.000003,-0.088856,1.000000;;
      }

      Frame Bip01_BackPackNub {
       

       FrameTransformMatrix {
        0.000796,0.000003,1.000000,0.000000,0.000000,-1.000000,0.000003,0.000000,1.000000,0.000000,-0.000796,0.000000,0.053240,-0.000000,0.000000,1.000000;;
       }
      }
     }
    }

    Frame Bip01_L_Thigh {
     

     FrameTransformMatrix {
      -0.917042,0.082924,0.390074,0.000000,-0.139810,-0.982913,-0.119732,0.000000,0.373480,-0.164336,0.912966,0.000000,-0.051829,0.055015,0.001785,1.000000;;
     }

     Frame Bip01_L_Calf {
      

      FrameTransformMatrix {
       0.846865,-0.000000,-0.531807,0.000000,-0.000000,1.000000,0.000000,0.000000,0.531807,0.000000,0.846865,0.000000,0.237500,-0.000000,0.000000,1.000000;;
      }

      Frame Bip01_L_Foot {
       

       FrameTransformMatrix {
        0.945681,0.164091,0.280645,0.000000,-0.203087,0.972283,0.115849,0.000000,-0.253857,-0.166551,0.952795,0.000000,0.206841,0.000000,0.000000,1.000000;;
       }

       Frame Bip01_L_Toe0 {
        

        FrameTransformMatrix {
         0.014153,-0.002415,0.999897,0.000000,0.002376,0.999994,0.002382,0.000000,-0.999897,0.002342,0.014158,0.000000,0.065373,0.000000,0.066450,1.000000;;
        }

        Frame Bip01_L_Toe0Nub {
         

         FrameTransformMatrix {
          -1.000000,-0.000000,-0.000000,0.000000,-0.000000,1.000000,-0.000000,0.000000,0.000000,0.000000,-1.000000,0.000000,0.006735,0.000000,0.000000,1.000000;;
         }
        }
       }
      }
     }
    }

    Frame Bip01_R_Thigh {
     

     FrameTransformMatrix {
      -0.869733,-0.163171,0.465768,0.000000,0.130427,-0.986203,-0.101945,0.000000,0.475976,-0.027916,0.879015,0.000000,-0.051251,-0.055015,-0.007823,1.000000;;
     }

     Frame Bip01_R_Calf {
      

      FrameTransformMatrix {
       0.814272,-0.000000,-0.580484,0.000000,0.000000,1.000000,0.000000,0.000000,0.580484,-0.000000,0.814272,0.000000,0.237500,0.000000,-0.000000,1.000000;;
      }

      Frame Bip01_R_Foot {
       

       FrameTransformMatrix {
        0.971350,-0.143656,0.189320,0.000000,0.136709,0.989382,0.049326,0.000000,-0.194396,-0.022031,0.980676,0.000000,0.206841,0.000000,0.000000,1.000000;;
       }

       Frame Bip01_R_Toe0 {
        

        FrameTransformMatrix {
         -0.042855,-0.651407,0.757517,0.000000,-0.005087,0.758346,0.651832,0.000000,-0.999068,0.024080,-0.035813,0.000000,0.065373,0.000000,0.066450,1.000000;;
        }

        Frame Bip01_R_Toe0Nub {
         

         FrameTransformMatrix {
          1.000000,-0.000000,0.000000,0.000000,-0.000000,1.000000,0.000000,0.000000,0.000000,-0.000000,1.000000,0.000000,0.006735,0.000000,0.000000,1.000000;;
         }
        }
       }
      }
     }
    }
   }

   Frame Bip01_DressFront {
    

    FrameTransformMatrix {
     -0.830864,-0.008445,0.556411,0.000000,-0.032673,0.998900,-0.033628,0.000000,-0.555515,-0.046119,-0.830227,0.000000,-0.043921,0.001406,0.061063,1.000000;;
    }

    Frame Bip01_DressFront02 {
     

     FrameTransformMatrix {
      0.946511,0.081243,0.312276,0.000000,-0.077173,0.996694,-0.025393,0.000000,-0.313307,-0.000065,0.949652,0.000000,0.183366,0.000000,-0.000125,1.000000;;
     }

     Frame Bip01_DressFrontNub {
      

      FrameTransformMatrix {
       0.000796,0.000003,1.000000,0.000000,0.000000,-1.000000,0.000003,0.000000,1.000000,0.000000,-0.000796,0.000000,0.165302,0.000000,0.000000,1.000000;;
      }
     }
    }
   }

   Frame Bip01_DressBack {
    

    FrameTransformMatrix {
     -0.830380,0.045218,0.555361,0.000000,-0.011734,0.995062,-0.098565,0.000000,-0.557075,-0.088363,-0.825748,0.000000,-0.047654,0.000012,-0.078304,1.000000;;
    }

    Frame Bip01_DressBack02 {
     

     FrameTransformMatrix {
      0.961427,0.000001,0.275061,0.000000,-0.000001,1.000000,-0.000000,0.000000,-0.275061,-0.000000,0.961427,0.000000,0.176189,0.000000,-0.000105,1.000000;;
     }

     Frame Bip01_DressBackNub {
      

      FrameTransformMatrix {
       0.000796,0.000003,1.000000,0.000000,-0.000000,-1.000000,0.000003,0.000000,1.000000,-0.000000,-0.000796,0.000000,0.136508,0.000000,0.000000,1.000000;;
      }
     }
    }
   }
  }

  Frame Bip01_Prop1 {
   

   FrameTransformMatrix {
    0.422404,-0.045727,-0.905254,0.000000,0.725946,-0.580963,0.368083,0.000000,-0.542750,-0.812645,-0.212206,0.000000,0.052104,-0.004944,-0.162773,1.000000;;
   }
  }

  Frame Bip01_Prop2 {
   

   FrameTransformMatrix {
    0.190957,-0.913827,0.358409,0.000000,0.980104,0.157360,-0.120972,0.000000,0.054148,0.374378,0.925694,0.000000,0.186617,0.054433,0.119109,1.000000;;
   }
  }
 }
}

Frame Translation_Data {
 

 FrameTransformMatrix {
  1.000000,0.000000,0.000000,0.000000,0.000000,-0.000000,-1.000000,0.000000,0.000000,1.000000,-0.000000,0.000000,0.000000,0.000000,0.000000,1.000000;;
 }
}

Frame Body {
 

 FrameTransformMatrix {
  1.000000,0.000000,0.000000,0.000000,0.000000,1.000000,0.000000,0.000000,0.000000,0.000000,1.000000,0.000000,0.000000,0.000000,0.000000,1.000000;;
 }

 Mesh Body {
  617;
  0.076037;0.750400;-0.051099;,
  0.050547;0.732586;-0.043355;,
  0.040058;0.765082;-0.043224;,
  0.090566;0.731993;-0.041671;,
  0.097922;0.714812;-0.017773;,
  0.078073;0.670776;-0.025745;,
  0.063584;0.698694;-0.043080;,
  0.099165;0.686650;0.013720;,
  0.027427;0.797931;-0.019247;,
  0.066194;0.792708;0.024301;,
  0.068640;0.789593;-0.018367;,
  0.032320;0.793023;0.021128;,
  0.061923;0.549824;0.096387;,
  0.016641;0.559153;0.094890;,
  0.014014;0.548445;0.101415;,
  0.056620;0.559109;0.089642;,
  0.076289;0.551293;0.037610;,
  0.078864;0.527850;0.063226;,
  0.064473;0.541468;-0.001122;,
  0.076323;0.500742;0.034751;,
  0.054368;0.487974;0.015545;,
  0.031692;0.661362;-0.052319;,
  0.026652;0.693857;-0.060344;,
  -0.021960;0.555979;0.076347;,
  -0.024200;0.543285;0.084163;,
  0.023096;0.665069;0.093041;,
  -0.024831;0.705632;0.066903;,
  -0.025360;0.662472;0.074203;,
  0.029065;0.712511;0.084227;,
  0.072337;0.462395;0.015306;,
  0.126840;0.368104;0.034027;,
  0.100638;0.372219;-0.005368;,
  0.091901;0.458782;0.061461;,
  0.122897;0.275511;-0.025591;,
  0.134044;0.274996;0.025224;,
  0.021720;0.454266;0.014475;,
  0.030186;0.340240;0.071637;,
  -0.020221;0.443417;0.109436;,
  0.048606;0.358892;0.000334;,
  0.070716;0.266997;0.040665;,
  0.083214;0.266658;0.001325;,
  0.106119;0.352583;0.093400;,
  0.068080;0.432727;0.112592;,
  0.107929;0.274939;0.055381;,
  0.125942;0.005798;0.097840;,
  0.068356;0.005804;0.115616;,
  0.089407;0.005928;0.071569;,
  0.098118;0.005698;0.133762;,
  0.118784;0.216409;0.010128;,
  0.135010;0.154131;0.068444;,
  0.119360;0.145476;0.031554;,
  0.136405;0.225903;0.047736;,
  0.127903;0.076749;0.090932;,
  0.122586;0.071471;0.057044;,
  0.072076;0.198772;0.020697;,
  0.063209;0.162268;0.077663;,
  0.051786;0.225884;0.064968;,
  0.082430;0.144876;0.043572;,
  0.088099;0.087626;0.095657;,
  0.097377;0.067261;0.070558;,
  0.120413;0.169042;0.100852;,
  0.117432;0.242758;0.090166;,
  0.109725;0.094571;0.104968;,
  0.080705;0.500435;0.075138;,
  0.021774;0.477482;-0.011115;,
  0.021720;0.454266;0.014475;,
  0.014082;0.445889;0.007021;,
  0.059202;0.504568;0.125179;,
  0.003716;0.506285;0.125687;,
  0.060197;0.449308;0.121385;,
  0.008300;0.452373;0.124221;,
  0.020514;0.612244;0.093751;,
  0.059272;0.662468;0.091690;,
  0.077029;0.664604;0.080893;,
  0.077038;0.605479;0.038924;,
  0.094635;0.656099;0.031749;,
  0.060597;0.610935;0.086161;,
  0.079438;0.643739;-0.012729;,
  0.070129;0.595963;0.004063;,
  0.035123;0.642633;-0.041499;,
  0.028906;0.587699;-0.021267;,
  0.124593;0.736195;-0.070473;,
  0.155765;0.696471;-0.066568;,
  0.079310;0.726439;-0.043087;,
  0.140527;0.632244;-0.032464;,
  0.108346;0.672431;-0.038935;,
  0.179195;0.651300;-0.054874;,
  0.105724;0.733995;0.011292;,
  0.108346;0.672431;-0.038935;,
  0.132656;0.691365;0.019511;,
  0.162080;0.643049;0.015574;,
  0.140527;0.632244;-0.032464;,
  0.114769;0.740226;0.014082;,
  0.180051;0.715732;-0.008124;,
  0.148700;0.754161;-0.011782;,
  0.200692;0.661963;-0.006720;,
  0.140838;0.748134;-0.048344;,
  0.183843;0.635680;-0.068263;,
  0.161858;0.559382;-0.065258;,
  0.139140;0.610713;-0.042213;,
  0.189459;0.577617;-0.081167;,
  0.176309;0.523192;-0.076460;,
  0.197686;0.528725;-0.089945;,
  0.139140;0.610713;-0.042213;,
  0.198200;0.558539;-0.021072;,
  0.171969;0.606516;0.011504;,
  0.161858;0.559382;-0.065258;,
  0.203240;0.521548;-0.047420;,
  0.176309;0.523192;-0.076460;,
  0.219089;0.572826;-0.033467;,
  0.216467;0.631409;-0.014305;,
  0.218181;0.524209;-0.058509;,
  0.158342;0.442170;-0.076260;,
  0.209461;0.462536;-0.061134;,
  0.168534;0.458912;-0.086245;,
  0.199037;0.446012;-0.051678;,
  0.161357;0.450256;-0.090241;,
  0.172889;0.439388;-0.095660;,
  0.168670;0.442828;-0.086098;,
  0.160609;0.445849;-0.101017;,
  0.194221;0.488549;-0.045380;,
  0.184466;0.466566;-0.100758;,
  0.207314;0.454811;-0.054660;,
  0.166089;0.492247;-0.086210;,
  0.223226;0.449691;-0.065555;,
  0.226103;0.495095;-0.064670;,
  0.197445;0.500008;-0.107758;,
  0.201491;0.461769;-0.109904;,
  0.097041;0.797301;-0.029176;,
  0.100010;0.788191;-0.057500;,
  0.068640;0.789593;-0.018367;,
  0.068132;0.776862;-0.042327;,
  0.069692;0.714769;0.082375;,
  0.045788;0.783321;-0.035605;,
  0.099366;0.763483;-0.069318;,
  0.090566;0.731993;-0.041671;,
  0.076037;0.750400;-0.051099;,
  0.103868;0.743572;-0.059297;,
  0.081631;0.759500;0.052832;,
  0.035142;0.752325;0.060781;,
  0.085837;0.762355;0.047958;,
  -0.019881;0.741071;0.045811;,
  -0.009187;0.780629;0.001907;,
  0.066194;0.792708;0.024301;,
  0.085837;0.762355;0.047958;,
  0.091232;0.721220;0.003767;,
  0.092225;0.752028;0.039078;,
  0.079310;0.726439;-0.043087;,
  0.084445;0.702226;0.057100;,
  0.091875;0.687835;0.026361;,
  0.097922;0.714812;-0.017773;,
  0.083017;0.710335;0.071635;,
  0.166089;0.492247;-0.086210;,
  0.034504;0.809901;-0.068383;,
  0.021903;0.822913;-0.054630;,
  -0.001135;0.797309;-0.025871;,
  -0.004560;0.822786;-0.048593;,
  0.201491;0.461769;-0.109904;,
  0.158342;0.442170;-0.076260;,
  0.199037;0.446012;-0.051678;,
  0.162528;0.470147;-0.091330;,
  0.168372;0.458888;-0.113915;,
  0.162528;0.470147;-0.091330;,
  0.176598;0.459705;-0.088200;,
  0.189787;0.455841;-0.108617;,
  0.189787;0.455841;-0.108617;,
  0.161357;0.450256;-0.090241;,
  0.160609;0.445849;-0.101017;,
  0.172889;0.439388;-0.095660;,
  0.171789;0.027456;0.035865;,
  0.169623;0.005919;-0.018136;,
  0.164722;0.024501;-0.012658;,
  0.180285;0.005819;0.032618;,
  0.070842;0.039224;0.104652;,
  0.089407;0.005928;0.071569;,
  0.068356;0.005804;0.115616;,
  0.089626;0.030888;0.068727;,
  0.088099;0.087626;0.095657;,
  0.106428;0.042147;0.126101;,
  0.109725;0.094571;0.104968;,
  0.125942;0.005798;0.097840;,
  0.098118;0.005698;0.133762;,
  0.128290;0.040741;0.096393;,
  0.122586;0.071471;0.057044;,
  0.127903;0.076749;0.090932;,
  0.135843;0.021531;-0.018270;,
  0.134421;0.006013;-0.027670;,
  0.180285;0.005819;0.032618;,
  0.134421;0.006013;-0.027670;,
  0.048606;0.358892;0.000334;,
  0.083214;0.266658;0.001325;,
  0.072076;0.198772;0.020697;,
  0.082430;0.144876;0.043572;,
  0.097377;0.067261;0.070558;,
  0.097377;0.067261;0.070558;,
  -0.007751;0.442181;0.054068;,
  0.045037;0.797658;-0.095118;,
  0.031863;0.774233;-0.093756;,
  0.038143;0.778538;-0.102006;,
  0.030792;0.793814;-0.077371;,
  0.031468;0.825757;-0.093019;,
  0.020720;0.846122;-0.085787;,
  -0.025150;0.862867;-0.198789;,
  -0.041135;0.832944;-0.204426;,
  -0.045249;0.861593;-0.197112;,
  0.010230;0.790152;-0.181202;,
  -0.005424;0.780857;-0.180063;,
  -0.002532;0.812188;-0.196509;,
  0.037074;0.788700;-0.120770;,
  0.041007;0.817606;-0.114938;,
  0.039830;0.810874;-0.097785;,
  0.030565;0.851644;-0.130945;,
  0.027813;0.839700;-0.152201;,
  0.007817;0.831837;-0.195213;,
  0.015129;0.855957;-0.183177;,
  0.025348;0.815233;-0.163939;,
  0.026797;0.866134;-0.123316;,
  0.013800;0.884802;-0.114328;,
  -0.023512;0.886336;-0.098168;,
  -0.007307;0.900570;-0.155049;,
  -0.039024;0.903186;-0.141816;,
  0.033215;0.803171;-0.146385;,
  0.031436;0.770313;-0.119517;,
  0.021338;0.778819;-0.152959;,
  0.025790;0.743996;-0.104400;,
  0.009121;0.746178;-0.088152;,
  0.008538;0.730615;-0.102450;,
  -0.013147;0.829356;-0.204566;,
  -0.003187;0.861261;-0.195888;,
  0.007951;0.887087;-0.168406;,
  -0.010487;0.887314;-0.183300;,
  -0.028599;0.892062;-0.179126;,
  -0.045626;0.891720;-0.174952;,
  -0.010883;0.855041;-0.076366;,
  0.007951;0.887087;-0.168406;,
  -0.010487;0.887314;-0.183300;,
  0.046037;0.819911;-0.118965;,
  0.036084;0.855321;-0.149170;,
  0.047053;0.851964;-0.131228;,
  0.035475;0.839190;-0.136429;,
  0.047053;0.851964;-0.131228;,
  0.046037;0.819911;-0.118965;,
  0.036084;0.855321;-0.149170;,
  0.027813;0.839700;-0.152201;,
  0.036254;0.820571;-0.138193;,
  0.041007;0.817606;-0.114938;,
  0.013780;0.791506;-0.169611;,
  0.036254;0.820571;-0.138193;,
  0.045788;0.783321;-0.035605;,
  0.034504;0.809901;-0.068383;,
  0.068132;0.776862;-0.042327;,
  0.031468;0.825757;-0.093019;,
  0.020853;0.744217;-0.064577;,
  0.022881;0.720703;-0.060649;,
  0.026949;0.537645;-0.023039;,
  -0.034412;0.502737;0.108168;,
  -0.034936;0.468560;0.111055;,
  -0.023187;0.429095;0.097564;,
  0.012396;0.762488;-0.082177;,
  -0.007751;0.442181;0.054068;,
  -0.028599;0.892062;-0.179126;,
  -0.045626;0.891720;-0.174952;,
  0.016054;0.758137;-0.131400;,
  0.001502;0.764258;-0.150702;,
  0.004843;0.758524;-0.143689;,
  -0.038015;0.817776;-0.204851;,
  -0.030850;0.794818;-0.196546;,
  -0.004484;0.782583;-0.167193;,
  -0.022570;0.609051;0.074291;,
  0.068132;0.776862;-0.042327;,
  0.169623;0.005919;-0.018136;,
  0.011077;0.746175;-0.126953;,
  0.017646;0.754395;-0.126186;,
  0.009326;0.751770;-0.128279;,
  -0.006902;0.751433;-0.142733;,
  -0.009690;0.748986;-0.154856;,
  0.007803;0.750201;-0.134101;,
  -0.001802;0.749184;-0.125809;,
  0.000414;0.740667;-0.124348;,
  -0.021077;0.771561;-0.178923;,
  -0.018003;0.769180;-0.169526;,
  0.092225;0.752028;0.039078;,
  -0.003012;0.745001;-0.133511;,
  0.081316;0.729320;0.017408;,
  0.091232;0.721220;0.003767;,
  0.097922;0.714812;-0.017773;,
  0.026797;0.866134;-0.123316;,
  0.118784;0.216409;0.010128;,
  0.095564;0.140057;-0.024760;,
  0.082196;0.214353;-0.041164;,
  0.119360;0.145476;0.031554;,
  0.122897;0.275511;-0.025591;,
  0.082565;0.274185;-0.050673;,
  0.100638;0.372219;-0.005367;,
  0.051141;0.361928;-0.029401;,
  0.072337;0.462395;0.015306;,
  0.031393;0.446537;-0.011055;,
  0.054368;0.487974;0.015545;,
  0.102341;0.068695;-0.017771;,
  0.122586;0.071471;0.057044;,
  0.056371;0.160565;0.100474;,
  0.007794;0.089746;0.057029;,
  0.062150;0.093029;0.117911;,
  0.005421;0.162632;0.056327;,
  0.007393;0.229586;0.047572;,
  0.050361;0.227925;0.079391;,
  0.004680;0.292242;0.049766;,
  0.053300;0.264069;0.065387;,
  0.024144;0.336839;0.084898;,
  -0.013859;0.361585;0.079090;,
  -0.032158;0.441768;0.107991;,
  0.081316;0.729320;0.017408;,
  -0.044692;0.731272;-0.081588;,
  -0.011226;0.723646;-0.066458;,
  -0.054021;0.709712;-0.080450;,
  -0.012068;0.757093;-0.062124;,
  -0.058487;0.691801;-0.075418;,
  -0.020707;0.658591;-0.066831;,
  -0.066630;0.666198;-0.055241;,
  -0.012377;0.687701;-0.071489;,
  -0.026507;0.789436;-0.038493;,
  -0.081508;0.771495;-0.026062;,
  -0.054669;0.780433;-0.011404;,
  -0.061630;0.770140;-0.051176;,
  -0.089143;0.546199;0.025999;,
  -0.060452;0.557032;0.057343;,
  -0.080931;0.555326;0.022650;,
  -0.062157;0.546617;0.065924;,
  -0.051749;0.547772;-0.024749;,
  -0.073783;0.524187;-0.007899;,
  -0.013563;0.539322;-0.039129;,
  -0.049538;0.498001;-0.023575;,
  -0.019983;0.486190;-0.019099;,
  -0.021960;0.555979;0.076347;,
  -0.024200;0.543285;0.084163;,
  -0.070315;0.656174;0.049028;,
  -0.024831;0.705632;0.066903;,
  -0.075171;0.699653;0.040872;,
  -0.025360;0.662472;0.074203;,
  -0.030645;0.464718;-0.035058;,
  -0.071124;0.369081;-0.071400;,
  -0.077399;0.456021;-0.019600;,
  -0.025012;0.378424;-0.077872;,
  -0.015436;0.283775;-0.115483;,
  -0.060074;0.277826;-0.089965;,
  0.005047;0.458016;0.000326;,
  -0.031162;0.337565;0.023166;,
  0.007024;0.364970;-0.036519;,
  -0.042161;0.442891;0.099214;,
  -0.027983;0.269509;-0.033465;,
  -0.007593;0.272996;-0.068834;,
  -0.099312;0.346322;-0.017708;,
  -0.097432;0.425983;0.030342;,
  -0.064537;0.275146;-0.050681;,
  -0.091953;0.005756;-0.040637;,
  -0.076234;0.008970;0.017455;,
  -0.107462;0.007540;0.002035;,
  -0.050240;0.007463;-0.023842;,
  -0.034213;0.221112;-0.090512;,
  -0.083210;0.154211;-0.064704;,
  -0.074421;0.227235;-0.077828;,
  -0.044925;0.148809;-0.078331;,
  -0.088949;0.075963;-0.047420;,
  -0.058906;0.072368;-0.064750;,
  -0.009073;0.204247;-0.049427;,
  -0.042090;0.163938;-0.005365;,
  -0.028747;0.148505;-0.043021;,
  -0.029899;0.228651;-0.003848;,
  -0.068175;0.088065;-0.013493;,
  -0.054712;0.068282;-0.034201;,
  -0.098253;0.167148;-0.031657;,
  -0.094006;0.241510;-0.034735;,
  -0.089488;0.093827;-0.024445;,
  -0.083001;0.496507;-0.001140;,
  0.005047;0.458016;0.000326;,
  -0.107646;0.500564;0.047437;,
  -0.072455;0.504457;0.090196;,
  -0.101271;0.443517;0.043508;,
  -0.070052;0.448425;0.084832;,
  -0.063720;0.606407;0.051023;,
  -0.090972;0.648161;0.020898;,
  -0.093825;0.648335;0.000390;,
  -0.050434;0.596646;-0.025737;,
  -0.080390;0.601165;0.014644;,
  -0.064602;0.640936;-0.043279;,
  -0.018176;0.634443;-0.058722;,
  -0.016648;0.589950;-0.039955;,
  -0.088501;0.699445;-0.100802;,
  -0.050803;0.702621;-0.062534;,
  -0.111629;0.654462;-0.098249;,
  -0.093971;0.599151;-0.052170;,
  -0.128425;0.606903;-0.085536;,
  -0.069298;0.644265;-0.057090;,
  -0.091262;0.709626;-0.017524;,
  -0.110937;0.663180;-0.009405;,
  -0.069298;0.644265;-0.057090;,
  -0.128847;0.609213;-0.012674;,
  -0.093971;0.599151;-0.052170;,
  -0.101720;0.713974;-0.017878;,
  -0.153307;0.673700;-0.050611;,
  -0.129831;0.717490;-0.052689;,
  -0.163251;0.616847;-0.045895;,
  -0.111834;0.709698;-0.085097;,
  -0.126100;0.589852;-0.097341;,
  -0.090766;0.521185;-0.078632;,
  -0.116330;0.531184;-0.103002;,
  -0.085690;0.578107;-0.058233;,
  -0.095272;0.480941;-0.084193;,
  -0.111446;0.481208;-0.106287;,
  -0.085690;0.578107;-0.058233;,
  -0.136461;0.515700;-0.044634;,
  -0.090766;0.521185;-0.078632;,
  -0.129896;0.571001;-0.013761;,
  -0.130125;0.476263;-0.068742;,
  -0.095272;0.480941;-0.084193;,
  -0.155812;0.523710;-0.063487;,
  -0.170156;0.582744;-0.052581;,
  -0.138694;0.474807;-0.081337;,
  -0.081368;0.400150;-0.056531;,
  -0.129209;0.416057;-0.083270;,
  -0.127714;0.400926;-0.067780;,
  -0.082336;0.415503;-0.072255;,
  -0.074048;0.407439;-0.069308;,
  -0.077952;0.395348;-0.080217;,
  -0.065752;0.402765;-0.076048;,
  -0.081824;0.399493;-0.070788;,
  -0.130598;0.443916;-0.063800;,
  -0.083798;0.421114;-0.094378;,
  -0.082098;0.448901;-0.073549;,
  -0.131888;0.408792;-0.076469;,
  -0.135314;0.401819;-0.094847;,
  -0.139988;0.446747;-0.100341;,
  -0.089581;0.452916;-0.111438;,
  -0.089257;0.414415;-0.112318;,
  -0.088178;0.768692;-0.061455;,
  -0.081266;0.758868;-0.088840;,
  -0.061630;0.770140;-0.051176;,
  -0.049811;0.758302;-0.070617;,
  -0.101869;0.693606;0.011016;,
  -0.026149;0.771780;-0.060995;,
  -0.070565;0.735203;-0.098136;,
  -0.054021;0.709712;-0.080450;,
  -0.071759;0.713676;-0.087499;,
  -0.044692;0.731272;-0.081588;,
  -0.102169;0.733419;-0.011822;,
  -0.103079;0.735573;-0.017709;,
  -0.072111;0.736802;0.020670;,
  -0.019881;0.741071;0.045811;,
  -0.009187;0.780629;0.001907;,
  -0.081508;0.771495;-0.026062;,
  -0.103079;0.735573;-0.017709;,
  -0.070965;0.697359;-0.049230;,
  -0.050803;0.702621;-0.062534;,
  -0.100051;0.724514;-0.023071;,
  -0.091029;0.680580;-0.015887;,
  -0.070933;0.667752;-0.041357;,
  -0.058487;0.691801;-0.075418;,
  -0.102244;0.687482;-0.005422;,
  -0.082098;0.448901;-0.073549;,
  -0.031781;0.790588;-0.063536;,
  -0.027135;0.808625;-0.051045;,
  -0.001135;0.797309;-0.025871;,
  -0.004560;0.822786;-0.048593;,
  -0.089257;0.414415;-0.112318;,
  -0.081368;0.400150;-0.056531;,
  -0.127714;0.400926;-0.067780;,
  -0.074994;0.427081;-0.072703;,
  -0.062784;0.414565;-0.091814;,
  -0.074994;0.427081;-0.072703;,
  -0.086727;0.415459;-0.079342;,
  -0.081584;0.409675;-0.102705;,
  -0.081584;0.409675;-0.102705;,
  -0.074048;0.407439;-0.069308;,
  -0.065752;0.402765;-0.076048;,
  -0.077952;0.395348;-0.080217;,
  -0.064420;0.024245;-0.113520;,
  -0.017238;0.002192;-0.139447;,
  -0.065834;0.002157;-0.121334;,
  -0.019577;0.021069;-0.133323;,
  -0.068875;0.042079;0.007816;,
  -0.050240;0.007463;-0.023842;,
  -0.048390;0.032342;-0.026803;,
  -0.076234;0.008970;0.017455;,
  -0.068175;0.088065;-0.013493;,
  -0.106059;0.043412;-0.010908;,
  -0.089488;0.093827;-0.024445;,
  -0.091953;0.005756;-0.040637;,
  -0.092594;0.040509;-0.045154;,
  -0.107462;0.007540;0.002035;,
  -0.058906;0.072368;-0.064750;,
  -0.088949;0.075963;-0.047420;,
  0.000639;0.019535;-0.111798;,
  0.009615;0.003998;-0.114836;,
  -0.065834;0.002157;-0.121334;,
  0.009615;0.003998;-0.114836;,
  0.007024;0.364970;-0.036519;,
  -0.007593;0.272996;-0.068834;,
  -0.009073;0.204247;-0.049427;,
  -0.028747;0.148505;-0.043021;,
  -0.054712;0.068282;-0.034201;,
  -0.054712;0.068282;-0.034201;,
  -0.042100;0.779070;-0.071327;,
  -0.022163;0.762708;-0.079005;,
  -0.020555;0.778853;-0.073617;,
  -0.032759;0.763413;-0.082647;,
  -0.041120;0.810273;-0.073200;,
  -0.036908;0.833828;-0.070052;,
  -0.062342;0.854933;-0.188634;,
  -0.045249;0.861593;-0.197112;,
  -0.053865;0.776479;-0.163702;,
  -0.059696;0.799993;-0.180902;,
  -0.037471;0.774020;-0.171313;,
  -0.044938;0.771205;-0.098378;,
  -0.056196;0.796871;-0.088398;,
  -0.044344;0.792918;-0.074803;,
  -0.068762;0.830455;-0.103825;,
  -0.072413;0.818319;-0.124835;,
  -0.074679;0.814239;-0.172689;,
  -0.066879;0.795559;-0.138757;,
  -0.083743;0.834866;-0.156181;,
  -0.067602;0.845997;-0.097542;,
  -0.060120;0.869033;-0.094145;,
  -0.023512;0.886336;-0.098168;,
  -0.069397;0.887324;-0.138096;,
  -0.039024;0.903186;-0.141816;,
  -0.059908;0.783306;-0.120959;,
  -0.044506;0.764773;-0.134982;,
  -0.032894;0.756590;-0.101952;,
  -0.011064;0.736134;-0.094337;,
  -0.061824;0.818972;-0.191275;,
  -0.077571;0.845393;-0.175579;,
  -0.082760;0.867736;-0.143638;,
  -0.075622;0.873419;-0.165516;,
  -0.045626;0.891720;-0.174952;,
  -0.061167;0.885114;-0.170234;,
  -0.010883;0.855041;-0.076366;,
  -0.082760;0.867736;-0.143638;,
  -0.075622;0.873419;-0.165516;,
  -0.062989;0.796653;-0.089197;,
  -0.083384;0.829836;-0.116551;,
  -0.070549;0.816573;-0.107480;,
  -0.081976;0.824440;-0.095998;,
  -0.081976;0.824440;-0.095998;,
  -0.062989;0.796653;-0.089197;,
  -0.083384;0.829836;-0.116551;,
  -0.072413;0.818319;-0.124835;,
  -0.064929;0.798987;-0.110566;,
  -0.056196;0.796871;-0.088398;,
  -0.051519;0.777576;-0.151782;,
  -0.064929;0.798987;-0.110566;,
  -0.026149;0.771780;-0.060995;,
  -0.031781;0.790588;-0.063536;,
  -0.049811;0.758302;-0.070617;,
  -0.041120;0.810273;-0.073200;,
  -0.034412;0.502737;0.108168;,
  -0.034936;0.468560;0.111055;,
  -0.023187;0.429095;0.097564;,
  -0.007751;0.442181;0.054068;,
  -0.061167;0.885114;-0.170234;,
  -0.045626;0.891720;-0.174952;,
  -0.021966;0.750027;-0.121019;,
  -0.022275;0.759186;-0.144209;,
  -0.019297;0.753375;-0.137098;,
  -0.032593;0.776587;-0.159518;,
  -0.022570;0.609051;0.074291;,
  -0.049811;0.758302;-0.070617;,
  -0.017238;0.002192;-0.139447;,
  -0.019249;0.746524;-0.116112;,
  -0.011331;0.741395;-0.120835;,
  -0.012733;0.747064;-0.122256;,
  -0.013778;0.745598;-0.128209;,
  -0.100051;0.724514;-0.023071;,
  -0.072911;0.706817;-0.034005;,
  -0.070965;0.697359;-0.049230;,
  -0.058487;0.691801;-0.075418;,
  -0.067602;0.845997;-0.097542;,
  0.024468;0.216368;-0.086024;,
  0.058106;0.139313;-0.062254;,
  0.014618;0.140179;-0.083778;,
  0.053622;0.216357;-0.064452;,
  0.023685;0.281249;-0.094672;,
  0.053023;0.276806;-0.070913;,
  0.021319;0.367561;-0.052998;,
  0.037208;0.358364;-0.040480;,
  0.015833;0.451068;-0.021719;,
  0.023976;0.439379;-0.014942;,
  0.021774;0.477482;-0.011115;,
  -0.019983;0.486190;-0.019099;,
  0.063624;0.073661;-0.063850;,
  0.012627;0.068209;-0.083113;,
  -0.055874;0.087084;0.028066;,
  -0.098253;0.167148;-0.031657;,
  -0.089476;0.093827;-0.024438;,
  -0.048327;0.161130;0.017856;,
  -0.094006;0.241510;-0.034735;,
  -0.043733;0.227661;0.006560;,
  -0.035739;0.265174;-0.000899;,
  -0.064537;0.275146;-0.050681;,
  -0.099312;0.346322;-0.017708;,
  -0.037382;0.330862;0.038093;,
  -0.034936;0.468560;0.111055;,
  -0.070052;0.448425;0.084832;,
  -0.072911;0.706817;-0.034005;,
  -0.030645;0.464718;-0.035058;,
  -0.025012;0.378424;-0.077872;,
  -0.015436;0.283775;-0.115483;,
  -0.034213;0.221112;-0.090512;,
  -0.044925;0.148809;-0.078331;,
  -0.058906;0.072368;-0.064750;,
  0.106119;0.352583;0.093400;,
  0.008300;0.452373;0.124221;,
  0.068080;0.432727;0.112592;,
  0.107929;0.274939;0.055381;,
  0.117432;0.242758;0.090166;,
  0.120413;0.169042;0.100852;,
  0.109725;0.094571;0.104968;,
  -0.097432;0.425983;0.030342;;
  916;
  3;0,1,2;,
  3;1,0,3;,
  3;4,5,6;,
  3;5,4,7;,
  3;8,9,10;,
  3;9,8,11;,
  3;12,13,14;,
  3;13,12,15;,
  3;16,12,17;,
  3;12,16,15;,
  3;18,19,20;,
  3;19,18,16;,
  3;6,21,22;,
  3;21,6,5;,
  3;14,23,24;,
  3;23,14,13;,
  3;25,26,27;,
  3;26,25,28;,
  3;29,30,31;,
  3;30,29,32;,
  3;30,33,31;,
  3;33,30,34;,
  3;35,36,37;,
  3;36,35,38;,
  3;38,39,36;,
  3;39,38,40;,
  3;37,41,42;,
  3;41,37,36;,
  3;36,43,41;,
  3;43,36,39;,
  3;42,30,32;,
  3;30,42,41;,
  3;41,34,30;,
  3;34,41,43;,
  3;44,45,46;,
  3;45,44,47;,
  3;48,49,50;,
  3;49,48,51;,
  3;50,52,53;,
  3;52,50,49;,
  3;54,55,56;,
  3;55,54,57;,
  3;57,58,55;,
  3;58,57,59;,
  3;56,60,61;,
  3;60,56,55;,
  3;55,62,60;,
  3;62,55,58;,
  3;61,49,51;,
  3;49,61,60;,
  3;60,52,49;,
  3;52,60,62;,
  3;32,19,63;,
  3;19,32,29;,
  3;64,65,66;,
  3;65,64,20;,
  3;14,67,12;,
  3;67,14,68;,
  3;68,69,67;,
  3;69,68,70;,
  3;70,42,69;,
  3;42,70,37;,
  3;48,34,51;,
  3;34,48,33;,
  3;51,43,61;,
  3;43,51,34;,
  3;43,56,61;,
  3;56,43,39;,
  3;39,54,56;,
  3;54,39,40;,
  3;12,63,17;,
  3;63,12,67;,
  3;67,32,63;,
  3;32,67,69;,
  3;69,42,32;,
  3;71,72,25;,
  3;73,74,75;,
  3;74,73,76;,
  3;74,77,75;,
  3;77,74,78;,
  3;79,78,80;,
  3;78,79,77;,
  3;81,82,83;,
  3;82,84,85;,
  3;84,82,86;,
  3;87,88,89;,
  3;88,90,89;,
  3;90,88,91;,
  3;92,93,94;,
  3;92,89,93;,
  3;92,87,89;,
  3;89,95,93;,
  3;95,89,90;,
  3;96,93,82;,
  3;93,86,82;,
  3;86,93,95;,
  3;97,98,99;,
  3;98,97,100;,
  3;100,101,98;,
  3;101,100,102;,
  3;103,104,105;,
  3;104,103,106;,
  3;106,107,104;,
  3;107,106,108;,
  3;105,109,110;,
  3;109,105,104;,
  3;104,111,109;,
  3;111,104,107;,
  3;110,100,97;,
  3;100,110,109;,
  3;109,102,100;,
  3;102,109,111;,
  3;112,113,114;,
  3;113,112,115;,
  3;116,117,118;,
  3;117,116,119;,
  3;120,121,122;,
  3;121,120,123;,
  3;120,124,125;,
  3;124,120,122;,
  3;126,124,127;,
  3;124,126,125;,
  3;95,97,86;,
  3;97,95,110;,
  3;86,99,84;,
  3;99,86,97;,
  3;90,103,105;,
  3;103,90,91;,
  3;105,95,90;,
  3;95,105,110;,
  3;128,96,129;,
  3;96,128,94;,
  3;129,130,128;,
  3;130,129,131;,
  3;72,28,25;,
  3;28,72,132;,
  3;10,133,8;,
  3;134,135,136;,
  3;135,134,137;,
  3;81,137,134;,
  3;138,11,139;,
  3;138,9,11;,
  3;138,140,9;,
  3;141,11,142;,
  3;11,141,139;,
  3;128,130,143;,
  3;94,144,92;,
  3;94,143,144;,
  3;94,128,143;,
  3;145,87,146;,
  3;87,145,147;,
  3;75,148,73;,
  3;148,75,149;,
  3;150,147,145;,
  3;7,149,75;,
  3;148,151,73;,
  3;102,152,101;,
  3;152,102,126;,
  3;102,125,126;,
  3;125,102,111;,
  3;111,120,125;,
  3;120,111,107;,
  3;120,108,123;,
  3;108,120,107;,
  3;8,153,154;,
  3;153,8,133;,
  3;154,155,8;,
  3;155,154,156;,
  3;122,114,113;,
  3;114,122,121;,
  3;121,112,114;,
  3;112,121,157;,
  3;158,124,159;,
  3;124,158,127;,
  3;159,122,113;,
  3;122,159,124;,
  3;126,160,152;,
  3;160,126,161;,
  3;162,121,123;,
  3;121,162,163;,
  3;121,164,157;,
  3;164,121,163;,
  3;165,126,127;,
  3;126,165,161;,
  3;161,166,160;,
  3;166,161,167;,
  3;162,118,163;,
  3;118,162,116;,
  3;163,117,164;,
  3;117,163,118;,
  3;165,167,161;,
  3;167,165,168;,
  3;169,170,171;,
  3;170,169,172;,
  3;173,174,175;,
  3;174,173,176;,
  3;177,178,179;,
  3;178,177,173;,
  3;180,178,181;,
  3;178,180,182;,
  3;183,169,171;,
  3;169,183,184;,
  3;174,185,186;,
  3;185,174,176;,
  3;46,187,44;,
  3;187,46,188;,
  3;180,169,182;,
  3;169,180,172;,
  3;20,29,65;,
  3;19,29,20;,
  3;29,31,189;,
  3;31,190,189;,
  3;190,31,33;,
  3;33,191,190;,
  3;191,33,48;,
  3;191,50,192;,
  3;50,191,48;,
  3;192,53,193;,
  3;53,192,50;,
  3;194,171,185;,
  3;171,194,183;,
  3;171,186,185;,
  3;186,171,170;,
  3;185,176,194;,
  3;194,173,177;,
  3;173,194,176;,
  3;178,175,181;,
  3;175,178,173;,
  3;179,182,184;,
  3;182,179,178;,
  3;182,169,184;,
  3;16,17,19;,
  3;17,63,19;,
  3;65,195,66;,
  3;196,197,198;,
  3;197,196,199;,
  3;200,154,153;,
  3;154,200,201;,
  3;202,203,204;,
  3;205,206,207;,
  3;196,208,209;,
  3;208,196,198;,
  3;210,209,211;,
  3;209,210,196;,
  3;212,213,214;,
  3;213,212,215;,
  3;212,214,211;,
  3;201,216,217;,
  3;216,201,200;,
  3;218,219,220;,
  3;219,218,217;,
  3;210,199,196;,
  3;213,205,207;,
  3;221,222,223;,
  3;198,197,224;,
  3;224,225,226;,
  3;225,224,197;,
  3;227,213,207;,
  3;228,229,214;,
  3;229,228,230;,
  3;220,231,232;,
  3;213,228,214;,
  3;156,201,233;,
  3;201,156,154;,
  3;233,217,218;,
  3;217,233,201;,
  3;219,217,234;,
  3;235,219,234;,
  3;236,237,238;,
  3;237,236,239;,
  3;209,240,211;,
  3;240,209,241;,
  3;211,242,212;,
  3;242,211,240;,
  3;243,239,244;,
  3;239,243,237;,
  3;244,236,245;,
  3;236,244,239;,
  3;246,221,223;,
  3;221,246,215;,
  3;221,212,247;,
  3;212,221,215;,
  3;199,248,2;,
  3;248,199,249;,
  3;133,10,250;,
  3;249,210,251;,
  3;210,249,199;,
  3;210,211,251;,
  3;252,1,253;,
  3;1,252,2;,
  3;20,254,18;,
  3;254,20,64;,
  3;24,68,14;,
  3;68,24,255;,
  3;68,256,70;,
  3;256,68,255;,
  3;256,37,70;,
  3;37,256,257;,
  3;258,2,252;,
  3;2,258,199;,
  3;257,259,37;,
  3;37,259,35;,
  3;260,204,261;,
  3;204,260,202;,
  3;262,263,223;,
  3;263,262,264;,
  3;197,258,225;,
  3;258,197,199;,
  3;265,203,227;,
  3;265,207,266;,
  3;207,265,227;,
  3;223,267,246;,
  3;267,223,263;,
  3;88,87,147;,
  3;83,82,85;,
  3;78,16,18;,
  3;16,78,74;,
  3;74,15,16;,
  3;15,74,76;,
  3;15,71,13;,
  3;71,15,76;,
  3;13,268,23;,
  3;268,13,71;,
  3;248,269,2;,
  3;2,269,0;,
  3;136,129,134;,
  3;129,136,131;,
  3;134,96,81;,
  3;96,134,129;,
  3;96,82,81;,
  3;93,96,94;,
  3;29,189,65;,
  3;205,215,246;,
  3;267,205,246;,
  3;205,267,206;,
  3;205,213,215;,
  3;187,188,270;,
  3;224,271,272;,
  3;222,221,208;,
  3;224,222,198;,
  3;272,273,262;,
  3;273,272,271;,
  3;263,274,275;,
  3;273,276,262;,
  3;277,271,278;,
  3;271,277,273;,
  3;222,272,262;,
  3;272,222,224;,
  3;222,208,198;,
  3;209,221,247;,
  3;221,209,208;,
  3;223,222,262;,
  3;266,206,279;,
  3;206,266,207;,
  3;206,280,279;,
  3;280,206,267;,
  3;280,263,275;,
  3;263,280,267;,
  3;264,262,276;,
  3;76,73,72;,
  3;138,281,140;,
  3;73,132,72;,
  3;132,73,151;,
  3;72,71,76;,
  3;271,226,278;,
