xof 0303txt 0032
template ColorRGBA {
 <35ff44e0-6c7c-11cf-8f52-0040333594a3>
 FLOAT red;
 FLOAT green;
 FLOAT blue;
 FLOAT alpha;
}

template ColorRGB {
 <d3e16e81-7835-11cf-8f52-0040333594a3>
 FLOAT red;
 FLOAT green;
 FLOAT blue;
}

template Material {
 <3d82ab4d-62da-11cf-ab39-0020af71e433>
 ColorRGBA faceColor;
 FLOAT power;
 ColorRGB specularColor;
 ColorRGB emissiveColor;
 [...]
}

template TextureFilename {
 <a42790e1-7810-11cf-8f52-0040333594a3>
 STRING filename;
}

template Frame {
 <3d82ab46-62da-11cf-ab39-0020af71e433>
 [...]
}

template Matrix4x4 {
 <f6f23f45-7686-11cf-8f52-0040333594a3>
 array FLOAT matrix[16];
}

template FrameTransformMatrix {
 <f6f23f41-7686-11cf-8f52-0040333594a3>
 Matrix4x4 frameMatrix;
}

template Vector {
 <3d82ab5e-62da-11cf-ab39-0020af71e433>
 FLOAT x;
 FLOAT y;
 FLOAT z;
}

template MeshFace {
 <3d82ab5f-62da-11cf-ab39-0020af71e433>
 DWORD nFaceVertexIndices;
 array DWORD faceVertexIndices[nFaceVertexIndices];
}

template Mesh {
 <3d82ab44-62da-11cf-ab39-0020af71e433>
 DWORD nVertices;
 array Vector vertices[nVertices];
 DWORD nFaces;
 array MeshFace faces[nFaces];
 [...]
}

template MeshMaterialList {
 <f6f23f42-7686-11cf-8f52-0040333594a3>
 DWORD nMaterials;
 DWORD nFaceIndexes;
 array DWORD faceIndexes[nFaceIndexes];
 [Material <3d82ab4d-62da-11cf-ab39-0020af71e433>]
}

template VertexElement {
 <f752461c-1e23-48f6-b9f8-8350850f336f>
 DWORD Type;
 DWORD Method;
 DWORD Usage;
 DWORD UsageIndex;
}

template DeclData {
 <bf22e553-292c-4781-9fea-62bd554bdd93>
 DWORD nElements;
 array VertexElement Elements[nElements];
 DWORD nDWords;
 array DWORD data[nDWords];
}

template XSkinMeshHeader {
 <3cf169ce-ff7c-44ab-93c0-f78f62d172e2>
 WORD nMaxSkinWeightsPerVertex;
 WORD nMaxSkinWeightsPerFace;
 WORD nBones;
}

template SkinWeights {
 <6f0d123b-bad2-4167-a0d0-80224f25fabb>
 STRING transformNodeName;
 DWORD nWeights;
 array DWORD vertexIndices[nWeights];
 array FLOAT weights[nWeights];
 Matrix4x4 matrixOffset;
}

template AnimTicksPerSecond {
 <9e415a43-7ba6-4a73-8743-b73d47e88476>
 DWORD AnimTicksPerSecond;
}

template Animation {
 <3d82ab4f-62da-11cf-ab39-0020af71e433>
 [...]
}

template AnimationSet {
 <3d82ab50-62da-11cf-ab39-0020af71e433>
 [Animation <3d82ab4f-62da-11cf-ab39-0020af71e433>]
}

template FloatKeys {
 <10dd46a9-775b-11cf-8f52-0040333594a3>
 DWORD nValues;
 array FLOAT values[nValues];
}

template TimedFloatKeys {
 <f406b180-7b3b-11cf-8f52-0040333594a3>
 DWORD time;
 FloatKeys tfkeys;
}

template AnimationKey {
 <10dd46a8-775b-11cf-8f52-0040333594a3>
 DWORD keyType;
 DWORD nKeys;
 array TimedFloatKeys keys[nKeys];
}


Material _03_-_Default {
 1.000000;1.000000;1.000000;1.000000;;
 9.999999;
 0.000000;0.000000;0.000000;;
 0.000000;0.000000;0.000000;;

 TextureFilename {
  "MaleBody_full.png";
 }
}

Frame Dummy01 {
 

 FrameTransformMatrix {
  1.000000,0.000000,0.000000,0.000000,0.000000,-0.000000,-1.000000,0.000000,0.000000,1.000000,-0.000000,0.000000,0.000000,0.000000,0.000000,1.000000;;
 }

 Frame Bip01 {
  

  FrameTransformMatrix {
   0.405711,0.913083,0.040965,0.000000,-0.062811,-0.016861,0.997883,0.000000,0.911841,-0.407425,0.050512,0.000000,0.029235,0.181067,0.449911,1.000000;;
  }

  Frame Bip01_Pelvis {
   

   FrameTransformMatrix {
    0.002862,0.998791,0.049075,0.000000,0.087049,-0.049138,0.994992,0.000000,0.996200,0.001425,-0.087085,0.000000,0.000000,0.000000,0.000000,1.000000;;
   }

   Frame Bip01_Spine {
    

    FrameTransformMatrix {
     0.996026,-0.063257,-0.062699,0.000000,0.068276,0.994338,0.081426,0.000000,0.057193,-0.085383,0.994705,0.000000,0.051566,-0.002530,-0.000011,1.000000;;
    }

    Frame Bip01_Spine1 {
     

     FrameTransformMatrix {
      0.997934,-0.037657,-0.052056,0.000000,0.042516,0.994508,0.095637,0.000000,0.048169,-0.097652,0.994054,0.000000,0.106476,0.000008,-0.000084,1.000000;;
     }

     Frame Bip01_Neck {
      

      FrameTransformMatrix {
       0.749105,0.099735,0.654900,0.000000,-0.066740,0.994934,-0.075178,0.000000,-0.659081,0.012609,0.751967,0.000000,0.130522,-0.000000,0.004632,1.000000;;
      }

      Frame Bip01_Head {
       

       FrameTransformMatrix {
        0.826123,-0.064071,-0.559835,0.000000,0.110387,0.992666,0.049287,0.000000,0.552572,-0.102516,0.827137,0.000000,0.033674,0.000000,0.000000,1.000000;;
       }

       Frame Bip01_HeadNub {
        

        FrameTransformMatrix {
         1.000000,-0.000000,0.000000,0.000000,0.000000,1.000000,0.000000,0.000000,0.000000,0.000000,1.000000,0.000000,0.169824,-0.000000,-0.000000,1.000000;;
        }
       }
      }

      Frame Bip01_L_Clavicle {
       

       FrameTransformMatrix {
        -0.116594,0.973681,-0.195835,0.000000,0.746097,-0.044280,-0.664363,0.000000,-0.655549,-0.223573,-0.721298,0.000000,-0.019476,0.017588,0.012561,1.000000;;
       }

       Frame Bip01_L_UpperArm {
        

        FrameTransformMatrix {
         0.477171,-0.697385,-0.534755,0.000000,0.870341,0.290733,0.397469,0.000000,-0.121718,-0.655080,0.745691,0.000000,0.087086,0.000000,0.000000,1.000000;;
        }

        Frame Bip01_L_Forearm {
         

         FrameTransformMatrix {
          -0.413595,0.000000,-0.910461,0.000000,0.000000,1.000000,0.000000,0.000000,0.910461,-0.000000,-0.413595,0.000000,0.137062,-0.000000,0.000000,1.000000;;
         }

         Frame Bip01_L_Hand {
          

          FrameTransformMatrix {
           0.912736,0.293300,-0.284408,0.000000,0.097104,0.520449,0.848354,0.000000,0.396842,-0.801940,0.446552,0.000000,0.137062,0.000000,0.000000,1.000000;;
          }

          Frame Bip01_L_Finger0 {
           

           FrameTransformMatrix {
            0.055592,-0.466969,0.882525,0.000000,0.888218,0.426851,0.169908,0.000000,-0.456048,0.774429,0.438500,0.000000,0.057681,-0.023605,-0.000272,1.000000;;
           }

           Frame Bip01_L_Finger0Nub {
            

            FrameTransformMatrix {
             1.000000,0.000000,0.000000,0.000000,-0.000000,1.000000,-0.000000,0.000000,-0.000000,-0.000000,1.000000,0.000000,0.029435,0.000000,0.000000,1.000000;;
            }
           }
          }

          Frame Bip01_L_Finger1 {
           

           FrameTransformMatrix {
            0.640218,-0.000612,0.768193,0.000000,0.000000,1.000000,0.000796,0.000000,-0.768193,-0.000510,0.640218,0.000000,0.084102,0.000000,0.000000,1.000000;;
           }

           Frame Bip01_L_Finger1Nub {
            

            FrameTransformMatrix {
             1.000000,0.000000,-0.000000,0.000000,-0.000000,1.000000,-0.000000,0.000000,0.000000,0.000000,1.000000,0.000000,0.047988,0.000000,0.000000,1.000000;;
            }
           }
          }
         }
        }
       }
      }

      Frame Bip01_R_Clavicle {
       

       FrameTransformMatrix {
        0.189399,-0.788523,-0.585115,0.000000,-0.784247,-0.480050,0.393076,0.000000,-0.590834,0.384426,-0.709318,0.000000,-0.022611,-0.013682,0.012165,1.000000;;
       }

       Frame Bip01_R_UpperArm {
        

        FrameTransformMatrix {
         0.806497,-0.262956,-0.529544,0.000000,-0.489104,0.206474,-0.847435,0.000000,0.332175,0.942456,0.037908,0.000000,0.087086,-0.000000,0.000000,1.000000;;
        }

        Frame Bip01_R_Forearm {
         

         FrameTransformMatrix {
          0.107803,0.000000,-0.994172,0.000000,0.000000,1.000000,0.000000,0.000000,0.994172,-0.000000,0.107803,0.000000,0.137062,0.000000,0.000000,1.000000;;
         }

         Frame Bip01_R_Hand {
          

          FrameTransformMatrix {
           0.943899,-0.323812,0.064811,0.000000,0.127585,0.176564,-0.975985,0.000000,0.304593,0.929500,0.207972,0.000000,0.137062,-0.000000,0.000000,1.000000;;
          }

          Frame Bip01_R_Finger0 {
           

           FrameTransformMatrix {
            0.031581,0.079742,0.996316,0.000000,-0.664963,0.745877,-0.038619,0.000000,-0.746208,-0.661294,0.076581,0.000000,0.057681,0.023605,-0.000272,1.000000;;
           }

           Frame Bip01_R_Finger0Nub {
            

            FrameTransformMatrix {
             -1.000000,-0.000000,0.000000,0.000000,-0.000000,1.000001,0.000000,0.000000,0.000000,0.000000,-1.000000,0.000000,0.029435,0.000000,0.000000,1.000000;;
            }
           }
          }

          Frame Bip01_R_Finger1 {
           

           FrameTransformMatrix {
            0.530145,0.000675,0.847907,0.000000,0.000000,1.000000,-0.000796,0.000000,-0.847907,0.000422,0.530145,0.000000,0.084102,0.000000,0.000000,1.000000;;
           }

           Frame Bip01_R_Finger1Nub {
            

            FrameTransformMatrix {
             -1.000000,0.000000,-0.000000,0.000000,-0.000000,1.000000,0.000000,0.000000,-0.000000,0.000000,-1.000000,0.000000,0.047988,0.000000,0.000000,1.000000;;
            }
           }
          }
         }
        }
       }
      }
     }

     Frame Bip01_BackPack {
      

      FrameTransformMatrix {
       0.180560,0.080500,-0.980264,0.000000,0.047560,0.994765,0.090451,0.000000,0.982414,-0.062954,0.175786,0.000000,0.063697,0.000003,-0.088856,1.000000;;
      }

      Frame Bip01_BackPackNub {
       

       FrameTransformMatrix {
        0.000796,0.000003,1.000000,0.000000,0.000000,-1.000000,0.000003,0.000000,1.000000,0.000000,-0.000796,0.000000,0.053240,0.000000,0.000000,1.000000;;
       }
      }
     }
    }

    Frame Bip01_L_Thigh {
     

     FrameTransformMatrix {
      -0.920090,0.149117,-0.362213,0.000000,-0.152144,-0.988149,-0.020332,0.000000,-0.360953,0.036402,0.931873,0.000000,-0.055015,0.053908,-0.007870,1.000000;;
     }

     Frame Bip01_L_Calf {
      

      FrameTransformMatrix {
       0.854798,0.000000,-0.518961,0.000000,-0.000000,1.000000,-0.000000,0.000000,0.518961,-0.000000,0.854798,0.000000,0.237500,0.000000,0.000000,1.000000;;
      }

      Frame Bip01_L_Foot {
       

       FrameTransformMatrix {
        0.979581,-0.175784,0.097578,0.000000,0.160726,0.976261,0.145193,0.000000,-0.120784,-0.126544,0.984580,0.000000,0.206841,0.000000,0.000000,1.000000;;
       }

       Frame Bip01_L_Toe0 {
        

        FrameTransformMatrix {
         -0.507614,-0.288602,0.811811,0.000000,-0.523008,0.851986,-0.024145,0.000000,-0.684683,-0.436840,-0.583421,0.000000,0.065373,0.000000,0.066450,1.000000;;
        }

        Frame Bip01_L_Toe0Nub {
         

         FrameTransformMatrix {
          -1.000000,0.000000,0.000000,0.000000,-0.000000,1.000000,-0.000000,0.000000,-0.000000,-0.000000,-1.000000,0.000000,0.006735,0.000000,0.000000,1.000000;;
         }
        }
       }
      }
     }
    }

    Frame Bip01_R_Thigh {
     

     FrameTransformMatrix {
      -0.960750,-0.033130,-0.275429,0.000000,-0.050851,-0.954989,0.292251,0.000000,-0.272714,0.294786,0.915821,0.000000,-0.048028,-0.055917,0.001561,1.000000;;
     }

     Frame Bip01_R_Calf {
      

      FrameTransformMatrix {
       0.873663,-0.000000,-0.486532,0.000000,0.000000,1.000000,-0.000000,0.000000,0.486532,-0.000000,0.873663,0.000000,0.237500,-0.000000,0.000000,1.000000;;
      }

      Frame Bip01_R_Foot {
       

       FrameTransformMatrix {
        0.854948,-0.505561,0.116067,0.000000,0.290199,0.651646,0.700815,0.000000,-0.429940,-0.565478,0.703837,0.000000,0.206841,0.000000,0.000000,1.000000;;
       }

       Frame Bip01_R_Toe0 {
        

        FrameTransformMatrix {
         -0.063266,-0.059950,0.996195,0.000000,-0.687824,0.725877,0.000000,0.000000,-0.723115,-0.685207,-0.087159,0.000000,0.065373,0.000000,0.066450,1.000000;;
        }

        Frame Bip01_R_Toe0Nub {
         

         FrameTransformMatrix {
          1.000000,0.000000,0.000000,0.000000,-0.000000,1.000000,-0.000000,0.000000,0.000000,0.000000,1.000000,0.000000,0.006735,-0.000000,-0.000000,1.000000;;
         }
        }
       }
      }
     }
    }
   }

   Frame Bip01_DressFront {
    

    FrameTransformMatrix {
     -0.977766,0.040822,-0.205685,0.000000,0.037281,0.999083,0.021066,0.000000,0.206356,0.012929,-0.978392,0.000000,-0.044032,0.001397,0.061084,1.000000;;
    }

    Frame Bip01_DressFront02 {
     

     FrameTransformMatrix {
      0.991725,0.004842,0.128288,0.000000,-0.025157,0.987244,0.157217,0.000000,-0.125890,-0.159143,0.979196,0.000000,0.183341,0.000021,-0.000129,1.000000;;
     }

     Frame Bip01_DressFrontNub {
      

      FrameTransformMatrix {
       0.000796,0.000003,1.000000,0.000000,0.000000,-1.000000,0.000003,0.000000,1.000000,-0.000000,-0.000796,0.000000,0.165302,0.000000,0.000000,1.000000;;
      }
     }
    }
   }

   Frame Bip01_DressBack {
    

    FrameTransformMatrix {
     -0.959406,0.111907,-0.258879,0.000000,0.086479,0.990421,0.107643,0.000000,0.268445,0.080885,-0.959893,0.000000,-0.047770,-0.000011,-0.078285,1.000000;;
    }

    Frame Bip01_DressBack02 {
     

     FrameTransformMatrix {
      0.979486,-0.021226,0.200392,0.000000,-0.000963,0.993933,0.109986,0.000000,-0.201511,-0.107923,0.973522,0.000000,0.176181,0.000012,-0.000106,1.000000;;
     }

     Frame Bip01_DressBackNub {
      

      FrameTransformMatrix {
       0.000796,0.000003,1.000000,0.000000,0.000000,-1.000000,0.000003,0.000000,1.000000,-0.000000,-0.000796,0.000000,0.136508,0.000000,0.000000,1.000000;;
      }
     }
    }
   }
  }

  Frame Bip01_Prop1 {
   

   FrameTransformMatrix {
    0.422404,-0.045727,-0.905253,0.000000,0.725946,-0.580963,0.368083,0.000000,-0.542750,-0.812645,-0.212206,0.000000,-0.001701,0.496408,-0.105914,1.000000;;
   }
  }

  Frame Bip01_Prop2 {
   

   FrameTransformMatrix {
    0.190957,-0.913827,0.358409,0.000000,0.980104,0.157360,-0.120972,0.000000,0.054148,0.374378,0.925694,0.000000,0.110696,0.308295,0.155088,1.000000;;
   }
  }
 }
}

Frame Translation_Data {
 

 FrameTransformMatrix {
  1.000000,0.000000,0.000000,0.000000,0.000000,-0.000000,-1.000000,0.000000,0.000000,1.000000,-0.000000,0.000000,0.000000,0.000000,0.000000,1.000000;;
 }
}

Frame Body {
 

 FrameTransformMatrix {
  1.000000,0.000000,0.000000,0.000000,0.000000,1.000000,0.000000,0.000000,0.000000,0.000000,1.000000,0.000000,0.000000,0.000000,0.000000,1.000000;;
 }

 Mesh Body {
  617;
  0.072558;0.729515;-0.164183;,
  0.037789;0.715091;-0.185668;,
  0.026080;0.739923;-0.165942;,
  0.086528;0.711697;-0.169747;,
  0.093087;0.697319;-0.182493;,
  0.072442;0.657916;-0.214180;,
  0.052297;0.688834;-0.206132;,
  0.102945;0.659318;-0.177011;,
  0.018849;0.754079;-0.126510;,
  0.063570;0.730690;-0.096565;,
  0.052285;0.740380;-0.116995;,
  0.035288;0.730878;-0.096856;,
  0.094680;0.498179;-0.115762;,
  0.050827;0.504960;-0.111721;,
  0.047777;0.492357;-0.106348;,
  0.089518;0.509341;-0.122159;,
  0.101718;0.513177;-0.176859;,
  0.108887;0.484403;-0.154206;,
  0.084919;0.509841;-0.214844;,
  0.104972;0.461192;-0.188184;,
  0.081261;0.452937;-0.206266;,
  0.021070;0.651858;-0.231303;,
  0.012316;0.685917;-0.214986;,
  0.010177;0.502028;-0.125205;,
  0.008180;0.487897;-0.120373;,
  0.054376;0.598812;-0.098297;,
  -0.001459;0.629369;-0.093423;,
  0.002863;0.593909;-0.104832;,
  0.054594;0.638592;-0.087289;,
  0.099433;0.402370;-0.191800;,
  0.144830;0.322014;-0.119712;,
  0.117007;0.308394;-0.155710;,
  0.121323;0.414756;-0.148062;,
  0.129064;0.213250;-0.124006;,
  0.142880;0.237131;-0.079823;,
  0.047233;0.397121;-0.180457;,
  0.048210;0.327627;-0.073169;,
  0.020110;0.385577;-0.116334;,
  0.064355;0.305478;-0.144023;,
  0.080016;0.244751;-0.062277;,
  0.090265;0.223377;-0.096159;,
  0.126036;0.341043;-0.060720;,
  0.099888;0.406591;-0.092197;,
  0.118549;0.255006;-0.053651;,
  0.132990;0.060057;0.126400;,
  0.077970;0.069918;0.148933;,
  0.094895;0.038821;0.115319;,
  0.108728;0.084827;0.155768;,
  0.121712;0.180686;-0.063670;,
  0.135636;0.154093;0.017825;,
  0.117251;0.130010;-0.009791;,
  0.142171;0.205644;-0.035857;,
  0.122831;0.100630;0.074124;,
  0.115020;0.077045;0.049926;,
  0.074298;0.175549;-0.045504;,
  0.065454;0.173139;0.022115;,
  0.058972;0.222946;-0.020498;,
  0.081140;0.139275;0.001107;,
  0.083795;0.113835;0.074599;,
  0.092072;0.080007;0.069254;,
  0.124238;0.184504;0.038585;,
  0.127151;0.243143;-0.007351;,
  0.105906;0.123888;0.076604;,
  0.113465;0.455398;-0.148325;,
  0.046455;0.445509;-0.231098;,
  0.047233;0.397121;-0.180457;,
  0.042489;0.410507;-0.219044;,
  0.097550;0.448094;-0.096586;,
  0.042459;0.445631;-0.090191;,
  0.096154;0.411237;-0.095386;,
  0.045520;0.410010;-0.090709;,
  0.055568;0.552897;-0.111349;,
  0.088716;0.603340;-0.109364;,
  0.102398;0.612230;-0.122893;,
  0.095512;0.569226;-0.178879;,
  0.105639;0.623870;-0.175809;,
  0.092066;0.559830;-0.128545;,
  0.079187;0.624322;-0.217827;,
  0.080221;0.567834;-0.213045;,
  0.028729;0.620236;-0.234884;,
  0.034493;0.559855;-0.229575;,
  0.136646;0.733895;-0.128511;,
  0.176823;0.705063;-0.139443;,
  0.098147;0.725991;-0.165267;,
  0.173702;0.652055;-0.187941;,
  0.144645;0.693262;-0.188588;,
  0.202109;0.662324;-0.150051;,
  0.082986;0.671121;-0.143557;,
  0.144645;0.693262;-0.188588;,
  0.119742;0.639418;-0.159498;,
  0.179661;0.617692;-0.187897;,
  0.173702;0.652055;-0.187941;,
  0.084028;0.667015;-0.133046;,
  0.151726;0.651337;-0.110115;,
  0.112016;0.679617;-0.100301;,
  0.208224;0.627944;-0.150320;,
  0.129202;0.712141;-0.109340;,
  0.188226;0.679588;-0.139230;,
  0.165055;0.727129;-0.198531;,
  0.152266;0.669890;-0.182970;,
  0.187423;0.730982;-0.169683;,
  0.175463;0.764242;-0.217835;,
  0.190270;0.773002;-0.196496;,
  0.152266;0.669890;-0.182970;,
  0.212782;0.707202;-0.223006;,
  0.198651;0.643889;-0.216049;,
  0.165055;0.727129;-0.198531;,
  0.211419;0.756521;-0.229207;,
  0.175463;0.764242;-0.217835;,
  0.229624;0.710002;-0.200588;,
  0.234230;0.653633;-0.172447;,
  0.219447;0.761303;-0.216811;,
  0.166842;0.885586;-0.233559;,
  0.210738;0.849701;-0.240042;,
  0.164861;0.864247;-0.238521;,
  0.212158;0.870782;-0.235070;,
  0.150762;0.818964;-0.233117;,
  0.149656;0.835024;-0.228501;,
  0.153890;0.829103;-0.236753;,
  0.142108;0.822434;-0.226104;,
  0.214086;0.797870;-0.239580;,
  0.168128;0.824070;-0.210483;,
  0.217414;0.832941;-0.227140;,
  0.165112;0.796270;-0.231146;,
  0.220804;0.839836;-0.208726;,
  0.222264;0.794748;-0.202772;,
  0.171271;0.792108;-0.193035;,
  0.173539;0.830550;-0.192449;,
  0.075658;0.745411;-0.099920;,
  0.091707;0.753743;-0.123631;,
  0.052285;0.740380;-0.116995;,
  0.059990;0.744640;-0.140820;,
  0.092743;0.649335;-0.097084;,
  0.033019;0.752420;-0.151312;,
  0.099720;0.740845;-0.144630;,
  0.086528;0.711697;-0.169747;,
  0.072558;0.729515;-0.164183;,
  0.106431;0.724497;-0.143795;,
  0.089165;0.692262;-0.098869;,
  0.051672;0.677414;-0.086375;,
  0.091221;0.697085;-0.101330;,
  -0.004588;0.664340;-0.092870;,
  -0.009192;0.721617;-0.110334;,
  0.063570;0.730690;-0.096565;,
  0.091221;0.697085;-0.101330;,
  0.090263;0.685587;-0.152294;,
  0.093120;0.691558;-0.109162;,
  0.098147;0.725991;-0.165267;,
  0.100368;0.651794;-0.128419;,
  0.099541;0.653517;-0.163736;,
  0.093087;0.697319;-0.182493;,
  0.102668;0.652561;-0.111583;,
  0.165112;0.796270;-0.231146;,
  0.031935;0.775861;-0.163279;,
  0.019041;0.781518;-0.145222;,
  -0.010554;0.751956;-0.126645;,
  -0.008048;0.783278;-0.142378;,
  0.173539;0.830550;-0.192449;,
  0.166842;0.885586;-0.233559;,
  0.212158;0.870782;-0.235070;,
  0.161404;0.804804;-0.223927;,
  0.147057;0.818453;-0.207229;,
  0.161404;0.804804;-0.223927;,
  0.166823;0.821698;-0.225350;,
  0.162352;0.834453;-0.204782;,
  0.162352;0.834453;-0.204782;,
  0.150762;0.818964;-0.233117;,
  0.142108;0.822434;-0.226104;,
  0.149656;0.835024;-0.228501;,
  0.169031;0.031736;0.060744;,
  0.166060;-0.022612;0.040200;,
  0.158513;-0.006293;0.031481;,
  0.180822;0.015188;0.072493;,
  0.073731;0.084608;0.117160;,
  0.094895;0.038821;0.115319;,
  0.077970;0.069918;0.148933;,
  0.090573;0.053629;0.095491;,
  0.083795;0.113835;0.074599;,
  0.109963;0.104316;0.122981;,
  0.105906;0.123888;0.076604;,
  0.132990;0.060057;0.126400;,
  0.108728;0.084827;0.155768;,
  0.129157;0.082760;0.099971;,
  0.115020;0.077045;0.049926;,
  0.122831;0.100630;0.074124;,
  0.130208;-0.014027;0.035127;,
  0.130691;-0.031507;0.040172;,
  0.180822;0.015188;0.072493;,
  0.130691;-0.031507;0.040172;,
  0.064355;0.305478;-0.144023;,
  0.090265;0.223377;-0.096159;,
  0.074298;0.175549;-0.045504;,
  0.081140;0.139275;0.001107;,
  0.092072;0.080007;0.069254;,
  0.092072;0.080007;0.069254;,
  0.026313;0.396096;-0.171774;,
  0.044822;0.781457;-0.180842;,
  0.030805;0.771013;-0.201302;,
  0.038959;0.778730;-0.201305;,
  0.027448;0.768246;-0.180448;,
  0.032208;0.797183;-0.156933;,
  0.020876;0.804048;-0.136759;,
  0.002638;0.916120;-0.184311;,
  -0.012765;0.908709;-0.214151;,
  -0.017348;0.918377;-0.186282;,
  0.030293;0.856305;-0.234368;,
  0.014450;0.853898;-0.243083;,
  0.022201;0.883131;-0.224486;,
  0.042581;0.799761;-0.202326;,
  0.046175;0.809067;-0.174299;,
  0.040865;0.791628;-0.171367;,
  0.040956;0.842194;-0.154319;,
  0.042670;0.854196;-0.175651;,
  0.032720;0.890022;-0.206135;,
  0.038006;0.890986;-0.178726;,
  0.042018;0.851766;-0.202783;,
  0.036102;0.844192;-0.138356;,
  0.022116;0.849205;-0.118928;,
  -0.017812;0.844611;-0.112573;,
  0.011460;0.895615;-0.128143;,
  -0.022316;0.892807;-0.121878;,
  0.045214;0.829297;-0.203416;,
  0.036113;0.790404;-0.217884;,
  0.034233;0.824666;-0.228622;,
  0.026176;0.765461;-0.233116;,
  0.006337;0.756708;-0.224374;,
  0.008438;0.760608;-0.245046;,
  0.014361;0.900970;-0.214863;,
  0.023285;0.908182;-0.182293;,
  0.028838;0.896421;-0.145183;,
  0.014301;0.912821;-0.154216;,
  -0.004092;0.915704;-0.149591;,
  -0.021622;0.915718;-0.149221;,
  -0.011681;0.807638;-0.127052;,
  0.028838;0.896421;-0.145183;,
  0.014301;0.912821;-0.154216;,
  0.052075;0.812518;-0.173957;,
  0.050619;0.858009;-0.160035;,
  0.057075;0.839063;-0.152761;,
  0.046511;0.839231;-0.167344;,
  0.057075;0.839063;-0.152761;,
  0.052075;0.812518;-0.173957;,
  0.050619;0.858009;-0.160035;,
  0.042670;0.854196;-0.175651;,
  0.046964;0.830878;-0.184089;,
  0.046175;0.809067;-0.174299;,
  0.031156;0.846648;-0.226965;,
  0.046964;0.830878;-0.184089;,
  0.033019;0.752420;-0.151312;,
  0.031935;0.775861;-0.163279;,
  0.059990;0.744640;-0.140820;,
  0.032208;0.797183;-0.156933;,
  0.002794;0.729063;-0.190455;,
  0.007070;0.708060;-0.200248;,
  0.044873;0.507001;-0.231877;,
  0.002835;0.442806;-0.104160;,
  0.004397;0.408778;-0.108203;,
  0.008805;0.398806;-0.103510;,
  0.005332;0.748643;-0.204144;,
  0.026313;0.396096;-0.171774;,
  -0.004092;0.915704;-0.149591;,
  -0.021622;0.915718;-0.149221;,
  0.023394;0.797230;-0.235707;,
  0.013867;0.819501;-0.241625;,
  0.015301;0.810008;-0.242644;,
  -0.010209;0.900533;-0.227059;,
  -0.006001;0.880226;-0.241800;,
  0.012497;0.843934;-0.234934;,
  0.009242;0.548063;-0.120397;,
  0.059990;0.744640;-0.140820;,
  0.166060;-0.022612;0.040200;,
  0.017083;0.788416;-0.244082;,
  0.023612;0.790633;-0.236097;,
  0.015894;0.792788;-0.240133;,
  0.003387;0.808058;-0.249231;,
  0.003345;0.817426;-0.257773;,
  0.015681;0.797123;-0.244587;,
  0.004407;0.791786;-0.242042;,
  0.005907;0.785689;-0.248379;,
  -0.001392;0.851491;-0.251798;,
  -0.000634;0.841817;-0.248753;,
  0.093120;0.691558;-0.109162;,
  0.004826;0.796256;-0.249666;,
  0.082290;0.684425;-0.138434;,
  0.090263;0.685587;-0.152294;,
  0.093087;0.697319;-0.182493;,
  0.036102;0.844192;-0.138356;,
  0.121712;0.180686;-0.063670;,
  0.078258;0.110256;-0.083733;,
  0.073478;0.171024;-0.129702;,
  0.117251;0.130010;-0.009791;,
  0.129064;0.213250;-0.124006;,
  0.083374;0.218265;-0.162679;,
  0.117007;0.308394;-0.155710;,
  0.064523;0.308288;-0.189462;,
  0.099433;0.402371;-0.191800;,
  0.056671;0.392253;-0.217336;,
  0.081261;0.452937;-0.206266;,
  0.076560;0.049021;-0.047555;,
  0.115020;0.077045;0.049926;,
  0.059090;0.177939;0.042809;,
  -0.007559;0.072521;0.049565;,
  0.059733;0.127745;0.091646;,
  -0.002147;0.134922;0.011693;,
  0.005934;0.189143;-0.029869;,
  0.058539;0.231987;-0.008997;,
  0.009528;0.236763;-0.060084;,
  0.063781;0.256482;-0.039361;,
  0.042613;0.332086;-0.060027;,
  0.005790;0.321722;-0.077709;,
  0.004781;0.382145;-0.102173;,
  0.082290;0.684425;-0.138434;,
  -0.063557;0.732409;-0.185583;,
  -0.027386;0.706646;-0.196182;,
  -0.077489;0.712088;-0.193206;,
  -0.028878;0.732972;-0.174957;,
  -0.072849;0.676722;-0.208889;,
  -0.033005;0.645418;-0.233397;,
  -0.074042;0.638342;-0.209266;,
  -0.027847;0.678450;-0.219060;,
  -0.037996;0.746977;-0.135911;,
  -0.082320;0.716320;-0.121061;,
  -0.056491;0.718986;-0.111662;,
  -0.055819;0.741461;-0.137600;,
  -0.062964;0.497381;-0.169951;,
  -0.030682;0.503325;-0.138309;,
  -0.055911;0.506425;-0.169598;,
  -0.031710;0.491954;-0.133671;,
  -0.033654;0.510462;-0.221017;,
  -0.050406;0.483596;-0.208961;,
  0.002413;0.508187;-0.241757;,
  -0.025839;0.460413;-0.233277;,
  0.003672;0.452544;-0.232937;,
  0.010177;0.502028;-0.125205;,
  0.008180;0.487897;-0.120373;,
  -0.046869;0.588247;-0.119463;,
  -0.001459;0.629369;-0.093423;,
  -0.056677;0.625405;-0.107567;,
  0.002863;0.593909;-0.104832;,
  -0.002679;0.404093;-0.229277;,
  -0.051370;0.303053;-0.204486;,
  -0.050841;0.404209;-0.213959;,
  -0.004111;0.304843;-0.208824;,
  -0.002185;0.206571;-0.188649;,
  -0.049625;0.216208;-0.169015;,
  0.028544;0.412615;-0.182893;,
  -0.023194;0.326729;-0.103597;,
  0.022661;0.314701;-0.162961;,
  -0.002785;0.385461;-0.124204;,
  -0.023986;0.237248;-0.112182;,
  0.000061;0.221186;-0.141979;,
  -0.086300;0.315127;-0.151293;,
  -0.074218;0.393775;-0.158512;,
  -0.058133;0.234457;-0.134330;,
  -0.076898;-0.003623;0.001131;,
  -0.106543;0.027028;0.043720;,
  -0.116898;0.001818;0.021987;,
  -0.060429;0.028683;0.027779;,
  -0.027429;0.165456;-0.140184;,
  -0.082799;0.118527;-0.092494;,
  -0.068271;0.177043;-0.136618;,
  -0.043726;0.107154;-0.097451;,
  -0.093152;0.053672;-0.043561;,
  -0.061459;0.049624;-0.049296;,
  -0.007687;0.169428;-0.093291;,
  -0.047427;0.154417;-0.039889;,
  -0.031283;0.123172;-0.064327;,
  -0.031522;0.212349;-0.066901;,
  -0.085512;0.081833;-0.018226;,
  -0.073369;0.066365;-0.019537;,
  -0.100315;0.145434;-0.071164;,
  -0.091239;0.209830;-0.107603;,
  -0.101358;0.077728;-0.034560;,
  -0.057369;0.454532;-0.207049;,
  0.028544;0.412615;-0.182893;,
  -0.076563;0.447212;-0.156436;,
  -0.037027;0.445228;-0.117514;,
  -0.073462;0.403377;-0.157196;,
  -0.039559;0.408187;-0.120399;,
  -0.036299;0.545046;-0.133363;,
  -0.074130;0.586347;-0.143408;,
  -0.082787;0.592906;-0.161608;,
  -0.043511;0.557346;-0.212192;,
  -0.061697;0.546690;-0.165391;,
  -0.066955;0.605860;-0.211891;,
  -0.026615;0.613282;-0.239946;,
  -0.014420;0.559747;-0.235723;,
  -0.091900;0.793783;-0.138183;,
  -0.074327;0.769694;-0.182977;,
  -0.129365;0.825869;-0.149663;,
  -0.155987;0.830373;-0.214495;,
  -0.168696;0.844736;-0.169930;,
  -0.114154;0.810677;-0.205589;,
  -0.123284;0.733746;-0.187752;,
  -0.160623;0.763707;-0.205596;,
  -0.114154;0.810677;-0.205589;,
  -0.197104;0.815799;-0.224100;,
  -0.155987;0.830373;-0.214495;,
  -0.130230;0.729952;-0.179641;,
  -0.175724;0.778675;-0.149456;,
  -0.138611;0.747243;-0.139080;,
  -0.209868;0.830325;-0.179773;,
  -0.113712;0.774603;-0.130932;,
  -0.151932;0.848690;-0.162442;,
  -0.105439;0.885145;-0.215575;,
  -0.117472;0.893446;-0.181905;,
  -0.134868;0.832086;-0.214725;,
  -0.086354;0.923362;-0.222543;,
  -0.091779;0.933140;-0.198439;,
  -0.134868;0.832086;-0.214725;,
  -0.154910;0.909526;-0.230809;,
  -0.105439;0.885145;-0.215575;,
  -0.188140;0.854679;-0.239884;,
  -0.120394;0.942055;-0.230046;,
  -0.086354;0.923362;-0.222543;,
  -0.164005;0.915492;-0.204814;,
  -0.205040;0.871079;-0.187834;,
  -0.122316;0.949483;-0.213504;,
  -0.021516;1.027341;-0.228430;,
  -0.076779;1.014947;-0.235435;,
  -0.068508;1.034712;-0.231967;,
  -0.029408;1.007092;-0.231834;,
  -0.041623;0.969295;-0.231913;,
  -0.037928;0.985216;-0.228263;,
  -0.031065;0.972029;-0.227771;,
  -0.044825;0.979653;-0.234787;,
  -0.100382;0.973537;-0.239429;,
  -0.050667;0.975793;-0.205245;,
  -0.058179;0.950129;-0.227466;,
  -0.089150;1.006081;-0.224917;,
  -0.090942;1.013250;-0.206383;,
  -0.112646;0.973352;-0.203638;,
  -0.069225;0.948080;-0.190297;,
  -0.054409;0.983499;-0.187269;,
  -0.069167;0.771005;-0.126634;,
  -0.076647;0.778401;-0.154405;,
  -0.055819;0.741461;-0.137600;,
  -0.052834;0.750031;-0.161772;,
  -0.090399;0.627630;-0.130460;,
  -0.042783;0.743030;-0.163919;,
  -0.083552;0.763286;-0.173153;,
  -0.077489;0.712088;-0.193206;,
  -0.089714;0.751303;-0.165961;,
  -0.063557;0.732409;-0.185583;,
  -0.101980;0.673288;-0.131899;,
  -0.104681;0.678798;-0.135165;,
  -0.061487;0.662752;-0.104630;,
  -0.004588;0.664340;-0.092870;,
  -0.009192;0.721617;-0.110334;,
  -0.082320;0.716320;-0.121061;,
  -0.104681;0.678798;-0.135165;,
  -0.081599;0.673555;-0.178082;,
  -0.074327;0.769694;-0.182977;,
  -0.101835;0.679563;-0.141141;,
  -0.086950;0.629593;-0.162557;,
  -0.074257;0.632919;-0.195410;,
  -0.072849;0.676722;-0.208889;,
  -0.095098;0.629122;-0.147625;,
  -0.058179;0.950129;-0.227466;,
  -0.036990;0.770238;-0.175792;,
  -0.031950;0.777358;-0.154479;,
  -0.010554;0.751956;-0.126645;,
  -0.008048;0.783278;-0.142378;,
  -0.054409;0.983499;-0.187269;,
  -0.021516;1.027341;-0.228430;,
  -0.068508;1.034712;-0.231967;,
  -0.050294;0.956142;-0.219664;,
  -0.030685;0.968560;-0.208164;,
  -0.050294;0.956142;-0.219664;,
  -0.054493;0.973436;-0.219955;,
  -0.043269;0.985831;-0.201896;,
  -0.043269;0.985831;-0.201896;,
  -0.041623;0.969295;-0.231913;,
  -0.031065;0.972029;-0.227771;,
  -0.037928;0.985216;-0.228263;,
  -0.013865;0.003222;-0.047775;,
  0.041935;0.008076;-0.032041;,
  -0.003372;-0.016051;-0.039447;,
  0.030933;0.022186;-0.040939;,
  -0.104218;0.052286;0.019227;,
  -0.060429;0.028683;0.027779;,
  -0.064089;0.046772;0.010734;,
  -0.106543;0.027028;0.043720;,
  -0.085512;0.081833;-0.018226;,
  -0.117146;0.024337;-0.008821;,
  -0.101358;0.077728;-0.034560;,
  -0.076898;-0.003623;0.001131;,
  -0.083943;0.019539;-0.024217;,
  -0.116898;0.001818;0.021987;,
  -0.061459;0.049624;-0.049296;,
  -0.093152;0.053672;-0.043561;,
  0.030486;0.040443;-0.017684;,
  0.042973;0.033814;-0.006223;,
  -0.003372;-0.016051;-0.039447;,
  0.042973;0.033814;-0.006223;,
  0.022661;0.314701;-0.162961;,
  0.000061;0.221186;-0.141979;,
  -0.007687;0.169428;-0.093291;,
  -0.031283;0.123172;-0.064327;,
  -0.073369;0.066365;-0.019537;,
  -0.073369;0.066365;-0.019537;,
  -0.046085;0.770789;-0.192090;,
  -0.025558;0.764399;-0.208276;,
  -0.025944;0.763890;-0.190141;,
  -0.035010;0.770050;-0.210457;,
  -0.043520;0.788297;-0.166303;,
  -0.039245;0.796993;-0.144198;,
  -0.036164;0.911567;-0.189112;,
  -0.017348;0.918377;-0.186282;,
  -0.036576;0.848457;-0.242642;,
  -0.037436;0.876132;-0.231865;,
  -0.018984;0.849974;-0.247220;,
  -0.042979;0.789721;-0.212913;,
  -0.055232;0.797167;-0.186846;,
  -0.046950;0.781323;-0.182233;,
  -0.062668;0.830033;-0.167141;,
  -0.061893;0.841925;-0.188589;,
  -0.053345;0.879922;-0.216784;,
  -0.054199;0.840475;-0.214689;,
  -0.065144;0.878881;-0.191489;,
  -0.062382;0.832635;-0.150542;,
  -0.055003;0.840155;-0.128470;,
  -0.017812;0.844611;-0.112573;,
  -0.053317;0.888013;-0.136158;,
  -0.022316;0.892807;-0.121878;,
  -0.051937;0.817896;-0.215437;,
  -0.034459;0.816605;-0.237121;,
  -0.031001;0.782528;-0.226188;,
  -0.012273;0.760949;-0.237874;,
  -0.036422;0.895011;-0.221146;,
  -0.054318;0.899075;-0.191895;,
  -0.065799;0.885315;-0.156893;,
  -0.053652;0.904847;-0.162624;,
  -0.021622;0.915718;-0.149221;,
  -0.038068;0.911717;-0.153795;,
  -0.011681;0.807638;-0.127052;,
  -0.065799;0.885315;-0.156893;,
  -0.053652;0.904847;-0.162624;,
  -0.061668;0.799170;-0.188030;,
  -0.074017;0.843382;-0.175456;,
  -0.064101;0.826250;-0.181030;,
  -0.077536;0.823266;-0.169417;,
  -0.077536;0.823266;-0.169417;,
  -0.061668;0.799170;-0.188030;,
  -0.074017;0.843382;-0.175456;,
  -0.061893;0.841925;-0.188589;,
  -0.058596;0.818490;-0.197150;,
  -0.055232;0.797167;-0.186846;,
  -0.036968;0.838653;-0.235395;,
  -0.058596;0.818490;-0.197150;,
  -0.042783;0.743030;-0.163919;,
  -0.036990;0.770238;-0.175792;,
  -0.052834;0.750031;-0.161772;,
  -0.043520;0.788297;-0.166303;,
  0.002835;0.442806;-0.104160;,
  0.004397;0.408778;-0.108203;,
  0.008805;0.398806;-0.103510;,
  0.026313;0.396096;-0.171774;,
  -0.038068;0.911717;-0.153795;,
  -0.021622;0.915718;-0.149221;,
  -0.016271;0.792575;-0.240615;,
  -0.010939;0.816590;-0.244695;,
  -0.009883;0.807053;-0.245760;,
  -0.016829;0.840493;-0.238562;,
  0.009242;0.548063;-0.120397;,
  -0.052834;0.750031;-0.161772;,
  0.041935;0.008076;-0.032041;,
  -0.014879;0.786116;-0.240860;,
  -0.006293;0.785673;-0.246975;,
  -0.007118;0.790087;-0.242980;,
  -0.006834;0.794481;-0.247373;,
  -0.101835;0.679563;-0.141141;,
  -0.078663;0.671378;-0.164029;,
  -0.081599;0.673555;-0.178082;,
  -0.072849;0.676722;-0.208889;,
  -0.062382;0.832635;-0.150542;,
  0.018617;0.170636;-0.162405;,
  0.037475;0.105160;-0.122903;,
  -0.000141;0.103300;-0.131095;,
  0.043063;0.174416;-0.155010;,
  0.026510;0.222190;-0.188314;,
  0.049629;0.226926;-0.186152;,
  0.035974;0.316226;-0.200478;,
  0.049054;0.314964;-0.203375;,
  0.042021;0.403123;-0.219748;,
  0.049350;0.398157;-0.224909;,
  0.046455;0.445509;-0.231098;,
  0.003672;0.452544;-0.232937;,
  0.034398;0.044579;-0.098607;,
  -0.010509;0.038515;-0.102210;,
  -0.070344;0.096371;0.023947;,
  -0.100315;0.145434;-0.071164;,
  -0.101350;0.077734;-0.034552;,
  -0.056785;0.156850;-0.018781;,
  -0.091239;0.209830;-0.107603;,
  -0.046379;0.216400;-0.058931;,
  -0.035304;0.250527;-0.082759;,
  -0.058133;0.234457;-0.134330;,
  -0.086300;0.315127;-0.151293;,
  -0.031350;0.329687;-0.088392;,
  0.004397;0.408778;-0.108203;,
  -0.039559;0.408187;-0.120399;,
  -0.078663;0.671378;-0.164029;,
  -0.002679;0.404093;-0.229277;,
  -0.004111;0.304843;-0.208824;,
  -0.002185;0.206571;-0.188649;,
  -0.027429;0.165456;-0.140184;,
  -0.043726;0.107154;-0.097451;,
  -0.061459;0.049624;-0.049296;,
  0.126036;0.341043;-0.060720;,
  0.045520;0.410010;-0.090709;,
  0.099888;0.406591;-0.092197;,
  0.118549;0.255006;-0.053651;,
  0.127151;0.243143;-0.007351;,
  0.124238;0.184504;0.038585;,
  0.105906;0.123888;0.076604;,
  -0.074218;0.393775;-0.158512;;
  916;
  3;0,1,2;,
  3;1,0,3;,
  3;4,5,6;,
  3;5,4,7;,
  3;8,9,10;,
  3;9,8,11;,
  3;12,13,14;,
  3;13,12,15;,
  3;16,12,17;,
  3;12,16,15;,
  3;18,19,20;,
  3;19,18,16;,
  3;6,21,22;,
  3;21,6,5;,
  3;14,23,24;,
  3;23,14,13;,
  3;25,26,27;,
  3;26,25,28;,
  3;29,30,31;,
  3;30,29,32;,
  3;30,33,31;,
  3;33,30,34;,
  3;35,36,37;,
  3;36,35,38;,
  3;38,39,36;,
  3;39,38,40;,
  3;37,41,42;,
  3;41,37,36;,
  3;36,43,41;,
  3;43,36,39;,
  3;42,30,32;,
  3;30,42,41;,
  3;41,34,30;,
  3;34,41,43;,
  3;44,45,46;,
  3;45,44,47;,
  3;48,49,50;,
  3;49,48,51;,
  3;50,52,53;,
  3;52,50,49;,
  3;54,55,56;,
  3;55,54,57;,
  3;57,58,55;,
  3;58,57,59;,
  3;56,60,61;,
  3;60,56,55;,
  3;55,62,60;,
  3;62,55,58;,
  3;61,49,51;,
  3;49,61,60;,
  3;60,52,49;,
  3;52,60,62;,
  3;32,19,63;,
  3;19,32,29;,
  3;64,65,66;,
  3;65,64,20;,
  3;14,67,12;,
  3;67,14,68;,
  3;68,69,67;,
  3;69,68,70;,
  3;70,42,69;,
  3;42,70,37;,
  3;48,34,51;,
  3;34,48,33;,
  3;51,43,61;,
  3;43,51,34;,
  3;43,56,61;,
  3;56,43,39;,
  3;39,54,56;,
  3;54,39,40;,
  3;12,63,17;,
  3;63,12,67;,
  3;67,32,63;,
  3;32,67,69;,
  3;69,42,32;,
  3;71,72,25;,
  3;73,74,75;,
  3;74,73,76;,
  3;74,77,75;,
  3;77,74,78;,
  3;79,78,80;,
  3;78,79,77;,
  3;81,82,83;,
  3;82,84,85;,
  3;84,82,86;,
  3;87,88,89;,
  3;88,90,89;,
  3;90,88,91;,
  3;92,93,94;,
  3;92,89,93;,
  3;92,87,89;,
  3;89,95,93;,
  3;95,89,90;,
  3;96,93,82;,
  3;93,86,82;,
  3;86,93,95;,
  3;97,98,99;,
  3;98,97,100;,
  3;100,101,98;,
  3;101,100,102;,
  3;103,104,105;,
  3;104,103,106;,
  3;106,107,104;,
  3;107,106,108;,
  3;105,109,110;,
  3;109,105,104;,
  3;104,111,109;,
  3;111,104,107;,
  3;110,100,97;,
  3;100,110,109;,
  3;109,102,100;,
  3;102,109,111;,
  3;112,113,114;,
  3;113,112,115;,
  3;116,117,118;,
  3;117,116,119;,
  3;120,121,122;,
  3;121,120,123;,
  3;120,124,125;,
  3;124,120,122;,
  3;126,124,127;,
  3;124,126,125;,
  3;95,97,86;,
  3;97,95,110;,
  3;86,99,84;,
  3;99,86,97;,
  3;90,103,105;,
  3;103,90,91;,
  3;105,95,90;,
  3;95,105,110;,
  3;128,96,129;,
  3;96,128,94;,
  3;129,130,128;,
  3;130,129,131;,
  3;72,28,25;,
  3;28,72,132;,
  3;10,133,8;,
  3;134,135,136;,
  3;135,134,137;,
  3;81,137,134;,
  3;138,11,139;,
  3;138,9,11;,
  3;138,140,9;,
  3;141,11,142;,
  3;11,141,139;,
  3;128,130,143;,
  3;94,144,92;,
  3;94,143,144;,
  3;94,128,143;,
  3;145,87,146;,
  3;87,145,147;,
  3;75,148,73;,
  3;148,75,149;,
  3;150,147,145;,
  3;7,149,75;,
  3;148,151,73;,
  3;102,152,101;,
  3;152,102,126;,
  3;102,125,126;,
  3;125,102,111;,
  3;111,120,125;,
  3;120,111,107;,
  3;120,108,123;,
  3;108,120,107;,
  3;8,153,154;,
  3;153,8,133;,
  3;154,155,8;,
  3;155,154,156;,
  3;122,114,113;,
  3;114,122,121;,
  3;121,112,114;,
  3;112,121,157;,
  3;158,124,159;,
  3;124,158,127;,
  3;159,122,113;,
  3;122,159,124;,
  3;126,160,152;,
  3;160,126,161;,
  3;162,121,123;,
  3;121,162,163;,
  3;121,164,157;,
  3;164,121,163;,
  3;165,126,127;,
  3;126,165,161;,
  3;161,166,160;,
  3;166,161,167;,
  3;162,118,163;,
  3;118,162,116;,
  3;163,117,164;,
  3;117,163,118;,
  3;165,167,161;,
  3;167,165,168;,
  3;169,170,171;,
  3;170,169,172;,
  3;173,174,175;,
  3;174,173,176;,
  3;177,178,179;,
  3;178,177,173;,
  3;180,178,181;,
  3;178,180,182;,
  3;183,169,171;,
  3;169,183,184;,
  3;174,185,186;,
  3;185,174,176;,
  3;46,187,44;,
  3;187,46,188;,
  3;180,169,182;,
  3;169,180,172;,
  3;20,29,65;,
  3;19,29,20;,
  3;29,31,189;,
  3;31,190,189;,
  3;190,31,33;,
  3;33,191,190;,
  3;191,33,48;,
  3;191,50,192;,
  3;50,191,48;,
  3;192,53,193;,
  3;53,192,50;,
  3;194,171,185;,
  3;171,194,183;,
  3;171,186,185;,
  3;186,171,170;,
  3;185,176,194;,
  3;194,173,177;,
  3;173,194,176;,
  3;178,175,181;,
  3;175,178,173;,
  3;179,182,184;,
  3;182,179,178;,
  3;182,169,184;,
  3;16,17,19;,
  3;17,63,19;,
  3;65,195,66;,
  3;196,197,198;,
  3;197,196,199;,
  3;200,154,153;,
  3;154,200,201;,
  3;202,203,204;,
  3;205,206,207;,
  3;196,208,209;,
  3;208,196,198;,
  3;210,209,211;,
  3;209,210,196;,
  3;212,213,214;,
  3;213,212,215;,
  3;212,214,211;,
  3;201,216,217;,
  3;216,201,200;,
  3;218,219,220;,
  3;219,218,217;,
  3;210,199,196;,
  3;213,205,207;,
  3;221,222,223;,
  3;198,197,224;,
  3;224,225,226;,
  3;225,224,197;,
  3;227,213,207;,
  3;228,229,214;,
  3;229,228,230;,
  3;220,231,232;,
  3;213,228,214;,
  3;156,201,233;,
  3;201,156,154;,
  3;233,217,218;,
  3;217,233,201;,
  3;219,217,234;,
  3;235,219,234;,
  3;236,237,238;,
  3;237,236,239;,
  3;209,240,211;,
  3;240,209,241;,
  3;211,242,212;,
  3;242,211,240;,
  3;243,239,244;,
  3;239,243,237;,
  3;244,236,245;,
  3;236,244,239;,
  3;246,221,223;,
  3;221,246,215;,
  3;221,212,247;,
  3;212,221,215;,
  3;199,248,2;,
  3;248,199,249;,
  3;133,10,250;,
  3;249,210,251;,
  3;210,249,199;,
  3;210,211,251;,
  3;252,1,253;,
  3;1,252,2;,
  3;20,254,18;,
  3;254,20,64;,
  3;24,68,14;,
  3;68,24,255;,
  3;68,256,70;,
  3;256,68,255;,
  3;256,37,70;,
  3;37,256,257;,
  3;258,2,252;,
  3;2,258,199;,
  3;257,259,37;,
  3;37,259,35;,
  3;260,204,261;,
  3;204,260,202;,
  3;262,263,223;,
  3;263,262,264;,
  3;197,258,225;,
  3;258,197,199;,
  3;265,203,227;,
  3;265,207,266;,
  3;207,265,227;,
  3;223,267,246;,
  3;267,223,263;,
  3;88,87,147;,
  3;83,82,85;,
  3;78,16,18;,
  3;16,78,74;,
  3;74,15,16;,
  3;15,74,76;,
  3;15,71,13;,
  3;71,15,76;,
  3;13,268,23;,
  3;268,13,71;,
  3;248,269,2;,
  3;2,269,0;,
  3;136,129,134;,
  3;129,136,131;,
  3;134,96,81;,
  3;96,134,129;,
  3;96,82,81;,
  3;93,96,94;,
  3;29,189,65;,
  3;205,215,246;,
  3;267,205,246;,
  3;205,267,206;,
  3;205,213,215;,
  3;187,188,270;,
  3;224,271,272;,
  3;222,221,208;,
  3;224,222,198;,
  3;272,273,262;,
  3;273,272,271;,
  3;263,274,275;,
  3;273,276,262;,
  3;277,271,278;,
  3;271,277,273;,
  3;222,272,262;,
  3;272,222,224;,
  3;222,208,198;,
  3;209,221,247;,
  3;221,209,208;,
  3;223,222,262;,
  3;266,206,279;,
  3;206,266,207;,
  3;206,280,279;,
  3;280,206,267;,
  3;280,263,275;,
  3;263,280,267;,
  3;264,262,276;,
  3;76,73,72;,
