xof 0303txt 0032
template ColorRGBA {
 <35ff44e0-6c7c-11cf-8f52-0040333594a3>
 FLOAT red;
 FLOAT green;
 FLOAT blue;
 FLOAT alpha;
}

template ColorRGB {
 <d3e16e81-7835-11cf-8f52-0040333594a3>
 FLOAT red;
 FLOAT green;
 FLOAT blue;
}

template Material {
 <3d82ab4d-62da-11cf-ab39-0020af71e433>
 ColorRGBA faceColor;
 FLOAT power;
 ColorRGB specularColor;
 ColorRGB emissiveColor;
 [...]
}

template TextureFilename {
 <a42790e1-7810-11cf-8f52-0040333594a3>
 STRING filename;
}

template Frame {
 <3d82ab46-62da-11cf-ab39-0020af71e433>
 [...]
}

template Matrix4x4 {
 <f6f23f45-7686-11cf-8f52-0040333594a3>
 array FLOAT matrix[16];
}

template FrameTransformMatrix {
 <f6f23f41-7686-11cf-8f52-0040333594a3>
 Matrix4x4 frameMatrix;
}

template Vector {
 <3d82ab5e-62da-11cf-ab39-0020af71e433>
 FLOAT x;
 FLOAT y;
 FLOAT z;
}

template MeshFace {
 <3d82ab5f-62da-11cf-ab39-0020af71e433>
 DWORD nFaceVertexIndices;
 array DWORD faceVertexIndices[nFaceVertexIndices];
}

template Mesh {
 <3d82ab44-62da-11cf-ab39-0020af71e433>
 DWORD nVertices;
 array Vector vertices[nVertices];
 DWORD nFaces;
 array MeshFace faces[nFaces];
 [...]
}

template MeshMaterialList {
 <f6f23f42-7686-11cf-8f52-0040333594a3>
 DWORD nMaterials;
 DWORD nFaceIndexes;
 array DWORD faceIndexes[nFaceIndexes];
 [Material <3d82ab4d-62da-11cf-ab39-0020af71e433>]
}

template VertexElement {
 <f752461c-1e23-48f6-b9f8-8350850f336f>
 DWORD Type;
 DWORD Method;
 DWORD Usage;
 DWORD UsageIndex;
}

template DeclData {
 <bf22e553-292c-4781-9fea-62bd554bdd93>
 DWORD nElements;
 array VertexElement Elements[nElements];
 DWORD nDWords;
 array DWORD data[nDWords];
}

template XSkinMeshHeader {
 <3cf169ce-ff7c-44ab-93c0-f78f62d172e2>
 WORD nMaxSkinWeightsPerVertex;
 WORD nMaxSkinWeightsPerFace;
 WORD nBones;
}

template SkinWeights {
 <6f0d123b-bad2-4167-a0d0-80224f25fabb>
 STRING transformNodeName;
 DWORD nWeights;
 array DWORD vertexIndices[nWeights];
 array FLOAT weights[nWeights];
 Matrix4x4 matrixOffset;
}

template AnimTicksPerSecond {
 <9e415a43-7ba6-4a73-8743-b73d47e88476>
 DWORD AnimTicksPerSecond;
}

template Animation {
 <3d82ab4f-62da-11cf-ab39-0020af71e433>
 [...]
}

template AnimationSet {
 <3d82ab50-62da-11cf-ab39-0020af71e433>
 [Animation <3d82ab4f-62da-11cf-ab39-0020af71e433>]
}

template FloatKeys {
 <10dd46a9-775b-11cf-8f52-0040333594a3>
 DWORD nValues;
 array FLOAT values[nValues];
}

template TimedFloatKeys {
 <f406b180-7b3b-11cf-8f52-0040333594a3>
 DWORD time;
 FloatKeys tfkeys;
}

template AnimationKey {
 <10dd46a8-775b-11cf-8f52-0040333594a3>
 DWORD keyType;
 DWORD nKeys;
 array TimedFloatKeys keys[nKeys];
}


Material _02_-_Default {
 1.000000;1.000000;1.000000;1.000000;;
 9.999999;
 0.000000;0.000000;0.000000;;
 0.000000;0.000000;0.000000;;

 TextureFilename {
  "MaleBody_noTrans.png";
 }
}

Frame Dummy01 {
 

 FrameTransformMatrix {
  1.000000,0.000000,0.000000,0.000000,0.000000,-0.000000,-1.000000,0.000000,0.000000,1.000000,-0.000000,0.000000,0.000000,0.000000,0.000000,1.000000;;
 }

 Frame Bip01 {
  

  FrameTransformMatrix {
   0.484444,0.819615,-0.305852,0.000000,0.122471,0.282633,0.951378,0.000000,0.866207,-0.498347,0.036540,0.000000,0.000000,-0.050827,0.508268,1.000000;;
  }

  Frame Bip01_Pelvis {
   

   FrameTransformMatrix {
    0.000000,0.998062,-0.062235,0.000000,-0.000001,0.062235,0.998062,0.000000,1.000000,0.000000,0.000001,0.000000,0.000000,0.000000,0.000000,1.000000;;
   }

   Frame Bip01_Spine {
    

    FrameTransformMatrix {
     0.996257,0.062123,-0.060114,0.000000,-0.062235,0.998061,0.000004,0.000000,0.059998,0.003737,0.998191,0.000000,0.051528,0.003213,-0.000085,1.000000;;
    }

    Frame Bip01_Spine1 {
     

     FrameTransformMatrix {
      0.944325,-0.155507,0.289944,0.000000,0.115539,0.981865,0.150304,0.000000,-0.308059,-0.108436,0.945167,0.000000,0.106506,0.000009,-0.000080,1.000000;;
     }

     Frame Bip01_Neck {
      

      FrameTransformMatrix {
       0.903366,0.000001,0.428870,0.000000,-0.000001,1.000000,-0.000000,0.000000,-0.428870,-0.000000,0.903366,0.000000,0.130516,0.000000,0.004628,1.000000;;
      }

      Frame Bip01_Head {
       

       FrameTransformMatrix {
        0.909553,-0.336216,0.244276,0.000000,0.282255,0.931187,0.230699,0.000000,-0.305032,-0.140885,0.941864,0.000000,0.033674,0.000000,0.000000,1.000000;;
       }

       Frame Bip01_HeadNub {
        

        FrameTransformMatrix {
         1.000000,0.000000,0.000000,0.000000,0.000000,1.000000,0.000000,0.000000,-0.000000,0.000000,1.000000,0.000000,0.169824,0.000000,0.000000,1.000000;;
        }
       }
      }

      Frame Bip01_L_Clavicle {
       

       FrameTransformMatrix {
        -0.000000,1.000000,-0.000003,0.000000,0.903024,-0.000001,-0.429589,0.000000,-0.429589,-0.000002,-0.903024,0.000000,-0.023698,0.015715,0.006128,1.000000;;
       }

       Frame Bip01_L_UpperArm {
        

        FrameTransformMatrix {
         0.255480,-0.912318,-0.320008,0.000000,0.628607,0.408226,-0.661970,0.000000,0.734563,-0.032039,0.677784,0.000000,0.087086,0.000000,0.000000,1.000000;;
        }

        Frame Bip01_L_Forearm {
         

         FrameTransformMatrix {
          0.823668,-0.000000,-0.567072,0.000000,-0.000000,1.000000,0.000000,0.000000,0.567072,0.000000,0.823668,0.000000,0.137062,0.000000,0.000000,1.000000;;
         }

         Frame Bip01_L_Hand {
          

          FrameTransformMatrix {
           0.971486,-0.212704,0.104747,0.000000,-0.102153,0.023181,0.994499,0.000000,-0.213962,-0.976842,0.000792,0.000000,0.137062,-0.000000,0.000000,1.000000;;
          }

          Frame Bip01_L_Finger0 {
           

           FrameTransformMatrix {
            0.556874,-0.020367,0.830347,0.000000,0.558537,0.749101,-0.356210,0.000000,-0.614759,0.662144,0.428531,0.000000,0.057681,-0.023605,-0.000272,1.000000;;
           }

           Frame Bip01_L_Finger0Nub {
            

            FrameTransformMatrix {
             1.000000,-0.000000,-0.000000,0.000000,0.000000,1.000000,0.000000,0.000000,-0.000000,0.000000,1.000000,0.000000,0.029435,0.000000,-0.000000,1.000000;;
            }
           }
          }

          Frame Bip01_L_Finger1 {
           

           FrameTransformMatrix {
            -0.342274,-0.000748,0.939600,0.000000,0.000000,1.000000,0.000796,0.000000,-0.939600,0.000273,-0.342274,0.000000,0.084102,0.000000,0.000000,1.000000;;
           }

           Frame Bip01_L_Finger1Nub {
            

            FrameTransformMatrix {
             1.000000,-0.000000,-0.000000,0.000000,0.000000,1.000000,0.000000,0.000000,-0.000000,0.000000,1.000000,0.000000,0.047988,0.000000,-0.000000,1.000000;;
            }
           }
          }
         }
        }
       }
      }

      Frame Bip01_R_Clavicle {
       

       FrameTransformMatrix {
        -0.000000,-1.000000,0.000003,0.000000,-0.903024,0.000001,0.429589,0.000000,-0.429589,-0.000002,-0.903024,0.000000,-0.023698,-0.015714,0.006128,1.000000;;
       }

       Frame Bip01_R_UpperArm {
        

        FrameTransformMatrix {
         0.313047,0.948166,-0.054615,0.000000,-0.871946,0.309723,0.379185,0.000000,0.376446,-0.071082,0.923708,0.000000,0.087086,0.000000,-0.000000,1.000000;;
        }

        Frame Bip01_R_Forearm {
         

         FrameTransformMatrix {
          0.811989,0.000000,-0.583672,0.000000,0.000000,1.000000,0.000000,0.000000,0.583672,-0.000000,0.811989,0.000000,0.137062,0.000000,0.000000,1.000000;;
         }

         Frame Bip01_R_Hand {
          

          FrameTransformMatrix {
           0.876605,0.385158,-0.288474,0.000000,-0.438815,0.393779,-0.807700,0.000000,-0.197497,0.834621,0.514202,0.000000,0.137062,0.000000,-0.000000,1.000000;;
          }

          Frame Bip01_R_Finger0 {
           

           FrameTransformMatrix {
            0.556874,0.020367,0.830347,0.000000,-0.558537,0.749101,0.356210,0.000000,-0.614759,-0.662144,0.428531,0.000000,0.057681,0.023605,-0.000272,1.000000;;
           }

           Frame Bip01_R_Finger0Nub {
            

            FrameTransformMatrix {
             -1.000000,-0.000000,-0.000000,0.000000,0.000000,1.000000,0.000000,0.000000,0.000000,0.000000,-1.000000,0.000000,0.029435,0.000000,0.000000,1.000000;;
            }
           }
          }

          Frame Bip01_R_Finger1 {
           

           FrameTransformMatrix {
            -0.342274,0.000748,0.939600,0.000000,-0.000000,1.000000,-0.000796,0.000000,-0.939600,-0.000273,-0.342274,0.000000,0.084102,-0.000000,0.000000,1.000000;;
           }

           Frame Bip01_R_Finger1Nub {
            

            FrameTransformMatrix {
             -1.000000,-0.000000,0.000000,0.000000,-0.000000,1.000000,-0.000000,0.000000,-0.000000,-0.000000,-1.000000,0.000000,0.047988,0.000000,0.000000,1.000000;;
            }
           }
          }
         }
        }
       }
      }
     }

     Frame Bip01_BackPack {
      

      FrameTransformMatrix {
       0.035097,-0.075887,-0.996499,0.000000,0.053820,0.995809,-0.073939,0.000000,0.997934,-0.051036,0.039035,0.000000,0.051182,0.000002,-0.091273,1.000000;;
      }

      Frame Bip01_BackPackNub {
       

       FrameTransformMatrix {
        0.000796,0.000003,1.000000,0.000000,-0.000000,-1.000000,0.000003,0.000000,1.000000,0.000000,-0.000796,0.000000,0.053240,0.000000,-0.000000,1.000000;;
       }
      }
     }
    }

    Frame Bip01_L_Thigh {
     

     FrameTransformMatrix {
      -0.942619,0.097674,0.319263,0.000000,-0.142365,-0.982546,-0.119734,0.000000,0.301996,-0.158315,0.940072,0.000000,-0.048109,0.055118,-0.002813,1.000000;;
     }

     Frame Bip01_L_Calf {
      

      FrameTransformMatrix {
       0.999997,0.000000,-0.002441,0.000000,0.000000,1.000000,0.000000,0.000000,0.002441,-0.000000,0.999997,0.000000,0.237500,0.000000,0.000000,1.000000;;
      }

      Frame Bip01_L_Foot {
       

       FrameTransformMatrix {
        0.987077,0.146611,-0.064683,0.000000,-0.131589,0.971947,0.194946,0.000000,0.091449,-0.183916,0.978679,0.000000,0.206841,-0.000000,0.000000,1.000000;;
       }

       Frame Bip01_L_Toe0 {
        

        FrameTransformMatrix {
         -0.000001,0.000001,1.000000,0.000000,-0.000000,1.000000,-0.000001,0.000000,-1.000000,-0.000000,-0.000001,0.000000,0.065373,-0.000000,0.066450,1.000000;;
        }

        Frame Bip01_L_Toe0Nub {
         

         FrameTransformMatrix {
          -1.000000,0.000000,-0.000000,0.000000,-0.000000,1.000000,0.000000,0.000000,0.000000,0.000000,-1.000000,0.000000,0.006735,0.000000,0.000000,1.000000;;
         }
        }
       }
      }
     }
    }

    Frame Bip01_R_Thigh {
     

     FrameTransformMatrix {
      -0.855478,-0.113214,0.505312,0.000000,0.077840,-0.992835,-0.090662,0.000000,0.511956,-0.038226,0.858161,0.000000,-0.054971,-0.055118,-0.003226,1.000000;;
     }

     Frame Bip01_R_Calf {
      

      FrameTransformMatrix {
       0.883324,-0.000000,-0.468763,0.000000,0.000000,1.000000,-0.000000,0.000000,0.468763,0.000000,0.883324,0.000000,0.237500,0.000000,0.000000,1.000000;;
      }

      Frame Bip01_R_Foot {
       

       FrameTransformMatrix {
        0.988685,-0.068785,0.133307,0.000000,-0.035979,0.753995,0.655894,0.000000,-0.145628,-0.653269,0.742989,0.000000,0.206841,0.000000,-0.000000,1.000000;;
       }

       Frame Bip01_R_Toe0 {
        

        FrameTransformMatrix {
         -0.087157,-0.000000,0.996195,0.000000,-0.000000,1.000000,0.000000,0.000000,-0.996195,-0.000000,-0.087157,0.000000,0.065373,-0.000000,0.066450,1.000000;;
        }

        Frame Bip01_R_Toe0Nub {
         

         FrameTransformMatrix {
          1.000000,-0.000000,0.000000,0.000000,-0.000000,1.000000,-0.000000,0.000000,0.000000,-0.000000,1.000000,0.000000,0.006735,-0.000000,0.000000,1.000000;;
         }
        }
       }
      }
     }
    }
   }

   Frame Bip01_DressFront {
    

    FrameTransformMatrix {
     -0.830864,-0.008445,0.556411,0.000000,-0.032673,0.998900,-0.033628,0.000000,-0.555515,-0.046119,-0.830227,0.000000,-0.043921,0.001406,0.061063,1.000000;;
    }

    Frame Bip01_DressFront02 {
     

     FrameTransformMatrix {
      0.946511,0.081243,0.312276,0.000000,-0.077173,0.996694,-0.025393,0.000000,-0.313307,-0.000065,0.949652,0.000000,0.183366,0.000000,-0.000125,1.000000;;
     }

     Frame Bip01_DressFrontNub {
      

      FrameTransformMatrix {
       0.000796,0.000003,1.000000,0.000000,0.000000,-1.000000,0.000003,0.000000,1.000000,0.000000,-0.000796,0.000000,0.165302,0.000000,-0.000000,1.000000;;
      }
     }
    }
   }

   Frame Bip01_DressBack {
    

    FrameTransformMatrix {
     -0.830379,0.045218,0.555361,0.000000,-0.011734,0.995062,-0.098565,0.000000,-0.557076,-0.088363,-0.825748,0.000000,-0.047654,0.000012,-0.078304,1.000000;;
    }

    Frame Bip01_DressBack02 {
     

     FrameTransformMatrix {
      0.961427,0.000001,0.275061,0.000000,-0.000001,1.000000,-0.000000,0.000000,-0.275061,0.000000,0.961427,0.000000,0.176189,0.000000,-0.000105,1.000000;;
     }

     Frame Bip01_DressBackNub {
      

      FrameTransformMatrix {
       0.000796,0.000003,1.000000,0.000000,-0.000000,-1.000000,0.000003,0.000000,1.000000,0.000000,-0.000796,0.000000,0.136508,0.000000,0.000000,1.000000;;
      }
     }
    }
   }
  }

  Frame Bip01_Prop1 {
   

   FrameTransformMatrix {
    0.977893,0.111139,-0.177128,0.000000,0.177513,0.006501,0.984097,0.000000,0.110523,-0.993784,-0.013371,0.000000,0.024908,-0.011984,-0.136265,1.000000;;
   }
  }

  Frame Bip01_Prop2 {
   

   FrameTransformMatrix {
    1.000000,0.000000,-0.000000,0.000000,0.000000,1.000000,-0.000000,0.000000,-0.000000,0.000000,1.000000,0.000000,0.109229,0.024051,0.111682,1.000000;;
   }
  }
 }
}

Frame Translation_Data {
 

 FrameTransformMatrix {
  1.000000,0.000000,0.000000,0.000000,0.000000,-0.000000,-1.000000,0.000000,0.000000,1.000000,-0.000000,0.000000,0.000000,-0.000000,0.000000,1.000000;;
 }
}

Frame Body {
 

 FrameTransformMatrix {
  1.000000,0.000000,0.000000,0.000000,0.000000,1.000000,0.000000,0.000000,0.000000,0.000000,1.000000,0.000000,0.000000,0.000000,0.000000,1.000000;;
 }

 Mesh Body {
  617;
  0.100607;0.748407;-0.048068;,
  0.067445;0.732570;-0.055578;,
  0.059304;0.765275;-0.059168;,
  0.110646;0.730322;-0.036871;,
  0.113265;0.715133;-0.025892;,
  0.090506;0.671604;-0.030272;,
  0.078048;0.698137;-0.051033;,
  0.112637;0.690682;0.007153;,
  0.049000;0.801701;-0.039637;,
  0.085387;0.799565;0.008175;,
  0.087472;0.791557;-0.022890;,
  0.053491;0.801594;0.000848;,
  0.057307;0.574849;0.107098;,
  0.014097;0.582870;0.101197;,
  0.009152;0.573883;0.108699;,
  0.054328;0.581716;0.098490;,
  0.076955;0.565931;0.049521;,
  0.076604;0.548056;0.079182;,
  0.067316;0.550430;0.012042;,
  0.076155;0.516452;0.055074;,
  0.055603;0.500950;0.036714;,
  0.043596;0.662278;-0.055935;,
  0.040881;0.693822;-0.067926;,
  -0.023384;0.577218;0.080991;,
  -0.027682;0.565746;0.089684;,
  0.035161;0.684385;0.087795;,
  -0.009748;0.724704;0.056431;,
  -0.013342;0.682903;0.068956;,
  0.044486;0.729858;0.073295;,
  0.068840;0.472780;0.041841;,
  0.112508;0.378728;0.079892;,
  0.087105;0.377576;0.039782;,
  0.086816;0.476365;0.088573;,
  0.098726;0.287401;0.038261;,
  0.110531;0.285067;0.089900;,
  0.016393;0.468957;0.041460;,
  0.013344;0.367883;0.119664;,
  -0.025963;0.471159;0.130651;,
  0.033987;0.370554;0.046602;,
  0.047105;0.277021;0.107412;,
  0.059176;0.277845;0.066761;,
  0.089963;0.377019;0.140589;,
  0.059511;0.461801;0.142736;,
  0.084674;0.284288;0.121562;,
  0.125675;0.007886;0.098006;,
  0.068049;0.008441;0.115642;,
  0.089203;0.007866;0.071648;,
  0.097768;0.008414;0.133860;,
  0.099563;0.231906;0.058330;,
  0.126433;0.156988;0.093085;,
  0.108610;0.158391;0.056192;,
  0.119322;0.231303;0.096070;,
  0.128296;0.077238;0.090379;,
  0.121618;0.078335;0.056423;,
  0.055778;0.206588;0.065137;,
  0.055220;0.153516;0.108025;,
  0.036836;0.216173;0.116674;,
  0.073046;0.149842;0.069258;,
  0.088353;0.083500;0.098517;,
  0.097511;0.069135;0.069843;,
  0.113285;0.159375;0.129239;,
  0.102496;0.231925;0.142555;,
  0.109849;0.090285;0.108322;,
  0.077451;0.522883;0.095381;,
  0.025058;0.486109;0.009696;,
  0.016393;0.468957;0.041460;,
  0.015917;0.457713;0.031974;,
  0.052278;0.534686;0.142398;,
  -0.003084;0.536001;0.138496;,
  0.052447;0.479690;0.147841;,
  0.000601;0.484395;0.147053;,
  0.027700;0.632708;0.094667;,
  0.071063;0.679105;0.087116;,
  0.088936;0.678648;0.076308;,
  0.084076;0.615533;0.042016;,
  0.105936;0.662961;0.028745;,
  0.067664;0.627945;0.087940;,
  0.089938;0.646332;-0.014029;,
  0.076844;0.602127;0.008511;,
  0.045677;0.644810;-0.042865;,
  0.035385;0.593313;-0.016242;,
  0.133913;0.725029;-0.038376;,
  0.154092;0.681135;-0.023177;,
  0.086096;0.732125;-0.014736;,
  0.121578;0.631213;0.021235;,
  0.100686;0.675223;0.003334;,
  0.164987;0.635542;-0.000154;,
  0.110321;0.745313;0.039588;,
  0.100686;0.675223;0.003334;,
  0.125430;0.700580;0.059103;,
  0.142270;0.647184;0.068200;,
  0.121578;0.631213;0.021235;,
  0.120440;0.749783;0.042048;,
  0.178894;0.706807;0.032521;,
  0.158209;0.749568;0.017804;,
  0.185583;0.651416;0.046946;,
  0.151266;0.737554;-0.017443;,
  0.166436;0.616694;-0.009541;,
  0.126252;0.549995;0.006277;,
  0.115523;0.608936;0.015914;,
  0.158369;0.557497;-0.009835;,
  0.132005;0.509911;0.004221;,
  0.154839;0.507318;-0.007666;,
  0.115523;0.608936;0.015914;,
  0.158619;0.550706;0.053455;,
  0.143108;0.609375;0.072657;,
  0.126252;0.549995;0.006277;,
  0.155957;0.508653;0.035781;,
  0.132005;0.509911;0.004221;,
  0.183065;0.556768;0.040818;,
  0.193790;0.617162;0.047428;,
  0.171718;0.505329;0.026095;,
  0.094722;0.437207;0.018694;,
  0.148300;0.448249;0.034950;,
  0.109281;0.448561;0.006735;,
  0.133601;0.437038;0.046325;,
  0.100469;0.441100;0.003768;,
  0.109276;0.426974;0.001940;,
  0.105477;0.433310;0.010095;,
  0.099295;0.434708;-0.005921;,
  0.139007;0.479858;0.043397;,
  0.127418;0.448980;-0.007174;,
  0.143936;0.442833;0.042572;,
  0.115089;0.480730;-0.000184;,
  0.158714;0.431952;0.034742;,
  0.172595;0.474554;0.026810;,
  0.148598;0.476199;-0.019272;,
  0.143250;0.438539;-0.013243;,
  0.112916;0.797207;-0.014010;,
  0.127337;0.784598;-0.036976;,
  0.087472;0.791557;-0.022890;,
  0.092385;0.776275;-0.042349;,
  0.085173;0.729015;0.071567;,
  0.066458;0.783618;-0.053417;,
  0.129036;0.758452;-0.045811;,
  0.110646;0.730322;-0.036871;,
  0.100607;0.748407;-0.048068;,
  0.122599;0.740316;-0.031097;,
  0.099470;0.769760;0.040667;,
  0.053390;0.765974;0.045209;,
  0.103755;0.771711;0.036214;,
  -0.002279;0.756858;0.031206;,
  0.011227;0.789879;-0.017106;,
  0.085387;0.799565;0.008175;,
  0.103755;0.771711;0.036214;,
  0.105002;0.725026;0.000490;,
  0.106251;0.760240;0.032768;,
  0.086096;0.732125;-0.014736;,
  0.099022;0.712459;0.048158;,
  0.105439;0.693919;0.019484;,
  0.113265;0.715133;-0.025892;,
  0.098159;0.722371;0.061577;,
  0.115089;0.480730;-0.000184;,
  0.069983;0.801712;-0.083539;,
  0.057192;0.819590;-0.077518;,
  0.020501;0.802584;-0.047012;,
  0.030643;0.825359;-0.080183;,
  0.143250;0.438539;-0.013243;,
  0.094722;0.437207;0.018694;,
  0.133601;0.437038;0.046325;,
  0.106550;0.459457;-0.001156;,
  0.110764;0.442457;-0.020240;,
  0.106550;0.459457;-0.001156;,
  0.117417;0.447049;0.005533;,
  0.130427;0.435872;-0.012118;,
  0.130427;0.435872;-0.012118;,
  0.100469;0.441100;0.003768;,
  0.099295;0.434708;-0.005921;,
  0.109276;0.426974;0.001940;,
  0.171784;0.028468;0.035860;,
  0.169626;0.006228;-0.017856;,
  0.164815;0.024907;-0.012636;,
  0.180170;0.006744;0.032920;,
  0.070744;0.041698;0.104242;,
  0.089203;0.007866;0.071648;,
  0.068049;0.008441;0.115642;,
  0.089565;0.032784;0.068476;,
  0.088353;0.083500;0.098517;,
  0.106295;0.044713;0.125736;,
  0.109849;0.090285;0.108322;,
  0.125675;0.007886;0.098006;,
  0.097768;0.008414;0.133860;,
  0.128219;0.042793;0.096101;,
  0.121618;0.078335;0.056423;,
  0.128296;0.077238;0.090379;,
  0.135933;0.022021;-0.018278;,
  0.134448;0.006387;-0.027475;,
  0.180170;0.006744;0.032920;,
  0.134448;0.006387;-0.027475;,
  0.033987;0.370554;0.046602;,
  0.059176;0.277845;0.066761;,
  0.055778;0.206588;0.065137;,
  0.073046;0.149842;0.069258;,
  0.097511;0.069135;0.069843;,
  0.097511;0.069135;0.069843;,
  -0.009388;0.461299;0.077258;,
  0.083936;0.784433;-0.104183;,
  0.067680;0.763444;-0.099789;,
  0.076393;0.764512;-0.106787;,
  0.065453;0.784860;-0.089672;,
  0.074385;0.812390;-0.114444;,
  0.065136;0.834543;-0.116935;,
  0.052336;0.816341;-0.238009;,
  0.034253;0.787103;-0.238880;,
  0.032499;0.816756;-0.241847;,
  0.071457;0.751413;-0.190394;,
  0.054878;0.743836;-0.191084;,
  0.066247;0.767977;-0.214503;,
  0.081574;0.768113;-0.127200;,
  0.087933;0.797100;-0.129295;,
  0.081497;0.796339;-0.112005;,
  0.086814;0.824655;-0.156922;,
  0.087899;0.806654;-0.173560;,
  0.078592;0.786409;-0.216166;,
  0.085931;0.812695;-0.210226;,
  0.085072;0.779877;-0.177741;,
  0.083315;0.841012;-0.155323;,
  0.071229;0.862250;-0.156355;,
  0.031636;0.870916;-0.152738;,
  0.063610;0.865134;-0.204166;,
  0.030267;0.873577;-0.201939;,
  0.086435;0.773725;-0.155928;,
  0.073267;0.751446;-0.122239;,
  0.073306;0.749227;-0.158125;,
  0.060309;0.731761;-0.102300;,
  0.040538;0.739961;-0.092895;,
  0.041418;0.720671;-0.101501;,
  0.060561;0.782168;-0.229950;,
  0.072386;0.814584;-0.228614;,
  0.079701;0.847264;-0.208002;,
  0.065877;0.843658;-0.226917;,
  0.048157;0.850462;-0.229689;,
  0.030757;0.852399;-0.230649;,
  0.033761;0.847706;-0.120012;,
  0.079701;0.847264;-0.208002;,
  0.065877;0.843658;-0.226917;,
  0.094096;0.797708;-0.132209;,
  0.097247;0.821950;-0.173046;,
  0.102708;0.823983;-0.152563;,
  0.091149;0.810854;-0.156841;,
  0.102708;0.823983;-0.152563;,
  0.094096;0.797708;-0.132209;,
  0.097247;0.821950;-0.173046;,
  0.087899;0.806654;-0.173560;,
  0.089716;0.792649;-0.152729;,
  0.087933;0.797100;-0.129295;,
  0.072098;0.756245;-0.179212;,
  0.089716;0.792649;-0.152729;,
  0.066458;0.783618;-0.053417;,
  0.069983;0.801712;-0.083539;,
  0.092385;0.776275;-0.042349;,
  0.074385;0.812390;-0.114444;,
  0.038719;0.743466;-0.078198;,
  0.039021;0.720625;-0.071550;,
  0.031102;0.543615;-0.011330;,
  -0.039806;0.529414;0.118968;,
  -0.040668;0.496119;0.127174;,
  -0.031102;0.460138;0.124377;,
  0.042604;0.757222;-0.093569;,
  -0.009388;0.461299;0.077258;,
  0.048157;0.850462;-0.229689;,
  0.030757;0.852399;-0.230649;,
  0.059852;0.736928;-0.133872;,
  0.051699;0.737260;-0.157435;,
  0.052304;0.733927;-0.148395;,
  0.035205;0.772466;-0.233898;,
  0.036710;0.753070;-0.217499;,
  0.052750;0.749573;-0.179592;,
  -0.015341;0.629774;0.075070;,
  0.092385;0.776275;-0.042349;,
  0.169626;0.006228;-0.017856;,
  0.052271;0.727327;-0.127709;,
  0.059522;0.734989;-0.127559;,
  0.051723;0.732279;-0.131070;,
  0.039823;0.728164;-0.148785;,
  0.039891;0.722087;-0.159911;,
  0.051525;0.728999;-0.136350;,
  0.040083;0.731229;-0.131235;,
  0.040630;0.723534;-0.126754;,
  0.038300;0.736259;-0.191773;,
  0.038516;0.736878;-0.181624;,
  0.106251;0.760240;0.032768;,
  0.040293;0.724855;-0.137367;,
  0.095374;0.735741;0.011890;,
  0.105002;0.725026;0.000490;,
  0.113265;0.715133;-0.025892;,
  0.083315;0.841012;-0.155323;,
  0.099563;0.231906;0.058330;,
  0.090881;0.155551;0.028899;,
  0.073445;0.230196;0.018337;,
  0.108610;0.158391;0.056192;,
  0.098726;0.287401;0.038261;,
  0.071562;0.279666;0.011104;,
  0.087105;0.377576;0.039782;,
  0.045268;0.368204;0.014699;,
  0.068840;0.472780;0.041841;,
  0.029728;0.455318;0.016713;,
  0.055603;0.500950;0.036714;,
  0.101606;0.084096;0.030356;,
  0.121618;0.078335;0.056423;,
  0.050854;0.147751;0.133523;,
  0.007783;0.104090;0.121168;,
  0.063738;0.078845;0.131850;,
  0.003772;0.177055;0.114753;,
  0.004751;0.243317;0.100456;,
  0.036448;0.213484;0.131055;,
  0.002482;0.310196;0.095533;,
  0.030015;0.272580;0.133202;,
  0.006947;0.367700;0.133187;,
  -0.019900;0.386654;0.114249;,
  -0.037765;0.469154;0.128598;,
  0.095374;0.735741;0.011890;,
  -0.027617;0.733261;-0.094268;,
  0.005213;0.725220;-0.077999;,
  -0.038450;0.712713;-0.090588;,
  0.006815;0.759076;-0.078079;,
  -0.044186;0.695916;-0.083482;,
  -0.008855;0.661432;-0.070496;,
  -0.054134;0.673609;-0.060361;,
  0.001523;0.689099;-0.078604;,
  -0.005298;0.795289;-0.059200;,
  -0.061565;0.782575;-0.044647;,
  -0.034144;0.791244;-0.030725;,
  -0.041924;0.776544;-0.069508;,
  -0.088079;0.558900;0.027118;,
  -0.060656;0.575673;0.059699;,
  -0.079049;0.568876;0.024448;,
  -0.064155;0.565841;0.068372;,
  -0.047197;0.553979;-0.019400;,
  -0.070304;0.531940;-0.001635;,
  -0.008352;0.543145;-0.029965;,
  -0.045225;0.503954;-0.011033;,
  -0.015953;0.493100;-0.002651;,
  -0.023384;0.577218;0.080991;,
  -0.027682;0.565746;0.089684;,
  -0.058609;0.676733;0.044315;,
  -0.009748;0.724704;0.056431;,
  -0.060362;0.719124;0.030849;,
  -0.013342;0.682903;0.068956;,
  -0.028055;0.470836;-0.018046;,
  -0.069088;0.372137;-0.044701;,
  -0.075221;0.464141;-0.002937;,
  -0.022863;0.380512;-0.051666;,
  -0.013201;0.284726;-0.078579;,
  -0.058410;0.279279;-0.052826;,
  0.006824;0.468127;0.017585;,
  -0.030269;0.351092;0.053193;,
  0.008674;0.371573;-0.008737;,
  -0.047078;0.468842;0.119035;,
  -0.027327;0.274934;0.005063;,
  -0.006167;0.276776;-0.030716;,
  -0.097948;0.355569;0.010869;,
  -0.096916;0.440559;0.049283;,
  -0.063700;0.278831;-0.012997;,
  -0.079457;0.006312;-0.018435;,
  -0.105446;0.010327;0.035791;,
  -0.119049;0.008553;0.003746;,
  -0.058807;0.008431;0.021491;,
  -0.029715;0.223812;-0.053117;,
  -0.075740;0.154276;-0.028849;,
  -0.070445;0.227759;-0.041265;,
  -0.036946;0.150957;-0.041681;,
  -0.075941;0.075950;-0.015726;,
  -0.044299;0.073443;-0.024488;,
  -0.004619;0.207925;-0.011617;,
  -0.036447;0.165617;0.031434;,
  -0.021529;0.151197;-0.006032;,
  -0.027639;0.230856;0.033671;,
  -0.065364;0.088761;0.020043;,
  -0.055161;0.069093;0.009958;,
  -0.092129;0.166154;0.003954;,
  -0.091652;0.240658;0.001493;,
  -0.082462;0.093772;0.004985;,
  -0.080102;0.505599;0.008708;,
  0.006824;0.468127;0.017585;,
  -0.108297;0.517071;0.054062;,
  -0.076391;0.527959;0.098168;,
  -0.101569;0.459928;0.059617;,
  -0.072752;0.470886;0.101232;,
  -0.056388;0.626781;0.051654;,
  -0.079758;0.666799;0.017181;,
  -0.082575;0.664654;-0.003220;,
  -0.043174;0.606564;-0.023075;,
  -0.073078;0.618025;0.015948;,
  -0.053914;0.649918;-0.045376;,
  -0.008051;0.638336;-0.059466;,
  -0.009782;0.596021;-0.035800;,
  -0.073177;0.698553;-0.104389;,
  -0.034547;0.710181;-0.068777;,
  -0.097762;0.656741;-0.089820;,
  -0.080977;0.614777;-0.031056;,
  -0.115883;0.614847;-0.064850;,
  -0.054894;0.656051;-0.047965;,
  -0.073729;0.730294;-0.026680;,
  -0.094790;0.688396;-0.006401;,
  -0.054894;0.656051;-0.047965;,
  -0.114599;0.636177;0.004848;,
  -0.080977;0.614777;-0.031056;,
  -0.084039;0.734800;-0.028031;,
  -0.137686;0.689387;-0.048386;,
  -0.112783;0.730160;-0.062187;,
  -0.149457;0.636169;-0.028776;,
  -0.095791;0.713458;-0.091635;,
  -0.114408;0.595204;-0.071788;,
  -0.081025;0.532521;-0.036148;,
  -0.106771;0.536770;-0.061964;,
  -0.073558;0.592559;-0.031480;,
  -0.088582;0.494666;-0.031099;,
  -0.103979;0.487861;-0.052090;,
  -0.073558;0.592559;-0.031480;,
  -0.126110;0.537909;-0.001330;,
  -0.081025;0.532521;-0.036148;,
  -0.116976;0.599071;0.013850;,
  -0.121454;0.489642;-0.013646;,
  -0.088582;0.494666;-0.031099;,
  -0.145593;0.541445;-0.021379;,
  -0.157669;0.601785;-0.026181;,
  -0.130499;0.488244;-0.025849;,
  -0.044663;0.441206;0.008353;,
  -0.094662;0.429249;-0.016423;,
  -0.086605;0.419620;0.001284;,
  -0.052345;0.451212;-0.009668;,
  -0.041342;0.448286;-0.006132;,
  -0.039525;0.433818;-0.014368;,
  -0.031849;0.446442;-0.012657;,
  -0.044810;0.437637;-0.005506;,
  -0.108170;0.456970;-0.002074;,
  -0.056173;0.451171;-0.032204;,
  -0.066883;0.480440;-0.016793;,
  -0.093835;0.423023;-0.008235;,
  -0.093864;0.411802;-0.024733;,
  -0.117918;0.448232;-0.037571;,
  -0.075446;0.473304;-0.053988;,
  -0.058146;0.439396;-0.048140;,
  -0.068362;0.775824;-0.079286;,
  -0.062143;0.762233;-0.105191;,
  -0.041924;0.776544;-0.069508;,
  -0.030819;0.761723;-0.086739;,
  -0.087397;0.711347;0.001705;,
  -0.005953;0.775066;-0.079505;,
  -0.053198;0.736627;-0.111413;,
  -0.038450;0.712713;-0.090588;,
  -0.055889;0.716368;-0.097737;,
  -0.027617;0.733261;-0.094268;,
  -0.084748;0.748737;-0.026059;,
  -0.085490;0.750237;-0.032161;,
  -0.054660;0.753212;0.006280;,
  -0.002279;0.756858;0.031206;,
  0.011227;0.789879;-0.017106;,
  -0.061565;0.782575;-0.044647;,
  -0.085490;0.750237;-0.032161;,
  -0.056236;0.705651;-0.058316;,
  -0.034547;0.710181;-0.068777;,
  -0.083247;0.738329;-0.036011;,
  -0.077485;0.694389;-0.023297;,
  -0.058327;0.677153;-0.046813;,
  -0.044186;0.695916;-0.083482;,
  -0.088191;0.703293;-0.013863;,
  -0.066883;0.480440;-0.016793;,
  0.002153;0.795644;-0.095801;,
  0.007011;0.815101;-0.086590;,
  0.020501;0.802584;-0.047012;,
  0.030643;0.825359;-0.080183;,
  -0.058146;0.439396;-0.048140;,
  -0.044663;0.441206;0.008353;,
  -0.086605;0.419620;0.001284;,
  -0.050876;0.464492;-0.012816;,
  -0.034431;0.455018;-0.030445;,
  -0.050876;0.464492;-0.012816;,
  -0.056280;0.447886;-0.016255;,
  -0.049157;0.440442;-0.038606;,
  -0.049157;0.440442;-0.038606;,
  -0.041342;0.448286;-0.006132;,
  -0.031849;0.446442;-0.012657;,
  -0.039525;0.433818;-0.014368;,
  -0.010946;0.024023;-0.055912;,
  0.041624;0.001877;-0.044481;,
  -0.007016;0.001834;-0.062475;,
  0.035939;0.020817;-0.041606;,
  -0.093432;0.043349;0.032874;,
  -0.058807;0.008431;0.021491;,
  -0.055361;0.033279;0.020141;,
  -0.105446;0.010327;0.035791;,
  -0.065364;0.088761;0.020043;,
  -0.109378;0.044267;-0.005595;,
  -0.082462;0.093772;0.004985;,
  -0.079457;0.006312;-0.018435;,
  -0.076838;0.041003;-0.022714;,
  -0.119049;0.008553;0.003746;,
  -0.044299;0.073443;-0.024488;,
  -0.075941;0.075950;-0.015726;,
  0.037201;0.019651;-0.012087;,
  0.045914;0.004120;-0.008334;,
  -0.007016;0.001834;-0.062475;,
  0.045914;0.004120;-0.008334;,
  0.008674;0.371573;-0.008737;,
  -0.006167;0.276776;-0.030716;,
  -0.004619;0.207925;-0.011617;,
  -0.021529;0.151197;-0.006032;,
  -0.055161;0.069093;0.009958;,
  -0.055161;0.069093;0.009958;,
  -0.008107;0.779218;-0.101905;,
  0.010611;0.760210;-0.098376;,
  0.012910;0.780160;-0.099171;,
  0.001499;0.760268;-0.104933;,
  -0.002291;0.808045;-0.112546;,
  0.004263;0.831094;-0.115428;,
  0.013050;0.814115;-0.237036;,
  0.032499;0.816756;-0.241847;,
  0.003753;0.747577;-0.188718;,
  0.005864;0.764556;-0.213008;,
  0.021026;0.741918;-0.190246;,
  -0.005056;0.763205;-0.125055;,
  -0.014743;0.791282;-0.126753;,
  -0.007416;0.791301;-0.109804;,
  -0.018106;0.818710;-0.154325;,
  -0.017971;0.800655;-0.170939;,
  -0.008550;0.781472;-0.214009;,
  -0.012348;0.774357;-0.175329;,
  -0.018508;0.806777;-0.207640;,
  -0.016400;0.835362;-0.152854;,
  -0.006855;0.857826;-0.154422;,
  0.031636;0.870916;-0.152738;,
  -0.001977;0.861418;-0.202543;,
  0.030267;0.873577;-0.201939;,
  -0.011931;0.768151;-0.153493;,
  0.003755;0.745286;-0.156403;,
  0.005314;0.747595;-0.120556;,
  0.021379;0.729555;-0.101336;,
  0.009143;0.779255;-0.228677;,
  -0.006186;0.810132;-0.226669;,
  -0.016118;0.841834;-0.205630;,
  -0.002925;0.839759;-0.225213;,
  0.030757;0.852399;-0.230649;,
  0.013755;0.848513;-0.228837;,
  0.033761;0.847706;-0.120012;,
  -0.016118;0.841834;-0.205630;,
  -0.002925;0.839759;-0.225213;,
  -0.021070;0.791182;-0.129358;,
  -0.028948;0.814800;-0.169923;,
  -0.020845;0.804508;-0.154069;,
  -0.033587;0.816261;-0.149189;,
  -0.033587;0.816261;-0.149189;,
  -0.021070;0.791182;-0.129358;,
  -0.028948;0.814800;-0.169923;,
  -0.017971;0.800655;-0.170939;,
  -0.017165;0.786593;-0.150083;,
  -0.014743;0.791282;-0.126753;,
  0.003122;0.752336;-0.177504;,
  -0.017165;0.786593;-0.150083;,
  -0.005953;0.775066;-0.079505;,
  0.002153;0.795644;-0.095801;,
  -0.030819;0.761723;-0.086739;,
  -0.002291;0.808045;-0.112546;,
  -0.039806;0.529414;0.118968;,
  -0.040668;0.496119;0.127174;,
  -0.031102;0.460138;0.124377;,
  -0.009388;0.461299;0.077258;,
  0.013755;0.848513;-0.228837;,
  0.030757;0.852399;-0.230649;,
  0.019692;0.734652;-0.132878;,
  0.026583;0.735837;-0.156814;,
  0.026805;0.732482;-0.147763;,
  0.023058;0.747890;-0.178857;,
  -0.015341;0.629774;0.075070;,
  -0.030819;0.761723;-0.086739;,
  0.041624;0.001877;-0.044481;,
  0.020549;0.732781;-0.126595;,
  0.028603;0.725986;-0.127123;,
  0.028422;0.730959;-0.130493;,
  0.028728;0.727707;-0.135786;,
  -0.083247;0.738329;-0.036011;,
  -0.057499;0.717288;-0.044538;,
  -0.056236;0.705651;-0.058316;,
  -0.044186;0.695916;-0.083482;,
  -0.016400;0.835362;-0.152854;,
  0.030389;0.219817;-0.034562;,
  0.060376;0.148095;0.000014;,
  0.022449;0.143269;-0.026743;,
  0.053583;0.225105;-0.005411;,
  0.028246;0.281569;-0.050350;,
  0.054831;0.278824;-0.017058;,
  0.024734;0.371873;-0.020343;,
  0.038881;0.364052;-0.000567;,
  0.018431;0.458747;-0.000481;,
  0.025699;0.447989;0.011321;,
  0.025058;0.486109;0.009696;,
  -0.015953;0.493100;-0.002651;,
  0.067996;0.082406;0.001223;,
  0.022333;0.071079;-0.020513;,
  -0.047840;0.089344;0.068136;,
  -0.092129;0.166154;0.003954;,
  -0.082453;0.093772;0.004995;,
  -0.043516;0.163774;0.057358;,
  -0.091652;0.240658;0.001493;,
  -0.041622;0.229072;0.043769;,
  -0.035754;0.272130;0.038171;,
  -0.063700;0.278831;-0.012997;,
  -0.097948;0.355569;0.010869;,
  -0.036715;0.346103;0.068681;,
  -0.040668;0.496119;0.127174;,
  -0.072752;0.470886;0.101232;,
  -0.057499;0.717288;-0.044538;,
  -0.028055;0.470836;-0.018046;,
  -0.022863;0.380512;-0.051666;,
  -0.013201;0.284726;-0.078579;,
  -0.029715;0.223812;-0.053117;,
  -0.036946;0.150957;-0.041681;,
  -0.044299;0.073443;-0.024488;,
  0.089963;0.377019;0.140589;,
  0.000601;0.484396;0.147053;,
  0.059511;0.461801;0.142736;,
  0.084674;0.284288;0.121562;,
  0.102496;0.231925;0.142555;,
  0.113285;0.159375;0.129239;,
  0.109849;0.090285;0.108322;,
  -0.096916;0.440559;0.049283;;
  916;
  3;0,1,2;,
  3;1,0,3;,
  3;4,5,6;,
  3;5,4,7;,
  3;8,9,10;,
  3;9,8,11;,
  3;12,13,14;,
  3;13,12,15;,
  3;16,12,17;,
  3;12,16,15;,
  3;18,19,20;,
  3;19,18,16;,
  3;6,21,22;,
  3;21,6,5;,
  3;14,23,24;,
  3;23,14,13;,
  3;25,26,27;,
  3;26,25,28;,
  3;29,30,31;,
  3;30,29,32;,
  3;30,33,31;,
  3;33,30,34;,
  3;35,36,37;,
  3;36,35,38;,
  3;38,39,36;,
  3;39,38,40;,
  3;37,41,42;,
  3;41,37,36;,
  3;36,43,41;,
  3;43,36,39;,
  3;42,30,32;,
  3;30,42,41;,
  3;41,34,30;,
  3;34,41,43;,
  3;44,45,46;,
  3;45,44,47;,
  3;48,49,50;,
  3;49,48,51;,
  3;50,52,53;,
  3;52,50,49;,
  3;54,55,56;,
  3;55,54,57;,
  3;57,58,55;,
  3;58,57,59;,
  3;56,60,61;,
  3;60,56,55;,
  3;55,62,60;,
  3;62,55,58;,
  3;61,49,51;,
  3;49,61,60;,
  3;60,52,49;,
  3;52,60,62;,
  3;32,19,63;,
  3;19,32,29;,
  3;64,65,66;,
  3;65,64,20;,
  3;14,67,12;,
  3;67,14,68;,
  3;68,69,67;,
  3;69,68,70;,
  3;70,42,69;,
  3;42,70,37;,
  3;48,34,51;,
  3;34,48,33;,
  3;51,43,61;,
  3;43,51,34;,
  3;43,56,61;,
  3;56,43,39;,
  3;39,54,56;,
  3;54,39,40;,
  3;12,63,17;,
  3;63,12,67;,
  3;67,32,63;,
  3;32,67,69;,
  3;69,42,32;,
  3;71,72,25;,
  3;73,74,75;,
  3;74,73,76;,
  3;74,77,75;,
  3;77,74,78;,
  3;79,78,80;,
  3;78,79,77;,
  3;81,82,83;,
  3;82,84,85;,
  3;84,82,86;,
  3;87,88,89;,
  3;88,90,89;,
  3;90,88,91;,
  3;92,93,94;,
  3;92,89,93;,
  3;92,87,89;,
  3;89,95,93;,
  3;95,89,90;,
  3;96,93,82;,
  3;93,86,82;,
  3;86,93,95;,
  3;97,98,99;,
  3;98,97,100;,
  3;100,101,98;,
  3;101,100,102;,
  3;103,104,105;,
  3;104,103,106;,
  3;106,107,104;,
  3;107,106,108;,
  3;105,109,110;,
  3;109,105,104;,
  3;104,111,109;,
  3;111,104,107;,
  3;110,100,97;,
  3;100,110,109;,
  3;109,102,100;,
  3;102,109,111;,
  3;112,113,114;,
  3;113,112,115;,
  3;116,117,118;,
  3;117,116,119;,
  3;120,121,122;,
  3;121,120,123;,
  3;120,124,125;,
  3;124,120,122;,
  3;126,124,127;,
  3;124,126,125;,
  3;95,97,86;,
  3;97,95,110;,
  3;86,99,84;,
  3;99,86,97;,
  3;90,103,105;,
  3;103,90,91;,
  3;105,95,90;,
  3;95,105,110;,
  3;128,96,129;,
  3;96,128,94;,
  3;129,130,128;,
  3;130,129,131;,
  3;72,28,25;,
  3;28,72,132;,
  3;10,133,8;,
  3;134,135,136;,
  3;135,134,137;,
  3;81,137,134;,
  3;138,11,139;,
  3;138,9,11;,
  3;138,140,9;,
  3;141,11,142;,
  3;11,141,139;,
  3;128,130,143;,
  3;94,144,92;,
  3;94,143,144;,
  3;94,128,143;,
  3;145,87,146;,
  3;87,145,147;,
  3;75,148,73;,
  3;148,75,149;,
  3;150,147,145;,
  3;7,149,75;,
  3;148,151,73;,
  3;102,152,101;,
  3;152,102,126;,
  3;102,125,126;,
  3;125,102,111;,
  3;111,120,125;,
  3;120,111,107;,
  3;120,108,123;,
  3;108,120,107;,
  3;8,153,154;,
  3;153,8,133;,
  3;154,155,8;,
  3;155,154,156;,
  3;122,114,113;,
  3;114,122,121;,
  3;121,112,114;,
  3;112,121,157;,
  3;158,124,159;,
  3;124,158,127;,
  3;159,122,113;,
  3;122,159,124;,
  3;126,160,152;,
  3;160,126,161;,
  3;162,121,123;,
  3;121,162,163;,
  3;121,164,157;,
  3;164,121,163;,
  3;165,126,127;,
  3;126,165,161;,
  3;161,166,160;,
  3;166,161,167;,
  3;162,118,163;,
  3;118,162,116;,
  3;163,117,164;,
  3;117,163,118;,
  3;165,167,161;,
  3;167,165,168;,
  3;169,170,171;,
  3;170,169,172;,
  3;173,174,175;,
  3;174,173,176;,
  3;177,178,179;,
  3;178,177,173;,
  3;180,178,181;,
  3;178,180,182;,
  3;183,169,171;,
  3;169,183,184;,
  3;174,185,186;,
  3;185,174,176;,
  3;46,187,44;,
  3;187,46,188;,
  3;180,169,182;,
  3;169,180,172;,
  3;20,29,65;,
  3;19,29,20;,
  3;29,31,189;,
  3;31,190,189;,
  3;190,31,33;,
  3;33,191,190;,
  3;191,33,48;,
  3;191,50,192;,
  3;50,191,48;,
  3;192,53,193;,
  3;53,192,50;,
  3;194,171,185;,
  3;171,194,183;,
  3;171,186,185;,
  3;186,171,170;,
  3;185,176,194;,
  3;194,173,177;,
  3;173,194,176;,
  3;178,175,181;,
  3;175,178,173;,
  3;179,182,184;,
  3;182,179,178;,
  3;182,169,184;,
  3;16,17,19;,
  3;17,63,19;,
  3;65,195,66;,
  3;196,197,198;,
  3;197,196,199;,
  3;200,154,153;,
  3;154,200,201;,
  3;202,203,204;,
  3;205,206,207;,
  3;196,208,209;,
  3;208,196,198;,
  3;210,209,211;,
  3;209,210,196;,
  3;212,213,214;,
  3;213,212,215;,
  3;212,214,211;,
  3;201,216,217;,
  3;216,201,200;,
  3;218,219,220;,
  3;219,218,217;,
  3;210,199,196;,
  3;213,205,207;,
  3;221,222,223;,
  3;198,197,224;,
  3;224,225,226;,
  3;225,224,197;,
  3;227,213,207;,
  3;228,229,214;,
  3;229,228,230;,
  3;220,231,232;,
  3;213,228,214;,
  3;156,201,233;,
  3;201,156,154;,
  3;233,217,218;,
  3;217,233,201;,
  3;219,217,234;,
  3;235,219,234;,
  3;236,237,238;,
  3;237,236,239;,
  3;209,240,211;,
  3;240,209,241;,
  3;211,242,212;,
  3;242,211,240;,
  3;243,239,244;,
  3;239,243,237;,
  3;244,236,245;,
  3;236,244,239;,
  3;246,221,223;,
  3;221,246,215;,
  3;221,212,247;,
  3;212,221,215;,
  3;199,248,2;,
  3;248,199,249;,
  3;133,10,250;,
  3;249,210,251;,
  3;210,249,199;,
  3;210,211,251;,
  3;252,1,253;,
  3;1,252,2;,
  3;20,254,18;,
  3;254,20,64;,
  3;24,68,14;,
  3;68,24,255;,
  3;68,256,70;,
  3;256,68,255;,
  3;256,37,70;,
  3;37,256,257;,
  3;258,2,252;,
  3;2,258,199;,
  3;257,259,37;,
  3;37,259,35;,
  3;260,204,261;,
  3;204,260,202;,
  3;262,263,223;,
  3;263,262,264;,
  3;197,258,225;,
  3;258,197,199;,
  3;265,203,227;,
  3;265,207,266;,
  3;207,265,227;,
  3;223,267,246;,
  3;267,223,263;,
  3;88,87,147;,
  3;83,82,85;,
  3;78,16,18;,
  3;16,78,74;,
  3;74,15,16;,
  3;15,74,76;,
  3;15,71,13;,
  3;71,15,76;,
  3;13,268,23;,
  3;268,13,71;,
  3;248,269,2;,
  3;2,269,0;,
  3;136,129,134;,
  3;129,136,131;,
  3;134,96,81;,
  3;96,134,129;,
  3;96,82,81;,
  3;93,96,94;,
  3;29,189,65;,
  3;205,215,246;,
  3;267,205,246;,
  3;205,267,206;,
  3;205,213,215;,
  3;187,188,270;,
  3;224,271,272;,
  3;222,221,208;,
  3;224,222,198;,
  3;272,273,262;,
  3;273,272,271;,
  3;263,274,275;,
  3;273,276,262;,
  3;277,271,278;,
  3;271,277,273;,
  3;222,272,262;,
  3;272,222,224;,
  3;222,208,198;,
  3;209,221,247;,
  3;221,209,208;,
  3;223,222,262;,
  3;266,206,279;,
  3;206,266,207;,
  3;206,280,279;,
  3;280,206,267;,
  3;280,263,275;,
  3;263,280,267;,
  3;264,262,276;,
  3;76,73,72;,
  3;138,281,140;,
  3;73,132,72;,
  3;132,73,151;,
  3;72,71,76;,
  3;271,226,278;,
  3;155,11,8;,
  3;276,277,282;,
  3;277,276,273;,
  3;274,276,282;,
  3;276,274,264;,
  3;28,141,26;,
  3;141,28,139;,
  3;139,132,138;,
