xof 0303txt 0032
template ColorRGBA {
 <35ff44e0-6c7c-11cf-8f52-0040333594a3>
 FLOAT red;
 FLOAT green;
 FLOAT blue;
 FLOAT alpha;
}

template ColorRGB {
 <d3e16e81-7835-11cf-8f52-0040333594a3>
 FLOAT red;
 FLOAT green;
 FLOAT blue;
}

template Material {
 <3d82ab4d-62da-11cf-ab39-0020af71e433>
 ColorRGBA faceColor;
 FLOAT power;
 ColorRGB specularColor;
 ColorRGB emissiveColor;
 [...]
}

template TextureFilename {
 <a42790e1-7810-11cf-8f52-0040333594a3>
 STRING filename;
}

template Frame {
 <3d82ab46-62da-11cf-ab39-0020af71e433>
 [...]
}

template Matrix4x4 {
 <f6f23f45-7686-11cf-8f52-0040333594a3>
 array FLOAT matrix[16];
}

template FrameTransformMatrix {
 <f6f23f41-7686-11cf-8f52-0040333594a3>
 Matrix4x4 frameMatrix;
}

template Vector {
 <3d82ab5e-62da-11cf-ab39-0020af71e433>
 FLOAT x;
 FLOAT y;
 FLOAT z;
}

template MeshFace {
 <3d82ab5f-62da-11cf-ab39-0020af71e433>
 DWORD nFaceVertexIndices;
 array DWORD faceVertexIndices[nFaceVertexIndices];
}

template Mesh {
 <3d82ab44-62da-11cf-ab39-0020af71e433>
 DWORD nVertices;
 array Vector vertices[nVertices];
 DWORD nFaces;
 array MeshFace faces[nFaces];
 [...]
}

template MeshMaterialList {
 <f6f23f42-7686-11cf-8f52-0040333594a3>
 DWORD nMaterials;
 DWORD nFaceIndexes;
 array DWORD faceIndexes[nFaceIndexes];
 [Material <3d82ab4d-62da-11cf-ab39-0020af71e433>]
}

template VertexElement {
 <f752461c-1e23-48f6-b9f8-8350850f336f>
 DWORD Type;
 DWORD Method;
 DWORD Usage;
 DWORD UsageIndex;
}

template DeclData {
 <bf22e553-292c-4781-9fea-62bd554bdd93>
 DWORD nElements;
 array VertexElement Elements[nElements];
 DWORD nDWords;
 array DWORD data[nDWords];
}

template XSkinMeshHeader {
 <3cf169ce-ff7c-44ab-93c0-f78f62d172e2>
 WORD nMaxSkinWeightsPerVertex;
 WORD nMaxSkinWeightsPerFace;
 WORD nBones;
}

template SkinWeights {
 <6f0d123b-bad2-4167-a0d0-80224f25fabb>
 STRING transformNodeName;
 DWORD nWeights;
 array DWORD vertexIndices[nWeights];
 array FLOAT weights[nWeights];
 Matrix4x4 matrixOffset;
}

template AnimTicksPerSecond {
 <9e415a43-7ba6-4a73-8743-b73d47e88476>
 DWORD AnimTicksPerSecond;
}

template Animation {
 <3d82ab4f-62da-11cf-ab39-0020af71e433>
 [...]
}

template AnimationSet {
 <3d82ab50-62da-11cf-ab39-0020af71e433>
 [Animation <3d82ab4f-62da-11cf-ab39-0020af71e433>]
}

template FloatKeys {
 <10dd46a9-775b-11cf-8f52-0040333594a3>
 DWORD nValues;
 array FLOAT values[nValues];
}

template TimedFloatKeys {
 <f406b180-7b3b-11cf-8f52-0040333594a3>
 DWORD time;
 FloatKeys tfkeys;
}

template AnimationKey {
 <10dd46a8-775b-11cf-8f52-0040333594a3>
 DWORD keyType;
 DWORD nKeys;
 array TimedFloatKeys keys[nKeys];
}


Material _03_-_Default {
 1.000000;1.000000;1.000000;1.000000;;
 9.999999;
 0.000000;0.000000;0.000000;;
 0.000000;0.000000;0.000000;;

 TextureFilename {
  "MaleBody_full.png";
 }
}

Frame Dummy01 {
 

 FrameTransformMatrix {
  1.000000,0.000000,0.000000,0.000000,0.000000,-0.000000,-1.000000,0.000000,0.000000,1.000000,-0.000000,0.000000,0.000000,0.000000,0.000000,1.000000;;
 }

 Frame Bip01 {
  

  FrameTransformMatrix {
   0.380301,0.870635,-0.312035,0.000000,0.137346,0.280479,0.949983,0.000000,0.914608,-0.404136,-0.012912,0.000000,-0.005481,0.059454,0.472346,1.000000;;
  }

  Frame Bip01_Pelvis {
   

   FrameTransformMatrix {
    0.000000,1.000000,-0.000001,0.000000,-0.000001,0.000001,1.000000,0.000000,1.000000,0.000000,0.000001,0.000000,0.000000,0.000000,0.000000,1.000000;;
   }

   Frame Bip01_Spine {
    

    FrameTransformMatrix {
     0.969208,-0.234833,-0.074096,0.000000,0.218257,0.958563,-0.183090,0.000000,0.114021,0.161280,0.980300,0.000000,0.051624,-0.000014,-0.000083,1.000000;;
    }

    Frame Bip01_Spine1 {
     

     FrameTransformMatrix {
      0.900752,-0.000302,0.434334,0.000000,-0.165265,0.924542,0.343380,0.000000,-0.401664,-0.381080,0.832733,0.000000,0.106514,0.000032,-0.000071,1.000000;;
     }

     Frame Bip01_Neck {
      

      FrameTransformMatrix {
       0.903366,0.000001,0.428870,0.000000,-0.000001,1.000000,-0.000000,0.000000,-0.428870,-0.000000,0.903366,0.000000,0.130516,0.000000,0.004628,1.000000;;
      }

      Frame Bip01_Head {
       

       FrameTransformMatrix {
        0.521405,-0.144528,-0.840981,0.000000,0.137051,0.986941,-0.084641,0.000000,0.842231,-0.071125,0.534404,0.000000,0.033674,0.000000,-0.000000,1.000000;;
       }

       Frame Bip01_HeadNub {
        

        FrameTransformMatrix {
         1.000000,0.000000,0.000000,0.000000,0.000000,1.000000,0.000000,0.000000,-0.000000,-0.000000,1.000000,0.000000,0.169824,0.000000,0.000000,1.000000;;
        }
       }
      }

      Frame Bip01_L_Clavicle {
       

       FrameTransformMatrix {
        0.397924,0.910142,0.115317,0.000000,0.820095,-0.296548,-0.489390,0.000000,-0.411217,0.289311,-0.864407,0.000000,-0.023698,0.015715,0.006128,1.000000;;
       }

       Frame Bip01_L_UpperArm {
        

        FrameTransformMatrix {
         0.431363,0.403403,-0.806965,0.000000,0.582335,0.558673,0.590568,0.000000,0.689066,-0.724673,0.006075,0.000000,0.087086,0.000000,0.000000,1.000000;;
        }

        Frame Bip01_L_Forearm {
         

         FrameTransformMatrix {
          0.858437,0.000000,-0.512919,0.000000,-0.000000,1.000000,-0.000000,0.000000,0.512919,-0.000000,0.858437,0.000000,0.137062,0.000000,0.000000,1.000000;;
         }

         Frame Bip01_L_Hand {
          

          FrameTransformMatrix {
           0.927303,0.242486,-0.285149,0.000000,-0.150350,0.938933,0.309516,0.000000,0.342789,-0.244143,0.907133,0.000000,0.137062,0.000000,-0.000000,1.000000;;
          }

          Frame Bip01_L_Finger0 {
           

           FrameTransformMatrix {
            0.469430,-0.728558,0.498838,0.000000,0.881219,0.422128,-0.212748,0.000000,-0.055575,0.539456,0.840178,0.000000,0.057681,-0.023605,-0.000272,1.000000;;
           }

           Frame Bip01_L_Finger0Nub {
            

            FrameTransformMatrix {
             1.000000,-0.000000,0.000000,0.000000,0.000000,1.000000,-0.000000,0.000000,0.000000,-0.000000,1.000000,0.000000,0.029435,0.000000,0.000000,1.000000;;
            }
           }
          }

          Frame Bip01_L_Finger1 {
           

           FrameTransformMatrix {
            0.488529,-0.000695,0.872547,0.000000,0.000000,1.000000,0.000796,0.000000,-0.872548,-0.000389,0.488529,0.000000,0.084102,0.000000,-0.000000,1.000000;;
           }

           Frame Bip01_L_Finger1Nub {
            

            FrameTransformMatrix {
             1.000000,0.000000,0.000000,0.000000,-0.000000,1.000000,0.000000,0.000000,0.000000,0.000000,1.000000,0.000000,0.047988,0.000000,0.000000,1.000000;;
            }
           }
          }
         }
        }
       }
      }

      Frame Bip01_R_Clavicle {
       

       FrameTransformMatrix {
        0.290115,-0.951059,0.106395,0.000000,-0.860649,-0.210676,0.463572,0.000000,-0.418469,-0.226058,-0.879648,0.000000,-0.023698,-0.015714,0.006128,1.000000;;
       }

       Frame Bip01_R_UpperArm {
        

        FrameTransformMatrix {
         0.589515,-0.536910,-0.603489,0.000000,-0.171470,0.646909,-0.743039,0.000000,0.789348,0.541513,0.289299,0.000000,0.087086,0.000000,0.000000,1.000000;;
        }

        Frame Bip01_R_Forearm {
         

         FrameTransformMatrix {
          0.747948,-0.000000,-0.663757,0.000000,0.000000,1.000000,-0.000000,0.000000,0.663757,0.000000,0.747948,0.000000,0.137062,0.000000,0.000000,1.000000;;
         }

         Frame Bip01_R_Hand {
          

          FrameTransformMatrix {
           0.723944,-0.539683,0.429706,0.000000,0.359593,-0.236362,-0.902677,0.000000,0.588726,0.808007,0.022953,0.000000,0.137062,0.000000,0.000000,1.000000;;
          }

          Frame Bip01_R_Finger0 {
           

           FrameTransformMatrix {
            0.310056,0.696336,0.647288,0.000000,-0.945910,0.294338,0.136458,0.000000,-0.095501,-0.654586,0.749933,0.000000,0.057681,0.023605,-0.000272,1.000000;;
           }

           Frame Bip01_R_Finger0Nub {
            

            FrameTransformMatrix {
             -1.000000,-0.000000,0.000000,0.000000,0.000000,1.000000,-0.000000,0.000000,0.000000,0.000000,-1.000000,0.000000,0.029435,0.000000,0.000000,1.000000;;
            }
           }
          }

          Frame Bip01_R_Finger1 {
           

           FrameTransformMatrix {
            0.790201,0.000488,0.612847,0.000000,0.000000,1.000000,-0.000796,0.000000,-0.612847,0.000629,0.790201,0.000000,0.084102,0.000000,0.000000,1.000000;;
           }

           Frame Bip01_R_Finger1Nub {
            

            FrameTransformMatrix {
             -1.000000,0.000000,0.000000,0.000000,0.000000,1.000000,-0.000000,0.000000,0.000000,0.000000,-1.000000,0.000000,0.047988,0.000000,0.000000,1.000000;;
            }
           }
          }
         }
        }
       }
      }
     }

     Frame Bip01_BackPack {
      

      FrameTransformMatrix {
       0.180560,0.080500,-0.980264,0.000000,0.047560,0.994765,0.090451,0.000000,0.982413,-0.062954,0.175786,0.000000,0.063697,0.000003,-0.088856,1.000000;;
      }

      Frame Bip01_BackPackNub {
       

       FrameTransformMatrix {
        0.000796,0.000003,1.000000,0.000000,0.000000,-1.000000,0.000003,0.000000,1.000000,-0.000000,-0.000796,0.000000,0.053240,0.000000,0.000000,1.000000;;
       }
      }
     }
    }

    Frame Bip01_L_Thigh {
     

     FrameTransformMatrix {
      -0.992083,-0.068310,-0.105381,0.000000,0.091451,-0.968065,-0.233425,0.000000,-0.086070,-0.241214,0.966648,0.000000,-0.063012,0.041668,0.003104,1.000000;;
     }

     Frame Bip01_L_Calf {
      

      FrameTransformMatrix {
       0.852625,-0.000000,-0.522524,0.000000,-0.000000,1.000000,-0.000000,0.000000,0.522524,0.000000,0.852625,0.000000,0.237500,0.000000,0.000000,1.000000;;
      }

      Frame Bip01_L_Foot {
       

       FrameTransformMatrix {
        0.878504,-0.275434,-0.390341,0.000000,0.174153,0.945480,-0.275205,0.000000,0.444861,0.173790,0.878576,0.000000,0.206841,-0.000000,-0.000000,1.000000;;
       }

       Frame Bip01_L_Toe0 {
        

        FrameTransformMatrix {
         -0.899053,0.000000,0.437839,0.000000,0.000000,1.000000,0.000000,0.000000,-0.437839,0.000000,-0.899053,0.000000,0.065373,0.000000,0.066450,1.000000;;
        }

        Frame Bip01_L_Toe0Nub {
         

         FrameTransformMatrix {
          -1.000000,-0.000000,0.000000,0.000000,0.000000,1.000000,-0.000000,0.000000,-0.000000,-0.000000,-1.000000,0.000000,0.006735,0.000000,0.000000,1.000000;;
         }
        }
       }
      }
     }
    }

    Frame Bip01_R_Thigh {
     

     FrameTransformMatrix {
      -0.658301,-0.471359,0.586907,0.000000,0.104518,-0.829362,-0.548849,0.000000,0.745463,-0.299965,0.595235,0.000000,-0.037075,-0.064206,-0.014709,1.000000;;
     }

     Frame Bip01_R_Calf {
      

      FrameTransformMatrix {
       0.714640,-0.000000,-0.699492,0.000000,-0.000000,1.000000,-0.000000,0.000000,0.699492,-0.000000,0.714640,0.000000,0.237500,0.000000,0.000000,1.000000;;
      }

      Frame Bip01_R_Foot {
       

       FrameTransformMatrix {
        0.968429,0.000311,0.249291,0.000000,-0.046633,0.982573,0.179932,0.000000,-0.244891,-0.185877,0.951566,0.000000,0.206841,0.000000,0.000000,1.000000;;
       }

       Frame Bip01_R_Toe0 {
        

        FrameTransformMatrix {
         -0.000001,0.293270,0.956030,0.000000,0.000001,0.956030,-0.293270,0.000000,-1.000000,0.000000,-0.000001,0.000000,0.065373,0.000000,0.066450,1.000000;;
        }

        Frame Bip01_R_Toe0Nub {
         

         FrameTransformMatrix {
          1.000000,-0.000000,0.000000,0.000000,0.000000,1.000000,0.000000,0.000000,0.000000,0.000000,1.000000,0.000000,0.006735,-0.000000,-0.000000,1.000000;;
         }
        }
       }
      }
     }
    }
   }

   Frame Bip01_DressFront {
    

    FrameTransformMatrix {
     -0.687484,-0.102479,0.718932,0.000000,-0.140159,0.990104,0.007105,0.000000,-0.712545,-0.095880,-0.695044,0.000000,-0.043898,0.001413,0.061043,1.000000;;
    }

    Frame Bip01_DressFront02 {
     

     FrameTransformMatrix {
      0.986827,-0.157817,0.035573,0.000000,0.158140,0.987396,-0.006418,0.000000,-0.034112,0.011959,0.999347,0.000000,0.183329,-0.000002,-0.000132,1.000000;;
     }

     Frame Bip01_DressFrontNub {
      

      FrameTransformMatrix {
       0.000796,0.000003,1.000000,0.000000,-0.000000,-1.000000,0.000003,0.000000,1.000000,-0.000000,-0.000796,0.000000,0.165302,0.000000,0.000000,1.000000;;
      }
     }
    }
   }

   Frame Bip01_DressBack {
    

    FrameTransformMatrix {
     -0.882384,0.064962,0.466025,0.000000,-0.136047,0.912898,-0.384850,0.000000,-0.450434,-0.402987,-0.796688,0.000000,-0.047669,0.000057,-0.078308,1.000000;;
    }

    Frame Bip01_DressBack02 {
     

     FrameTransformMatrix {
      0.950170,-0.137078,0.279977,0.000000,0.179285,0.975027,-0.131067,0.000000,-0.255019,0.174731,0.951017,0.000000,0.176186,-0.000019,-0.000103,1.000000;;
     }

     Frame Bip01_DressBackNub {
      

      FrameTransformMatrix {
       0.000796,0.000003,1.000000,0.000000,0.000000,-1.000000,0.000003,0.000000,1.000000,0.000000,-0.000796,0.000000,0.136508,-0.000000,0.000000,1.000000;;
      }
     }
    }
   }
  }

  Frame Bip01_Prop1 {
   

   FrameTransformMatrix {
    -0.439977,-0.329505,0.835372,0.000000,0.041023,0.921903,0.385243,0.000000,-0.897071,0.203767,-0.392099,0.000000,0.264869,0.364981,-0.182526,1.000000;;
   }
  }

  Frame Bip01_Prop2 {
   

   FrameTransformMatrix {
    0.950269,-0.238427,0.200355,0.000000,0.270937,0.950143,-0.154344,0.000000,-0.153566,0.200952,0.967490,0.000000,0.312699,0.349592,-0.053170,1.000000;;
   }
  }
 }
}

Frame Translation_Data {
 

 FrameTransformMatrix {
  1.000000,0.000000,0.000000,0.000000,0.000000,-0.000000,-1.000000,0.000000,0.000000,1.000000,-0.000000,0.000000,0.000000,-0.000000,0.000000,1.000000;;
 }
}

Frame Body {
 

 FrameTransformMatrix {
  1.000000,0.000000,0.000000,0.000000,0.000000,1.000000,0.000000,0.000000,0.000000,0.000000,1.000000,0.000000,0.000000,0.000000,0.000000,1.000000;;
 }

 Mesh Body {
  617;
  0.069939;0.694793;-0.198426;,
  0.041152;0.680470;-0.185444;,
  0.036865;0.713562;-0.191390;,
  0.082936;0.676193;-0.186460;,
  0.087530;0.659769;-0.159997;,
  0.057584;0.625138;-0.154979;,
  0.047760;0.645414;-0.178655;,
  0.084633;0.645174;-0.121893;,
  0.033801;0.752596;-0.174614;,
  0.076483;0.747468;-0.134610;,
  0.070683;0.737549;-0.171243;,
  0.043245;0.755320;-0.135084;,
  0.062835;0.530226;-0.005971;,
  0.017051;0.544852;-0.008309;,
  0.015136;0.533884;-0.000155;,
  0.056687;0.542331;-0.013919;,
  0.075174;0.527054;-0.064601;,
  0.076902;0.503046;-0.036515;,
  0.062478;0.512930;-0.101514;,
  0.071417;0.471647;-0.061854;,
  0.047740;0.460300;-0.078776;,
  0.008333;0.617074;-0.175208;,
  0.008534;0.644870;-0.190758;,
  -0.021679;0.541083;-0.025839;,
  -0.023800;0.530298;-0.016142;,
  0.014345;0.651135;-0.034134;,
  -0.026783;0.689845;-0.065712;,
  -0.034257;0.646775;-0.049677;,
  0.028315;0.692709;-0.054406;,
  0.058277;0.419156;-0.060295;,
  0.087314;0.337866;0.014278;,
  0.060747;0.326763;-0.023489;,
  0.078402;0.432742;-0.015741;,
  0.057595;0.231951;0.011416;,
  0.071074;0.255392;0.055917;,
  0.005471;0.422937;-0.055870;,
  -0.010958;0.357654;0.052800;,
  -0.028231;0.434141;0.020767;,
  0.007439;0.331155;-0.015981;,
  0.008642;0.271805;0.068139;,
  0.018493;0.248068;0.035769;,
  0.066787;0.361212;0.071101;,
  0.051992;0.434784;0.040162;,
  0.047429;0.277227;0.079566;,
  0.026250;0.116709;0.271989;,
  -0.013315;0.161099;0.281795;,
  -0.018645;0.113718;0.271310;,
  0.021541;0.160833;0.281761;,
  0.041352;0.202889;0.071874;,
  0.045310;0.177856;0.154941;,
  0.026024;0.155355;0.126614;,
  0.062788;0.225992;0.100540;,
  0.022471;0.127101;0.209077;,
  0.008823;0.103351;0.190785;,
  -0.007571;0.204739;0.086281;,
  -0.021802;0.206121;0.153004;,
  -0.018265;0.254669;0.108628;,
  -0.009243;0.169703;0.134291;,
  -0.012089;0.149838;0.205081;,
  -0.012550;0.121893;0.210299;,
  0.036542;0.210280;0.173851;,
  0.050802;0.266212;0.126677;,
  0.011646;0.153341;0.206064;,
  0.076554;0.477164;-0.021455;,
  0.013685;0.449820;-0.103547;,
  0.005471;0.422937;-0.055870;,
  0.003621;0.421416;-0.081680;,
  0.056751;0.489101;0.028031;,
  0.001676;0.495993;0.029097;,
  0.049261;0.445583;0.038616;,
  -0.001141;0.454161;0.039176;,
  0.012406;0.601056;-0.021268;,
  0.049244;0.647200;-0.036484;,
  0.065476;0.646638;-0.048170;,
  0.065500;0.586238;-0.074573;,
  0.078113;0.628815;-0.094698;,
  0.051256;0.599420;-0.029321;,
  0.059400;0.609276;-0.134445;,
  0.057680;0.570777;-0.106454;,
  0.016844;0.606508;-0.159760;,
  0.016726;0.557378;-0.128516;,
  0.097912;0.740466;-0.221600;,
  0.116570;0.737173;-0.268568;,
  0.066663;0.697838;-0.211500;,
  0.100172;0.684595;-0.319283;,
  0.079848;0.689892;-0.270999;,
  0.130019;0.722900;-0.317653;,
  0.113712;0.659554;-0.205787;,
  0.079848;0.689892;-0.270999;,
  0.129633;0.650170;-0.253417;,
  0.141215;0.651243;-0.308118;,
  0.100172;0.684595;-0.319283;,
  0.124389;0.661710;-0.202662;,
  0.166419;0.697531;-0.250673;,
  0.147367;0.700204;-0.204815;,
  0.171023;0.689387;-0.306572;,
  0.124178;0.729048;-0.212889;,
  0.125804;0.731816;-0.337130;,
  0.091392;0.699668;-0.401131;,
  0.090810;0.686506;-0.341898;,
  0.113655;0.728309;-0.395521;,
  0.097732;0.698056;-0.446399;,
  0.106790;0.723308;-0.445098;,
  0.090810;0.686506;-0.341898;,
  0.141135;0.671578;-0.404363;,
  0.140418;0.647746;-0.345439;,
  0.091392;0.699668;-0.401131;,
  0.131332;0.693923;-0.447152;,
  0.097732;0.698056;-0.446399;,
  0.157945;0.693715;-0.399731;,
  0.175320;0.692743;-0.340639;,
  0.136691;0.703017;-0.449132;,
  0.085633;0.725195;-0.563300;,
  0.125504;0.737046;-0.524228;,
  0.089300;0.713222;-0.545215;,
  0.121437;0.748572;-0.542166;,
  0.066664;0.696105;-0.519150;,
  0.058648;0.710452;-0.522366;,
  0.065847;0.703758;-0.527309;,
  0.056586;0.698485;-0.513778;,
  0.137200;0.716380;-0.484348;,
  0.079275;0.717275;-0.501349;,
  0.125072;0.742648;-0.507987;,
  0.095439;0.689621;-0.487828;,
  0.114635;0.759298;-0.504528;,
  0.120645;0.742573;-0.462639;,
  0.076745;0.714834;-0.464969;,
  0.070674;0.734783;-0.497348;,
  0.095696;0.746353;-0.188309;,
  0.095915;0.731188;-0.213864;,
  0.070683;0.737549;-0.171243;,
  0.065341;0.724027;-0.195096;,
  0.067656;0.689175;-0.059647;,
  0.046960;0.731159;-0.188361;,
  0.092406;0.706558;-0.217416;,
  0.082936;0.676193;-0.186460;,
  0.069939;0.694793;-0.198426;,
  0.093881;0.698291;-0.200886;,
  0.091218;0.714123;-0.105842;,
  0.044124;0.723971;-0.087617;,
  0.095229;0.714973;-0.112014;,
  -0.013560;0.721502;-0.094307;,
  -0.002071;0.748091;-0.146918;,
  0.076483;0.747468;-0.134610;,
  0.095229;0.714973;-0.112014;,
  0.086298;0.672223;-0.140721;,
  0.097847;0.704986;-0.117941;,
  0.066663;0.697838;-0.211500;,
  0.077465;0.670380;-0.082358;,
  0.079300;0.649722;-0.109408;,
  0.087530;0.659769;-0.159997;,
  0.078748;0.681116;-0.070009;,
  0.095439;0.689621;-0.487828;,
  0.047505;0.747315;-0.208778;,
  0.035578;0.759256;-0.195263;,
  0.004913;0.756782;-0.178736;,
  0.008978;0.763494;-0.194598;,
  0.070674;0.734783;-0.497348;,
  0.085633;0.725195;-0.563300;,
  0.121437;0.748572;-0.542166;,
  0.080945;0.693437;-0.505470;,
  0.060458;0.705931;-0.495717;,
  0.080945;0.693437;-0.505470;,
  0.079226;0.708378;-0.514988;,
  0.067608;0.725972;-0.502291;,
  0.067608;0.725972;-0.502291;,
  0.066664;0.696105;-0.519150;,
  0.056586;0.698485;-0.513778;,
  0.058648;0.710452;-0.522366;,
  0.032491;0.046288;0.234389;,
  0.002237;-0.002046;0.245930;,
  0.000916;0.008998;0.229328;,
  0.038051;0.034593;0.253965;,
  -0.017062;0.157861;0.246885;,
  -0.018645;0.113718;0.271310;,
  -0.013315;0.161099;0.281795;,
  -0.020016;0.116582;0.246389;,
  -0.012089;0.149838;0.205081;,
  0.024478;0.157989;0.243819;,
  0.011646;0.153341;0.206064;,
  0.026250;0.116709;0.271989;,
  0.021541;0.160833;0.281761;,
  0.027401;0.121770;0.237323;,
  0.008823;0.103351;0.190785;,
  0.022471;0.127101;0.209077;,
  -0.026576;0.018560;0.234528;,
  -0.032703;0.008168;0.248154;,
  0.038051;0.034593;0.253965;,
  -0.032703;0.008168;0.248154;,
  0.007439;0.331155;-0.015981;,
  0.018493;0.248068;0.035769;,
  -0.007571;0.204739;0.086281;,
  -0.009243;0.169703;0.134291;,
  -0.012550;0.121893;0.210299;,
  -0.012550;0.121893;0.210299;,
  -0.017291;0.425280;-0.034229;,
  0.059335;0.750786;-0.223440;,
  0.045892;0.737363;-0.242500;,
  0.053993;0.745081;-0.243427;,
  0.042099;0.735069;-0.221661;,
  0.046036;0.769667;-0.202352;,
  0.034167;0.779252;-0.183649;,
  0.016362;0.883114;-0.247286;,
  0.001744;0.871325;-0.276095;,
  -0.003584;0.884862;-0.250027;,
  0.045628;0.816991;-0.287530;,
  0.030021;0.813194;-0.296173;,
  0.037121;0.844878;-0.281813;,
  0.057501;0.765781;-0.247388;,
  0.060346;0.779064;-0.220920;,
  0.055080;0.762176;-0.215627;,
  0.054421;0.814669;-0.206056;,
  0.056577;0.823489;-0.228851;,
  0.047142;0.854447;-0.264409;,
  0.051748;0.859403;-0.237311;,
  0.056607;0.817169;-0.255357;,
  0.049163;0.818898;-0.190667;,
  0.034673;0.826518;-0.172496;,
  -0.005367;0.822486;-0.166477;,
  0.023940;0.871005;-0.188557;,
  -0.009960;0.868790;-0.182741;,
  0.059965;0.794876;-0.252667;,
  0.051477;0.754215;-0.261578;,
  0.049635;0.786552;-0.277189;,
  0.042080;0.727239;-0.273280;,
  0.022092;0.719638;-0.263831;,
  0.024672;0.720540;-0.284795;,
  0.028930;0.863839;-0.275050;,
  0.037005;0.875758;-0.243663;,
  0.041725;0.869523;-0.205125;,
  0.027306;0.884303;-0.216767;,
  0.008787;0.887637;-0.213036;,
  -0.008746;0.887528;-0.213080;,
  0.001359;0.783876;-0.175322;,
  0.041725;0.869523;-0.205125;,
  0.027306;0.884303;-0.216767;,
  0.066213;0.782587;-0.220942;,
  0.064116;0.829592;-0.213767;,
  0.070517;0.811958;-0.203688;,
  0.060312;0.809916;-0.218384;,
  0.070517;0.811958;-0.203688;,
  0.066213;0.782587;-0.220942;,
  0.064116;0.829592;-0.213767;,
  0.056577;0.823489;-0.228851;,
  0.061230;0.799242;-0.233734;,
  0.060346;0.779064;-0.220920;,
  0.046374;0.808510;-0.278794;,
  0.061230;0.799242;-0.233734;,
  0.046960;0.731159;-0.188361;,
  0.047505;0.747315;-0.208778;,
  0.065341;0.724027;-0.195096;,
  0.046036;0.769667;-0.202352;,
  0.011460;0.693276;-0.205693;,
  0.009672;0.671264;-0.196844;,
  0.024744;0.508038;-0.122309;,
  -0.037036;0.493961;0.012651;,
  -0.040573;0.460554;0.019587;,
  -0.038258;0.439546;0.023058;,
  0.018163;0.711221;-0.237135;,
  -0.017291;0.425280;-0.034229;,
  0.008787;0.887637;-0.213036;,
  -0.008746;0.887528;-0.213080;,
  0.039154;0.758273;-0.280492;,
  0.029628;0.779363;-0.289782;,
  0.031150;0.769837;-0.289386;,
  0.004670;0.861402;-0.287625;,
  0.009371;0.839226;-0.299180;,
  0.027934;0.804490;-0.286720;,
  -0.030342;0.593521;-0.038571;,
  0.065341;0.724027;-0.195096;,
  0.002237;-0.002046;0.245930;,
  0.033108;0.748282;-0.287652;,
  0.039425;0.751691;-0.279920;,
  0.031794;0.753165;-0.284404;,
  0.019413;0.766838;-0.295899;,
  0.019519;0.774876;-0.305702;,
  0.031661;0.756810;-0.289441;,
  0.020364;0.751783;-0.286416;,
  0.022059;0.744852;-0.291770;,
  0.014413;0.809397;-0.304817;,
  0.015160;0.800271;-0.300391;,
  0.097847;0.704986;-0.117941;,
  0.020940;0.755112;-0.294593;,
  0.080068;0.682010;-0.129262;,
  0.086298;0.672223;-0.140721;,
  0.087530;0.659769;-0.159997;,
  0.049163;0.818898;-0.190667;,
  0.041352;0.202889;0.071874;,
  0.020983;0.124510;-0.062723;,
  0.022830;0.184906;-0.077828;,
  0.026024;0.155355;0.126614;,
  0.057595;0.231951;0.011416;,
  0.032846;0.235826;-0.076668;,
  0.060747;0.326763;-0.023489;,
  0.019356;0.323093;-0.082309;,
  0.058277;0.419157;-0.060295;,
  0.016214;0.404507;-0.087726;,
  0.047740;0.460300;-0.078776;,
  0.012919;0.067562;-0.055448;,
  0.008823;0.103351;0.190785;,
  -0.026331;0.210749;0.161620;,
  -0.053155;0.090767;0.009739;,
  -0.036410;0.161770;0.208505;,
  -0.041728;0.160209;0.001945;,
  -0.025460;0.222573;-0.015752;,
  -0.018358;0.264125;0.119799;,
  -0.015442;0.277833;-0.023844;,
  -0.007575;0.286382;0.089350;,
  -0.016895;0.363257;0.065341;,
  -0.029368;0.357044;0.006518;,
  -0.041250;0.433245;0.021144;,
  0.080068;0.682010;-0.129262;,
  -0.048192;0.692303;-0.221542;,
  -0.023812;0.679935;-0.199901;,
  -0.063730;0.673613;-0.215477;,
  -0.017928;0.713111;-0.203584;,
  -0.076372;0.657378;-0.196689;,
  -0.044542;0.618471;-0.184819;,
  -0.086779;0.633983;-0.171976;,
  -0.032125;0.644757;-0.196432;,
  -0.022880;0.752130;-0.187228;,
  -0.078863;0.746337;-0.167877;,
  -0.048236;0.754567;-0.155442;,
  -0.059249;0.735468;-0.196509;,
  -0.089629;0.532378;-0.073340;,
  -0.060118;0.541411;-0.044393;,
  -0.080999;0.536192;-0.078302;,
  -0.061739;0.534970;-0.034124;,
  -0.052989;0.521340;-0.124531;,
  -0.077158;0.505221;-0.104589;,
  -0.015634;0.509447;-0.138040;,
  -0.057339;0.475782;-0.116433;,
  -0.027300;0.461360;-0.111933;,
  -0.021679;0.541083;-0.025839;,
  -0.023800;0.530298;-0.016142;,
  -0.080044;0.637593;-0.070720;,
  -0.026783;0.689845;-0.065712;,
  -0.079451;0.685673;-0.085893;,
  -0.034257;0.646775;-0.049677;,
  -0.055147;0.452021;-0.132728;,
  -0.098164;0.356798;-0.165615;,
  -0.091510;0.437825;-0.104563;,
  -0.060628;0.373799;-0.189227;,
  -0.058604;0.282702;-0.241163;,
  -0.086927;0.270577;-0.200628;,
  -0.008039;0.449693;-0.119744;,
  -0.018202;0.323488;-0.102136;,
  -0.012655;0.361837;-0.167482;,
  -0.050375;0.434454;0.010982;,
  -0.032884;0.264947;-0.164972;,
  -0.030283;0.271915;-0.204277;,
  -0.097829;0.325129;-0.109115;,
  -0.093348;0.406399;-0.056904;,
  -0.073654;0.266286;-0.164444;,
  -0.076814;0.001128;-0.148161;,
  -0.045565;0.000318;-0.096636;,
  -0.079867;0.000382;-0.102832;,
  -0.032052;0.001086;-0.143542;,
  -0.058044;0.216771;-0.212213;,
  -0.083702;0.147001;-0.167308;,
  -0.089198;0.219774;-0.183308;,
  -0.054753;0.144490;-0.196228;,
  -0.073259;0.070231;-0.149757;,
  -0.052010;0.068105;-0.177176;,
  -0.015978;0.204391;-0.186104;,
  -0.022226;0.163462;-0.131862;,
  -0.024955;0.147460;-0.171493;,
  -0.017464;0.229020;-0.136125;,
  -0.042093;0.083824;-0.126321;,
  -0.037196;0.062512;-0.148706;,
  -0.084228;0.160133;-0.131072;,
  -0.089583;0.234320;-0.136057;,
  -0.066148;0.088259;-0.128176;,
  -0.088668;0.479496;-0.094461;,
  -0.008039;0.449693;-0.119744;,
  -0.111641;0.491478;-0.046375;,
  -0.075200;0.497078;-0.004872;,
  -0.100960;0.428296;-0.044017;,
  -0.066168;0.436395;-0.009775;,
  -0.071393;0.585889;-0.059729;,
  -0.102573;0.625419;-0.095330;,
  -0.107167;0.621869;-0.115088;,
  -0.061313;0.563286;-0.132777;,
  -0.089002;0.574034;-0.093697;,
  -0.082791;0.605730;-0.157066;,
  -0.039235;0.595125;-0.172678;,
  -0.028649;0.555153;-0.146077;,
  -0.063448;0.734995;-0.247946;,
  -0.050529;0.683248;-0.240802;,
  -0.072583;0.743664;-0.297000;,
  -0.065865;0.694135;-0.350598;,
  -0.081117;0.740135;-0.347234;,
  -0.053681;0.687034;-0.302063;,
  -0.107688;0.663659;-0.248615;,
  -0.116162;0.665775;-0.298953;,
  -0.053681;0.687034;-0.302063;,
  -0.115754;0.677036;-0.356058;,
  -0.065865;0.694135;-0.350598;,
  -0.117460;0.669089;-0.246760;,
  -0.135157;0.722468;-0.293581;,
  -0.125646;0.713205;-0.245657;,
  -0.130995;0.722888;-0.352834;,
  -0.093173;0.732704;-0.245232;,
  -0.067900;0.749263;-0.358857;,
  -0.023648;0.716232;-0.415993;,
  -0.036669;0.749985;-0.409783;,
  -0.049019;0.695352;-0.364979;,
  -0.005460;0.728438;-0.456605;,
  -0.013856;0.751300;-0.454443;,
  -0.049019;0.695352;-0.364979;,
  -0.074627;0.709625;-0.441122;,
  -0.023648;0.716232;-0.415993;,
  -0.103169;0.678913;-0.393018;,
  -0.040457;0.721626;-0.471884;,
  -0.005460;0.728438;-0.456605;,
  -0.084451;0.735522;-0.435934;,
  -0.122043;0.732502;-0.386886;,
  -0.045244;0.741573;-0.472920;,
  0.001317;0.805015;-0.569607;,
  -0.029020;0.758866;-0.555231;,
  -0.036042;0.775447;-0.567351;,
  0.008883;0.788500;-0.557202;,
  0.027410;0.778118;-0.512597;,
  0.022401;0.793315;-0.517538;,
  0.029206;0.787371;-0.505723;,
  0.025243;0.783704;-0.522079;,
  -0.028776;0.727091;-0.505933;,
  -0.001331;0.780866;-0.505562;,
  0.012045;0.751799;-0.491958;,
  -0.039468;0.753687;-0.529894;,
  -0.050782;0.769867;-0.527009;,
  -0.051485;0.749949;-0.486103;,
  -0.009317;0.775881;-0.470246;,
  -0.014282;0.795748;-0.502863;,
  -0.079075;0.742000;-0.219947;,
  -0.070377;0.726391;-0.243696;,
  -0.059249;0.735468;-0.196509;,
  -0.046417;0.721517;-0.217015;,
  -0.109717;0.677595;-0.111472;,
  -0.028630;0.730537;-0.205182;,
  -0.064141;0.701475;-0.244839;,
  -0.063730;0.673613;-0.215477;,
  -0.069864;0.689698;-0.230491;,
  -0.048192;0.692303;-0.221542;,
  -0.105670;0.713074;-0.148817;,
  -0.106898;0.714031;-0.155892;,
  -0.068669;0.723043;-0.112718;,
  -0.013560;0.721502;-0.094307;,
  -0.002071;0.748091;-0.146918;,
  -0.078863;0.746337;-0.167877;,
  -0.106898;0.714031;-0.155892;,
  -0.084302;0.669743;-0.177123;,
  -0.050529;0.683248;-0.240802;,
  -0.106493;0.703205;-0.161443;,
  -0.103953;0.658536;-0.135365;,
  -0.089023;0.638733;-0.158588;,
  -0.076372;0.657378;-0.196689;,
  -0.112788;0.668612;-0.125972;,
  0.012045;0.751799;-0.491958;,
  -0.021394;0.742507;-0.221211;,
  -0.015394;0.755699;-0.204461;,
  0.004913;0.756782;-0.178736;,
  0.008978;0.763494;-0.194598;,
  -0.014282;0.795748;-0.502863;,
  0.001317;0.805015;-0.569607;,
  -0.036042;0.775447;-0.567351;,
  0.016339;0.764703;-0.502816;,
  0.014743;0.788213;-0.492059;,
  0.016339;0.764703;-0.502816;,
  0.009769;0.775486;-0.515360;,
  -0.001636;0.794968;-0.505553;,
  -0.001636;0.794968;-0.505553;,
  0.027410;0.778118;-0.512597;,
  0.029206;0.787371;-0.505723;,
  0.022401;0.793315;-0.517538;,
  -0.069886;0.023873;-0.224624;,
  -0.032456;0.002810;-0.263867;,
  -0.074133;0.002364;-0.233005;,
  -0.032386;0.021284;-0.256251;,
  -0.040063;0.033863;-0.106002;,
  -0.032052;0.001086;-0.143542;,
  -0.030270;0.026072;-0.145452;,
  -0.045565;0.000318;-0.096636;,
  -0.042093;0.083824;-0.126321;,
  -0.080907;0.036992;-0.113553;,
  -0.066148;0.088259;-0.128176;,
  -0.076814;0.001128;-0.148161;,
  -0.077527;0.036107;-0.150300;,
  -0.079867;0.000382;-0.102832;,
  -0.052010;0.068105;-0.177176;,
  -0.073259;0.070231;-0.149757;,
  -0.007075;0.018040;-0.241314;,
  0.000194;0.002593;-0.247620;,
  -0.074133;0.002364;-0.233005;,
  0.000194;0.002593;-0.247620;,
  -0.012655;0.361837;-0.167482;,
  -0.030283;0.271915;-0.204277;,
  -0.015978;0.204391;-0.186104;,
  -0.024955;0.147460;-0.171493;,
  -0.037196;0.062512;-0.148706;,
  -0.037196;0.062512;-0.148706;,
  -0.031197;0.737696;-0.235146;,
  -0.010239;0.729247;-0.249758;,
  -0.011273;0.731345;-0.231292;,
  -0.019671;0.734429;-0.252952;,
  -0.029381;0.758762;-0.212103;,
  -0.025706;0.770595;-0.191391;,
  -0.022279;0.877527;-0.252282;,
  -0.003584;0.884862;-0.250027;,
  -0.020964;0.807362;-0.296140;,
  -0.022270;0.836290;-0.289493;,
  -0.003276;0.808379;-0.300479;,
  -0.027707;0.753460;-0.258405;,
  -0.040644;0.764461;-0.233978;,
  -0.032373;0.749531;-0.226935;,
  -0.048776;0.799747;-0.219400;,
  -0.047554;0.808432;-0.242316;,
  -0.038569;0.842053;-0.275491;,
  -0.039214;0.803314;-0.267746;,
  -0.050976;0.844550;-0.250593;,
  -0.048914;0.804716;-0.203348;,
  -0.042127;0.815413;-0.182427;,
  -0.005367;0.822486;-0.166477;,
  -0.040569;0.861678;-0.196898;,
  -0.009960;0.868790;-0.182741;,
  -0.036786;0.780886;-0.265176;,
  -0.018774;0.776660;-0.286034;,
  -0.015360;0.744551;-0.270221;,
  0.003790;0.721702;-0.278231;,
  -0.021643;0.856526;-0.281590;,
  -0.040277;0.864583;-0.253656;,
  -0.052521;0.855895;-0.217311;,
  -0.040367;0.874518;-0.225517;,
  -0.008746;0.887528;-0.213080;,
  -0.025049;0.882744;-0.217411;,
  0.001359;0.783876;-0.175322;,
  -0.052521;0.855895;-0.217311;,
  -0.040367;0.874518;-0.225517;,
  -0.047062;0.766208;-0.235589;,
  -0.060006;0.811644;-0.229817;,
  -0.049843;0.793988;-0.232627;,
  -0.063539;0.792574;-0.221021;,
  -0.063539;0.792574;-0.221021;,
  -0.047062;0.766208;-0.235589;,
  -0.060006;0.811644;-0.229817;,
  -0.047554;0.808432;-0.242316;,
  -0.043895;0.784042;-0.247327;,
  -0.040644;0.764461;-0.233978;,
  -0.021469;0.798700;-0.287566;,
  -0.043895;0.784042;-0.247327;,
  -0.028630;0.730537;-0.205182;,
  -0.021394;0.742507;-0.221211;,
  -0.046417;0.721517;-0.217015;,
  -0.029381;0.758762;-0.212103;,
  -0.037036;0.493961;0.012651;,
  -0.040573;0.460554;0.019587;,
  -0.038258;0.439546;0.023058;,
  -0.017291;0.425280;-0.034229;,
  -0.025049;0.882744;-0.217411;,
  -0.008746;0.887528;-0.213080;,
  -0.000348;0.752562;-0.285600;,
  0.004924;0.775791;-0.292976;,
  0.006069;0.766210;-0.292629;,
  -0.001271;0.800267;-0.290496;,
  -0.030342;0.593521;-0.038571;,
  -0.046417;0.721517;-0.217015;,
  -0.032456;0.002810;-0.263867;,
  0.001092;0.746149;-0.284877;,
  0.009828;0.744916;-0.290662;,
  0.008877;0.749851;-0.287367;,
  0.009239;0.753568;-0.292340;,
  -0.106493;0.703205;-0.161443;,
  -0.084072;0.679476;-0.164807;,
  -0.084302;0.669743;-0.177123;,
  -0.076372;0.657378;-0.196689;,
  -0.048914;0.804716;-0.203348;,
  -0.011019;0.213480;-0.225923;,
  0.001823;0.133542;-0.176664;,
  -0.021069;0.143454;-0.237466;,
  0.007974;0.199338;-0.163610;,
  -0.013302;0.278093;-0.223733;,
  0.017017;0.256213;-0.169069;,
  -0.006718;0.359360;-0.171876;,
  0.011485;0.335595;-0.135481;,
  -0.005668;0.438137;-0.129751;,
  0.007832;0.412919;-0.107627;,
  0.013685;0.449820;-0.103547;,
  -0.027300;0.461360;-0.111933;,
  -0.002101;0.077890;-0.190863;,
  -0.023956;0.077301;-0.251484;,
  -0.023608;0.087028;-0.087097;,
  -0.084228;0.160133;-0.131072;,
  -0.066134;0.088260;-0.128174;,
  -0.026373;0.160620;-0.100331;,
  -0.089583;0.234320;-0.136057;,
  -0.025241;0.227277;-0.120725;,
  -0.025294;0.259076;-0.133439;,
  -0.073654;0.266286;-0.164444;,
  -0.097829;0.325129;-0.109115;,
  -0.016623;0.314567;-0.087157;,
  -0.040573;0.460554;0.019587;,
  -0.066168;0.436395;-0.009775;,
  -0.084072;0.679476;-0.164807;,
  -0.055147;0.452022;-0.132728;,
  -0.060628;0.373799;-0.189227;,
  -0.058604;0.282702;-0.241163;,
  -0.058044;0.216771;-0.212213;,
  -0.054753;0.144490;-0.196228;,
  -0.052010;0.068105;-0.177176;,
  0.066787;0.361212;0.071101;,
  -0.001141;0.454161;0.039176;,
  0.051992;0.434784;0.040162;,
  0.047429;0.277227;0.079566;,
  0.050802;0.266212;0.126677;,
  0.036542;0.210280;0.173851;,
  0.011646;0.153341;0.206064;,
  -0.093348;0.406399;-0.056904;;
  916;
  3;0,1,2;,
  3;1,0,3;,
  3;4,5,6;,
  3;5,4,7;,
  3;8,9,10;,
  3;9,8,11;,
  3;12,13,14;,
  3;13,12,15;,
  3;16,12,17;,
  3;12,16,15;,
  3;18,19,20;,
  3;19,18,16;,
  3;6,21,22;,
  3;21,6,5;,
  3;14,23,24;,
  3;23,14,13;,
  3;25,26,27;,
  3;26,25,28;,
  3;29,30,31;,
  3;30,29,32;,
  3;30,33,31;,
  3;33,30,34;,
  3;35,36,37;,
  3;36,35,38;,
  3;38,39,36;,
  3;39,38,40;,
  3;37,41,42;,
  3;41,37,36;,
  3;36,43,41;,
  3;43,36,39;,
  3;42,30,32;,
  3;30,42,41;,
  3;41,34,30;,
  3;34,41,43;,
  3;44,45,46;,
  3;45,44,47;,
  3;48,49,50;,
  3;49,48,51;,
  3;50,52,53;,
  3;52,50,49;,
  3;54,55,56;,
  3;55,54,57;,
  3;57,58,55;,
  3;58,57,59;,
  3;56,60,61;,
  3;60,56,55;,
  3;55,62,60;,
  3;62,55,58;,
  3;61,49,51;,
  3;49,61,60;,
  3;60,52,49;,
  3;52,60,62;,
  3;32,19,63;,
  3;19,32,29;,
  3;64,65,66;,
  3;65,64,20;,
  3;14,67,12;,
  3;67,14,68;,
  3;68,69,67;,
  3;69,68,70;,
  3;70,42,69;,
  3;42,70,37;,
  3;48,34,51;,
  3;34,48,33;,
  3;51,43,61;,
  3;43,51,34;,
  3;43,56,61;,
  3;56,43,39;,
  3;39,54,56;,
  3;54,39,40;,
  3;12,63,17;,
  3;63,12,67;,
  3;67,32,63;,
  3;32,67,69;,
  3;69,42,32;,
  3;71,72,25;,
  3;73,74,75;,
  3;74,73,76;,
  3;74,77,75;,
  3;77,74,78;,
  3;79,78,80;,
  3;78,79,77;,
  3;81,82,83;,
  3;82,84,85;,
  3;84,82,86;,
  3;87,88,89;,
  3;88,90,89;,
  3;90,88,91;,
  3;92,93,94;,
  3;92,89,93;,
  3;92,87,89;,
  3;89,95,93;,
  3;95,89,90;,
  3;96,93,82;,
  3;93,86,82;,
  3;86,93,95;,
  3;97,98,99;,
  3;98,97,100;,
  3;100,101,98;,
  3;101,100,102;,
  3;103,104,105;,
  3;104,103,106;,
  3;106,107,104;,
  3;107,106,108;,
  3;105,109,110;,
  3;109,105,104;,
  3;104,111,109;,
  3;111,104,107;,
  3;110,100,97;,
  3;100,110,109;,
  3;109,102,100;,
  3;102,109,111;,
  3;112,113,114;,
  3;113,112,115;,
  3;116,117,118;,
  3;117,116,119;,
  3;120,121,122;,
  3;121,120,123;,
  3;120,124,125;,
  3;124,120,122;,
  3;126,124,127;,
  3;124,126,125;,
  3;95,97,86;,
  3;97,95,110;,
  3;86,99,84;,
  3;99,86,97;,
  3;90,103,105;,
  3;103,90,91;,
  3;105,95,90;,
  3;95,105,110;,
  3;128,96,129;,
  3;96,128,94;,
  3;129,130,128;,
  3;130,129,131;,
  3;72,28,25;,
  3;28,72,132;,
  3;10,133,8;,
  3;134,135,136;,
  3;135,134,137;,
  3;81,137,134;,
  3;138,11,139;,
  3;138,9,11;,
  3;138,140,9;,
  3;141,11,142;,
  3;11,141,139;,
  3;128,130,143;,
  3;94,144,92;,
  3;94,143,144;,
  3;94,128,143;,
  3;145,87,146;,
  3;87,145,147;,
  3;75,148,73;,
  3;148,75,149;,
  3;150,147,145;,
  3;7,149,75;,
  3;148,151,73;,
  3;102,152,101;,
  3;152,102,126;,
  3;102,125,126;,
  3;125,102,111;,
  3;111,120,125;,
  3;120,111,107;,
  3;120,108,123;,
  3;108,120,107;,
  3;8,153,154;,
  3;153,8,133;,
  3;154,155,8;,
  3;155,154,156;,
  3;122,114,113;,
  3;114,122,121;,
  3;121,112,114;,
  3;112,121,157;,
  3;158,124,159;,
  3;124,158,127;,
  3;159,122,113;,
  3;122,159,124;,
  3;126,160,152;,
  3;160,126,161;,
  3;162,121,123;,
  3;121,162,163;,
  3;121,164,157;,
  3;164,121,163;,
  3;165,126,127;,
  3;126,165,161;,
  3;161,166,160;,
  3;166,161,167;,
  3;162,118,163;,
  3;118,162,116;,
  3;163,117,164;,
  3;117,163,118;,
  3;165,167,161;,
  3;167,165,168;,
  3;169,170,171;,
  3;170,169,172;,
  3;173,174,175;,
  3;174,173,176;,
  3;177,178,179;,
  3;178,177,173;,
  3;180,178,181;,
  3;178,180,182;,
  3;183,169,171;,
  3;169,183,184;,
  3;174,185,186;,
  3;185,174,176;,
  3;46,187,44;,
  3;187,46,188;,
  3;180,169,182;,
  3;169,180,172;,
  3;20,29,65;,
  3;19,29,20;,
  3;29,31,189;,
  3;31,190,189;,
  3;190,31,33;,
  3;33,191,190;,
  3;191,33,48;,
  3;191,50,192;,
  3;50,191,48;,
  3;192,53,193;,
  3;53,192,50;,
  3;194,171,185;,
  3;171,194,183;,
  3;171,186,185;,
  3;186,171,170;,
  3;185,176,194;,
  3;194,173,177;,
  3;173,194,176;,
  3;178,175,181;,
  3;175,178,173;,
  3;179,182,184;,
  3;182,179,178;,
  3;182,169,184;,
  3;16,17,19;,
  3;17,63,19;,
  3;65,195,66;,
  3;196,197,198;,
  3;197,196,199;,
  3;200,154,153;,
  3;154,200,201;,
  3;202,203,204;,
  3;205,206,207;,
  3;196,208,209;,
  3;208,196,198;,
  3;210,209,211;,
  3;209,210,196;,
  3;212,213,214;,
  3;213,212,215;,
  3;212,214,211;,
  3;201,216,217;,
  3;216,201,200;,
  3;218,219,220;,
  3;219,218,217;,
  3;210,199,196;,
  3;213,205,207;,
  3;221,222,223;,
  3;198,197,224;,
  3;224,225,226;,
  3;225,224,197;,
  3;227,213,207;,
  3;228,229,214;,
  3;229,228,230;,
  3;220,231,232;,
  3;213,228,214;,
  3;156,201,233;,
  3;201,156,154;,
  3;233,217,218;,
  3;217,233,201;,
  3;219,217,234;,
  3;235,219,234;,
  3;236,237,238;,
  3;237,236,239;,
  3;209,240,211;,
  3;240,209,241;,
  3;211,242,212;,
  3;242,211,240;,
  3;243,239,244;,
  3;239,243,237;,
  3;244,236,245;,
  3;236,244,239;,
  3;246,221,223;,
  3;221,246,215;,
  3;221,212,247;,
  3;212,221,215;,
  3;199,248,2;,
  3;248,199,249;,
  3;133,10,250;,
  3;249,210,251;,
  3;210,249,199;,
  3;210,211,251;,
  3;252,1,253;,
  3;1,252,2;,
  3;20,254,18;,
  3;254,20,64;,
  3;24,68,14;,
  3;68,24,255;,
  3;68,256,70;,
  3;256,68,255;,
  3;256,37,70;,
  3;37,256,257;,
  3;258,2,252;,
  3;2,258,199;,
  3;257,259,37;,
  3;37,259,35;,
  3;260,204,261;,
  3;204,260,202;,
  3;262,263,223;,
  3;263,262,264;,
  3;197,258,225;,
  3;258,197,199;,
  3;265,203,227;,
  3;265,207,266;,
  3;207,265,227;,
  3;223,267,246;,
  3;267,223,263;,
  3;88,87,147;,
  3;83,82,85;,
  3;78,16,18;,
  3;16,78,74;,
  3;74,15,16;,
  3;15,74,76;,
  3;15,71,13;,
  3;71,15,76;,
  3;13,268,23;,
  3;268,13,71;,
  3;248,269,2;,
  3;2,269,0;,
  3;136,129,134;,
  3;129,136,131;,
  3;134,96,81;,
  3;96,134,129;,
  3;96,82,81;,
  3;93,96,94;,
  3;29,189,65;,
  3;205,215,246;,
  3;267,205,246;,
  3;205,267,206;,
  3;205,213,215;,
  3;187,188,270;,
  3;224,271,272;,
  3;222,221,208;,
  3;224,222,198;,
  3;272,273,262;,
  3;273,272,271;,
  3;263,274,275;,
  3;273,276,262;,
  3;277,271,278;,
  3;271,277,273;,
  3;222,272,262;,
  3;272,222,224;,
  3;222,208,198;,
  3;209,221,247;,
  3;221,209,208;,
  3;223,222,262;,
  3;266,206,279;,
  3;206,266,207;,
  3;206,280,279;,
  3;280,206,267;,
  3;280,263,275;,
  3;263,280,267;,
  3;264,262,276;,
  3;76,73,72;,
