xof 0303txt 0032
template ColorRGBA {
 <35ff44e0-6c7c-11cf-8f52-0040333594a3>
 FLOAT red;
 FLOAT green;
 FLOAT blue;
 FLOAT alpha;
}

template ColorRGB {
 <d3e16e81-7835-11cf-8f52-0040333594a3>
 FLOAT red;
 FLOAT green;
 FLOAT blue;
}

template Material {
 <3d82ab4d-62da-11cf-ab39-0020af71e433>
 ColorRGBA faceColor;
 FLOAT power;
 ColorRGB specularColor;
 ColorRGB emissiveColor;
 [...]
}

template TextureFilename {
 <a42790e1-7810-11cf-8f52-0040333594a3>
 STRING filename;
}

template Frame {
 <3d82ab46-62da-11cf-ab39-0020af71e433>
 [...]
}

template Matrix4x4 {
 <f6f23f45-7686-11cf-8f52-0040333594a3>
 array FLOAT matrix[16];
}

template FrameTransformMatrix {
 <f6f23f41-7686-11cf-8f52-0040333594a3>
 Matrix4x4 frameMatrix;
}

template Vector {
 <3d82ab5e-62da-11cf-ab39-0020af71e433>
 FLOAT x;
 FLOAT y;
 FLOAT z;
}

template MeshFace {
 <3d82ab5f-62da-11cf-ab39-0020af71e433>
 DWORD nFaceVertexIndices;
 array DWORD faceVertexIndices[nFaceVertexIndices];
}

template Mesh {
 <3d82ab44-62da-11cf-ab39-0020af71e433>
 DWORD nVertices;
 array Vector vertices[nVertices];
 DWORD nFaces;
 array MeshFace faces[nFaces];
 [...]
}

template MeshMaterialList {
 <f6f23f42-7686-11cf-8f52-0040333594a3>
 DWORD nMaterials;
 DWORD nFaceIndexes;
 array DWORD faceIndexes[nFaceIndexes];
 [Material <3d82ab4d-62da-11cf-ab39-0020af71e433>]
}

template VertexElement {
 <f752461c-1e23-48f6-b9f8-8350850f336f>
 DWORD Type;
 DWORD Method;
 DWORD Usage;
 DWORD UsageIndex;
}

template DeclData {
 <bf22e553-292c-4781-9fea-62bd554bdd93>
 DWORD nElements;
 array VertexElement Elements[nElements];
 DWORD nDWords;
 array DWORD data[nDWords];
}

template XSkinMeshHeader {
 <3cf169ce-ff7c-44ab-93c0-f78f62d172e2>
 WORD nMaxSkinWeightsPerVertex;
 WORD nMaxSkinWeightsPerFace;
 WORD nBones;
}

template SkinWeights {
 <6f0d123b-bad2-4167-a0d0-80224f25fabb>
 STRING transformNodeName;
 DWORD nWeights;
 array DWORD vertexIndices[nWeights];
 array FLOAT weights[nWeights];
 Matrix4x4 matrixOffset;
}

template AnimTicksPerSecond {
 <9e415a43-7ba6-4a73-8743-b73d47e88476>
 DWORD AnimTicksPerSecond;
}

template Animation {
 <3d82ab4f-62da-11cf-ab39-0020af71e433>
 [...]
}

template AnimationSet {
 <3d82ab50-62da-11cf-ab39-0020af71e433>
 [Animation <3d82ab4f-62da-11cf-ab39-0020af71e433>]
}

template FloatKeys {
 <10dd46a9-775b-11cf-8f52-0040333594a3>
 DWORD nValues;
 array FLOAT values[nValues];
}

template TimedFloatKeys {
 <f406b180-7b3b-11cf-8f52-0040333594a3>
 DWORD time;
 FloatKeys tfkeys;
}

template AnimationKey {
 <10dd46a8-775b-11cf-8f52-0040333594a3>
 DWORD keyType;
 DWORD nKeys;
 array TimedFloatKeys keys[nKeys];
}


Material _03_-_Default {
 1.000000;1.000000;1.000000;1.000000;;
 9.999999;
 0.000000;0.000000;0.000000;;
 0.000000;0.000000;0.000000;;

 TextureFilename {
  "MaleBody_full.png";
 }
}

Frame Dummy01 {
 

 FrameTransformMatrix {
  1.000000,0.000000,0.000000,0.000000,0.000000,-0.000000,-1.000000,0.000000,0.000000,1.000000,-0.000000,0.000000,0.000000,0.000000,0.000000,1.000000;;
 }

 Frame Bip01 {
  

  FrameTransformMatrix {
   -0.518134,0.852945,-0.063421,0.000000,-0.016894,0.063930,0.997811,0.000000,0.855133,0.518071,-0.018714,0.000000,0.029347,0.022986,0.503054,1.000000;;
  }

  Frame Bip01_Pelvis {
   

   FrameTransformMatrix {
    0.000000,1.000000,-0.000001,0.000000,-0.000001,0.000001,1.000000,0.000000,1.000000,0.000000,0.000001,0.000000,0.000000,0.000000,0.000000,1.000000;;
   }

   Frame Bip01_Spine {
    

    FrameTransformMatrix {
     0.984686,0.000002,-0.174337,0.000000,-0.000001,1.000000,0.000004,0.000000,0.174337,-0.000004,0.984686,0.000000,0.051619,0.000000,-0.000083,1.000000;;
    }

    Frame Bip01_Spine1 {
     

     FrameTransformMatrix {
      0.908017,0.277464,0.313878,0.000000,-0.229609,0.956285,-0.181106,0.000000,-0.350407,0.092378,0.932031,0.000000,0.106510,-0.000008,-0.000079,1.000000;;
     }

     Frame Bip01_Neck {
      

      FrameTransformMatrix {
       0.917803,0.000043,0.397036,0.000000,0.020980,0.998598,-0.048607,0.000000,-0.396482,0.052942,0.916515,0.000000,0.130515,-0.000001,0.004627,1.000000;;
      }

      Frame Bip01_Head {
       

       FrameTransformMatrix {
        0.877446,0.479143,0.022613,0.000000,-0.424730,0.797980,-0.427590,0.000000,-0.222921,0.365583,0.903690,0.000000,0.033674,0.000000,0.000000,1.000000;;
       }

       Frame Bip01_HeadNub {
        

        FrameTransformMatrix {
         1.000000,0.000000,0.000000,0.000000,0.000000,1.000000,0.000000,0.000000,0.000000,0.000000,1.000000,0.000000,0.169824,0.000000,0.000000,1.000000;;
        }
       }
      }

      Frame Bip01_L_Clavicle {
       

       FrameTransformMatrix {
        -0.176193,0.975965,0.128251,0.000000,0.900409,0.212442,-0.379646,0.000000,-0.397767,0.048588,-0.916199,0.000000,-0.023896,0.015415,0.006120,1.000000;;
       }

       Frame Bip01_L_UpperArm {
        

        FrameTransformMatrix {
         0.415691,-0.908532,0.042079,0.000000,0.908002,0.411900,-0.076623,0.000000,0.052282,0.070059,0.996172,0.000000,0.087086,0.000000,0.000000,1.000000;;
        }

        Frame Bip01_L_Forearm {
         

         FrameTransformMatrix {
          0.999998,0.000000,-0.002128,0.000000,0.000000,1.000000,-0.000000,0.000000,0.002128,-0.000000,0.999998,0.000000,0.137062,-0.000000,0.000000,1.000000;;
         }

         Frame Bip01_L_Hand {
          

          FrameTransformMatrix {
           0.966200,0.000000,0.257793,0.000000,-0.257793,0.000796,0.966200,0.000000,-0.000205,-1.000000,0.000769,0.000000,0.137062,-0.000000,-0.000000,1.000000;;
          }

          Frame Bip01_L_Finger0 {
           

           FrameTransformMatrix {
            0.690342,-0.181727,0.700288,0.000000,0.558537,0.749101,-0.356210,0.000000,-0.459853,0.637043,0.618637,0.000000,0.057681,-0.023605,-0.000272,1.000000;;
           }

           Frame Bip01_L_Finger0Nub {
            

            FrameTransformMatrix {
             1.000000,-0.000000,-0.000000,0.000000,-0.000000,1.000000,0.000000,0.000000,0.000000,-0.000000,1.000000,0.000000,0.029435,0.000000,-0.000000,1.000000;;
            }
           }
          }

          Frame Bip01_L_Finger1 {
           

           FrameTransformMatrix {
            0.728079,-0.000546,0.685493,0.000000,-0.000000,1.000000,0.000796,0.000000,-0.685493,-0.000580,0.728079,0.000000,0.084102,-0.000000,-0.000000,1.000000;;
           }

           Frame Bip01_L_Finger1Nub {
            

            FrameTransformMatrix {
             1.000000,0.000000,-0.000000,0.000000,-0.000000,1.000000,0.000000,0.000000,-0.000000,-0.000000,1.000000,0.000000,0.047988,0.000000,-0.000000,1.000000;;
            }
           }
          }
         }
        }
       }
      }

      Frame Bip01_R_Clavicle {
       

       FrameTransformMatrix {
        -0.046890,-0.998368,-0.032588,0.000000,-0.916287,0.029998,0.399396,0.000000,-0.397767,0.048588,-0.916199,0.000000,-0.023898,-0.015970,0.004457,1.000000;;
       }

       Frame Bip01_R_UpperArm {
        

        FrameTransformMatrix {
         0.032673,0.998615,0.041249,0.000000,-0.999427,0.033007,-0.007438,0.000000,-0.008789,-0.040982,0.999121,0.000000,0.087086,0.000000,-0.000000,1.000000;;
        }

        Frame Bip01_R_Forearm {
         

         FrameTransformMatrix {
          0.965793,-0.000000,-0.259315,0.000000,0.000000,1.000000,0.000000,0.000000,0.259315,-0.000000,0.965793,0.000000,0.137062,0.000000,-0.000000,1.000000;;
         }

         Frame Bip01_R_Hand {
          

          FrameTransformMatrix {
           0.975195,0.000000,-0.221346,0.000000,-0.221346,0.000796,-0.975195,0.000000,0.000176,1.000000,0.000777,0.000000,0.137062,-0.000000,-0.000000,1.000000;;
          }

          Frame Bip01_R_Finger0 {
           

           FrameTransformMatrix {
            0.417774,-0.116941,0.900994,0.000000,-0.558537,0.749101,0.356210,0.000000,-0.716591,-0.652054,0.247639,0.000000,0.057681,0.023605,-0.000272,1.000000;;
           }

           Frame Bip01_R_Finger0Nub {
            

            FrameTransformMatrix {
             -1.000000,-0.000000,-0.000000,0.000000,-0.000000,1.000000,0.000000,0.000000,0.000000,-0.000000,-1.000000,0.000000,0.029435,0.000000,0.000000,1.000000;;
            }
           }
          }

          Frame Bip01_R_Finger1 {
           

           FrameTransformMatrix {
            0.352436,0.000745,0.935835,0.000000,-0.000000,1.000000,-0.000796,0.000000,-0.935836,0.000281,0.352436,0.000000,0.084102,0.000000,0.000000,1.000000;;
           }

           Frame Bip01_R_Finger1Nub {
            

            FrameTransformMatrix {
             -1.000000,0.000000,-0.000000,0.000000,0.000000,1.000000,-0.000000,0.000000,-0.000000,-0.000000,-1.000000,0.000000,0.047988,0.000000,-0.000000,1.000000;;
            }
           }
          }
         }
        }
       }
      }
     }

     Frame Bip01_BackPack {
      

      FrameTransformMatrix {
       0.180560,0.080500,-0.980264,0.000000,0.047560,0.994765,0.090451,0.000000,0.982413,-0.062954,0.175786,0.000000,0.063697,0.000003,-0.088856,1.000000;;
      }

      Frame Bip01_BackPackNub {
       

       FrameTransformMatrix {
        0.000796,0.000003,1.000000,0.000000,-0.000000,-1.000000,0.000003,0.000000,1.000000,0.000000,-0.000796,0.000000,0.053240,0.000000,-0.000000,1.000000;;
       }
      }
     }
    }

    Frame Bip01_L_Thigh {
     

     FrameTransformMatrix {
      -0.997178,-0.059487,-0.045795,0.000000,0.060370,-0.998011,-0.018154,0.000000,-0.044624,-0.020867,0.998786,0.000000,-0.050843,0.055225,-0.008917,1.000000;;
     }

     Frame Bip01_L_Calf {
      

      FrameTransformMatrix {
       0.940902,0.000000,-0.338680,0.000000,0.000000,1.000000,0.000000,0.000000,0.338680,0.000000,0.940902,0.000000,0.237500,-0.000000,0.000000,1.000000;;
      }

      Frame Bip01_L_Foot {
       

       FrameTransformMatrix {
        0.961367,-0.071489,0.265825,0.000000,-0.085846,0.839665,0.536277,0.000000,-0.261542,-0.538379,0.801089,0.000000,0.206841,0.000000,0.000000,1.000000;;
       }

       Frame Bip01_L_Toe0 {
        

        FrameTransformMatrix {
         -0.351643,-0.000001,0.936134,0.000000,0.000002,1.000000,0.000001,0.000000,-0.936134,0.000002,-0.351643,0.000000,0.065373,0.000000,0.066450,1.000000;;
        }

        Frame Bip01_L_Toe0Nub {
         

         FrameTransformMatrix {
          -1.000000,0.000000,-0.000000,0.000000,0.000000,1.000000,-0.000000,0.000000,-0.000000,-0.000000,-1.000000,0.000000,0.006735,0.000000,0.000000,1.000000;;
         }
        }
       }
      }
     }
    }

    Frame Bip01_R_Thigh {
     

     FrameTransformMatrix {
      -0.948222,-0.254730,-0.189703,0.000000,0.225139,-0.960384,0.164238,0.000000,-0.224024,0.113025,0.968008,0.000000,-0.050843,-0.055225,-0.008917,1.000000;;
     }

     Frame Bip01_R_Calf {
      

      FrameTransformMatrix {
       0.882054,0.000000,-0.471149,0.000000,0.000000,1.000000,0.000000,0.000000,0.471149,0.000000,0.882054,0.000000,0.237500,0.000000,0.000000,1.000000;;
      }

      Frame Bip01_R_Foot {
       

       FrameTransformMatrix {
        0.907978,0.214181,-0.360142,0.000000,0.118132,0.693782,0.710431,0.000000,0.402021,-0.687600,0.604637,0.000000,0.206841,-0.000000,-0.000000,1.000000;;
       }

       Frame Bip01_R_Toe0 {
        

        FrameTransformMatrix {
         -0.530291,-0.000001,0.847816,0.000000,-0.000001,1.000000,0.000000,0.000000,-0.847816,-0.000000,-0.530291,0.000000,0.065373,0.000000,0.066450,1.000000;;
        }

        Frame Bip01_R_Toe0Nub {
         

         FrameTransformMatrix {
          1.000000,0.000000,-0.000000,0.000000,0.000000,1.000000,-0.000000,0.000000,0.000000,0.000000,1.000000,0.000000,0.006735,0.000000,0.000000,1.000000;;
         }
        }
       }
      }
     }
    }
   }

   Frame Bip01_DressFront {
    

    FrameTransformMatrix {
     -0.996647,-0.072269,0.038375,0.000000,-0.076592,0.988977,-0.126720,0.000000,-0.028795,-0.129234,-0.991196,0.000000,-0.043998,0.001418,0.061086,1.000000;;
    }

    Frame Bip01_DressFront02 {
     

     FrameTransformMatrix {
      0.995078,-0.070512,0.069625,0.000000,0.071337,0.997408,-0.009431,0.000000,-0.068779,0.014351,0.997529,0.000000,0.183333,-0.000002,-0.000131,1.000000;;
     }

     Frame Bip01_DressFrontNub {
      

      FrameTransformMatrix {
       0.000796,0.000003,1.000000,0.000000,0.000000,-1.000000,0.000003,0.000000,1.000000,0.000000,-0.000796,0.000000,0.165302,0.000000,-0.000000,1.000000;;
      }
     }
    }
   }

   Frame Bip01_DressBack {
    

    FrameTransformMatrix {
     -0.983332,-0.180857,-0.018675,0.000000,-0.180761,0.961376,0.207560,0.000000,-0.019585,0.207476,-0.978044,0.000000,-0.047730,-0.000029,-0.078282,1.000000;;
    }

    Frame Bip01_DressBack02 {
     

     FrameTransformMatrix {
      0.965771,0.094196,0.241691,0.000000,-0.047399,0.980133,-0.192595,0.000000,-0.255031,0.174547,0.951048,0.000000,0.176186,-0.000019,-0.000103,1.000000;;
     }

     Frame Bip01_DressBackNub {
      

      FrameTransformMatrix {
       0.000796,0.000003,1.000000,0.000000,0.000000,-1.000000,0.000003,0.000000,1.000000,-0.000000,-0.000796,0.000000,0.136508,0.000000,0.000000,1.000000;;
      }
     }
    }
   }
  }

  Frame Bip01_Prop1 {
   

   FrameTransformMatrix {
    0.422404,-0.045727,-0.905253,0.000000,0.725946,-0.580963,0.368083,0.000000,-0.542750,-0.812645,-0.212206,0.000000,-0.006501,0.017283,-0.138203,1.000000;;
   }
  }

  Frame Bip01_Prop2 {
   

   FrameTransformMatrix {
    -0.073895,0.286878,0.955113,0.000000,0.997075,0.040017,0.065122,0.000000,-0.019538,0.957131,-0.288996,0.000000,-0.078979,-0.051598,0.107912,1.000000;;
   }
  }
 }
}

Frame Translation_Data {
 

 FrameTransformMatrix {
  1.000000,0.000000,0.000000,0.000000,0.000000,-0.000000,-1.000000,0.000000,0.000000,1.000000,-0.000000,0.000000,0.000000,0.000000,0.000000,1.000000;;
 }
}

Frame Body {
 

 FrameTransformMatrix {
  1.000000,0.000000,0.000000,0.000000,0.000000,1.000000,0.000000,0.000000,0.000000,0.000000,1.000000,0.000000,0.000000,0.000000,0.000000,1.000000;;
 }

 Mesh Body {
  617;
  0.101421;0.734876;-0.101663;,
  0.067585;0.738445;-0.089561;,
  0.074517;0.770773;-0.081849;,
  0.104685;0.712993;-0.102229;,
  0.108427;0.698685;-0.102452;,
  0.063866;0.675110;-0.096143;,
  0.062184;0.703652;-0.098445;,
  0.110362;0.673570;-0.084150;,
  0.094210;0.797548;-0.055163;,
  0.144194;0.766404;-0.043703;,
  0.126432;0.765781;-0.068074;,
  0.119722;0.780020;-0.028764;,
  0.119811;0.553204;-0.036362;,
  0.094766;0.560855;0.000070;,
  0.097168;0.550824;0.006112;,
  0.112106;0.562252;-0.036319;,
  0.078608;0.561947;-0.081378;,
  0.099870;0.535336;-0.070314;,
  0.038882;0.557276;-0.093056;,
  0.072542;0.510476;-0.086513;,
  0.043255;0.500980;-0.079139;,
  0.012568;0.684558;-0.081106;,
  0.024758;0.715710;-0.086642;,
  0.058010;0.559535;0.022284;,
  0.061182;0.547335;0.027961;,
  0.112183;0.651402;0.016477;,
  0.075012;0.703583;0.041282;,
  0.068676;0.659898;0.042701;,
  0.123812;0.692781;0.014526;,
  0.051401;0.463052;-0.087453;,
  0.089450;0.357417;-0.086938;,
  0.042712;0.365051;-0.090499;,
  0.099956;0.457532;-0.074731;,
  0.030086;0.268513;-0.091247;,
  0.078145;0.265788;-0.069687;,
  0.021194;0.468165;-0.042983;,
  0.062422;0.362991;0.016847;,
  0.075239;0.445266;0.031484;,
  0.016445;0.368184;-0.043407;,
  0.054374;0.274841;-0.008660;,
  0.028868;0.270649;-0.041887;,
  0.124660;0.354678;-0.032642;,
  0.125980;0.439090;-0.021661;,
  0.088415;0.273053;-0.031076;,
  0.088731;0.000815;0.011851;,
  0.049166;0.001166;0.057310;,
  0.043836;0.000809;0.008784;,
  0.084022;0.001140;0.057043;,
  0.045604;0.213393;-0.059036;,
  0.088869;0.143647;-0.030641;,
  0.048665;0.142249;-0.038540;,
  0.087653;0.215111;-0.052401;,
  0.086797;0.069074;-0.000272;,
  0.058680;0.067000;-0.018528;,
  0.024605;0.205295;-0.013233;,
  0.058145;0.166134;0.031464;,
  0.054609;0.231650;0.025650;,
  0.037750;0.148450;-0.001784;,
  0.065836;0.085007;0.029914;,
  0.049931;0.062105;0.003132;,
  0.109963;0.158090;-0.001794;,
  0.114800;0.231399;-0.014426;,
  0.087232;0.088162;0.020396;,
  0.108254;0.506753;-0.067222;,
  0.002146;0.493325;-0.067533;,
  0.021194;0.468165;-0.042983;,
  0.009984;0.459790;-0.053384;,
  0.137981;0.504918;-0.021434;,
  0.107668;0.506066;0.025060;,
  0.130331;0.453550;-0.018243;,
  0.103836;0.460243;0.024129;,
  0.099696;0.604983;0.008629;,
  0.131364;0.645015;-0.012510;,
  0.134125;0.647854;-0.032550;,
  0.083907;0.609433;-0.067627;,
  0.103923;0.651211;-0.075835;,
  0.114959;0.603934;-0.028277;,
  0.056935;0.653587;-0.091160;,
  0.049275;0.608995;-0.081631;,
  0.005255;0.666804;-0.072207;,
  0.004091;0.608847;-0.062396;,
  0.145610;0.681441;-0.112706;,
  0.157273;0.633822;-0.100004;,
  0.098945;0.695375;-0.089818;,
  0.114836;0.579370;-0.059054;,
  0.102739;0.635785;-0.075263;,
  0.158954;0.578517;-0.079400;,
  0.123134;0.700700;-0.034154;,
  0.102739;0.635785;-0.075263;,
  0.129508;0.652883;-0.017327;,
  0.135109;0.603319;-0.014606;,
  0.114836;0.579370;-0.059054;,
  0.133782;0.703156;-0.031153;,
  0.184157;0.651224;-0.042117;,
  0.171781;0.697789;-0.054427;,
  0.179106;0.602497;-0.034853;,
  0.164119;0.689392;-0.090561;,
  0.164495;0.550189;-0.076286;,
  0.131737;0.492310;-0.032804;,
  0.113531;0.547613;-0.049897;,
  0.163578;0.496237;-0.050641;,
  0.142191;0.454658;-0.016532;,
  0.165888;0.451984;-0.026740;,
  0.113531;0.547613;-0.049897;,
  0.161107;0.517675;0.009243;,
  0.137509;0.575437;0.000721;,
  0.131737;0.492310;-0.032804;,
  0.163581;0.472342;0.011583;,
  0.142191;0.454658;-0.016532;,
  0.185322;0.520815;-0.004823;,
  0.188301;0.578066;-0.025343;,
  0.180871;0.467352;0.004349;,
  0.156475;0.344510;0.046994;,
  0.163369;0.399319;0.061316;,
  0.145392;0.361233;0.037972;,
  0.174102;0.382489;0.069841;,
  0.140090;0.376043;0.014430;,
  0.154856;0.368592;0.017059;,
  0.147126;0.373831;0.022880;,
  0.143854;0.367801;0.007081;,
  0.156056;0.446294;0.032334;,
  0.161295;0.394375;0.001967;,
  0.174447;0.417540;0.047526;,
  0.137482;0.418814;-0.004707;,
  0.192841;0.410667;0.043988;,
  0.190534;0.447061;0.016773;,
  0.171820;0.419074;-0.022833;,
  0.180343;0.389032;-0.000293;,
  0.153038;0.751435;-0.076038;,
  0.145323;0.745026;-0.104195;,
  0.126432;0.765781;-0.068074;,
  0.113722;0.757513;-0.088595;,
  0.149310;0.686245;-0.015813;,
  0.090926;0.782951;-0.079571;,
  0.128383;0.726319;-0.115167;,
  0.104685;0.712993;-0.102229;,
  0.101421;0.734876;-0.101663;,
  0.123242;0.703155;-0.107109;,
  0.155585;0.725103;-0.033875;,
  0.128227;0.730753;-0.001614;,
  0.156805;0.727483;-0.039243;,
  0.077222;0.741924;0.023920;,
  0.074817;0.787220;-0.015441;,
  0.144194;0.766404;-0.043703;,
  0.156805;0.727483;-0.039243;,
  0.119061;0.697606;-0.074340;,
  0.151312;0.716109;-0.045162;,
  0.098945;0.695375;-0.089818;,
  0.136596;0.678689;-0.043825;,
  0.114779;0.672659;-0.070329;,
  0.108427;0.698685;-0.102452;,
  0.148752;0.682269;-0.032755;,
  0.137482;0.418814;-0.004707;,
  0.088435;0.810292;-0.082828;,
  0.085419;0.826904;-0.068831;,
  0.070472;0.808183;-0.041496;,
  0.063947;0.839830;-0.063272;,
  0.180343;0.389032;-0.000293;,
  0.156475;0.344510;0.046994;,
  0.174102;0.382489;0.069841;,
  0.137118;0.393000;0.004337;,
  0.152275;0.376537;-0.008711;,
  0.137118;0.393000;0.004337;,
  0.151367;0.390134;0.014612;,
  0.170947;0.383352;0.001332;,
  0.170947;0.383352;0.001332;,
  0.140090;0.376043;0.014430;,
  0.143854;0.367801;0.007081;,
  0.154856;0.368592;0.017059;,
  0.094973;0.021745;-0.065187;,
  0.064718;-0.000295;-0.109725;,
  0.063397;0.018353;-0.102666;,
  0.100532;0.000052;-0.072217;,
  0.045419;0.034473;0.046360;,
  0.043836;0.000809;0.008784;,
  0.049166;0.001166;0.057310;,
  0.042465;0.025741;0.006012;,
  0.065836;0.085007;0.029914;,
  0.086959;0.037490;0.045800;,
  0.087232;0.088162;0.020396;,
  0.088731;0.000815;0.011851;,
  0.084022;0.001140;0.057043;,
  0.089882;0.035736;0.009046;,
  0.058680;0.067000;-0.018528;,
  0.086797;0.069074;-0.000272;,
  0.035905;0.015419;-0.092184;,
  0.029778;-0.000183;-0.099272;,
  0.100532;0.000052;-0.072217;,
  0.029778;-0.000183;-0.099272;,
  0.016445;0.368184;-0.043407;,
  0.028868;0.270649;-0.041887;,
  0.024605;0.205295;-0.013233;,
  0.037750;0.148450;-0.001784;,
  0.049931;0.062105;0.003132;,
  0.049931;0.062105;0.003132;,
  0.036346;0.450508;-0.009536;,
  0.098813;0.796431;-0.084692;,
  0.079004;0.781239;-0.094738;,
  0.089850;0.781801;-0.097582;,
  0.076375;0.799098;-0.092595;,
  0.098892;0.827705;-0.084700;,
  0.095162;0.851161;-0.080406;,
  0.129647;0.878409;-0.195394;,
  0.108986;0.858129;-0.213955;,
  0.113409;0.886136;-0.204617;,
  0.117090;0.798943;-0.176005;,
  0.101219;0.797497;-0.184878;,
  0.124831;0.823228;-0.191271;,
  0.103350;0.790097;-0.111913;,
  0.114616;0.814729;-0.099607;,
  0.101709;0.810377;-0.087142;,
  0.129243;0.848727;-0.112017;,
  0.134031;0.837746;-0.133430;,
  0.139601;0.836445;-0.181169;,
  0.148063;0.855734;-0.162828;,
  0.128840;0.816054;-0.149083;,
  0.128095;0.863898;-0.104883;,
  0.121073;0.886931;-0.100601;,
  0.085374;0.905671;-0.106093;,
  0.134013;0.907480;-0.142584;,
  0.104467;0.924553;-0.147429;,
  0.120251;0.803007;-0.132605;,
  0.091167;0.776137;-0.117214;,
  0.105353;0.785872;-0.148785;,
  0.068253;0.756015;-0.112419;,
  0.047981;0.766350;-0.107049;,
  0.049128;0.751655;-0.122204;,
  0.128257;0.842707;-0.200280;,
  0.143612;0.867600;-0.181922;,
  0.147155;0.887815;-0.148379;,
  0.141775;0.895027;-0.170308;,
  0.128047;0.907465;-0.175293;,
  0.113086;0.914862;-0.180667;,
  0.070296;0.873580;-0.087199;,
  0.147155;0.887815;-0.148379;,
  0.141775;0.895027;-0.170308;,
  0.121440;0.814329;-0.099942;,
  0.144715;0.848371;-0.123706;,
  0.141678;0.841813;-0.103674;,
  0.130877;0.835034;-0.116389;,
  0.141678;0.841813;-0.103674;,
  0.121440;0.814329;-0.099942;,
  0.144715;0.848371;-0.123706;,
  0.134031;0.837746;-0.133430;,
  0.124975;0.817863;-0.120939;,
  0.114616;0.814729;-0.099607;,
  0.113928;0.799408;-0.164233;,
  0.124975;0.817863;-0.120939;,
  0.090926;0.782951;-0.079571;,
  0.088435;0.810292;-0.082828;,
  0.113722;0.757513;-0.088595;,
  0.098892;0.827705;-0.084700;,
  0.039792;0.764190;-0.085348;,
  0.033418;0.741270;-0.084052;,
  -0.000168;0.555790;-0.073610;,
  0.071655;0.504209;0.046805;,
  0.070657;0.469923;0.046396;,
  0.061784;0.449691;0.041213;,
  0.043324;0.782366;-0.099496;,
  0.036346;0.450508;-0.009536;,
  0.128047;0.907465;-0.175293;,
  0.113086;0.914862;-0.180667;,
  0.081445;0.771093;-0.137366;,
  0.083687;0.781600;-0.159869;,
  0.080036;0.775480;-0.153355;,
  0.105458;0.843127;-0.215532;,
  0.097041;0.819972;-0.209180;,
  0.095585;0.799521;-0.173317;,
  0.059557;0.608361;0.033006;,
  0.113722;0.757513;-0.088595;,
  0.064718;-0.000295;-0.109725;,
  0.070573;0.762831;-0.138458;,
  0.078281;0.767398;-0.132887;,
  0.072241;0.768523;-0.139425;,
  0.068025;0.774297;-0.159951;,
  0.071602;0.772483;-0.171977;,
  0.073666;0.767379;-0.145370;,
  0.061660;0.771219;-0.143595;,
  0.059094;0.762710;-0.142820;,
  0.085347;0.796051;-0.193751;,
  0.081538;0.793221;-0.184756;,
  0.151312;0.716109;-0.045162;,
  0.063295;0.767463;-0.151437;,
  0.122428;0.705344;-0.058968;,
  0.119061;0.697606;-0.074340;,
  0.108427;0.698685;-0.102452;,
  0.128095;0.863898;-0.104883;,
  0.045604;0.213393;-0.059036;,
  0.012768;0.142228;-0.035479;,
  0.004079;0.218335;-0.049789;,
  0.048665;0.142249;-0.038540;,
  0.030086;0.268513;-0.091247;,
  0.003371;0.275912;-0.069110;,
  0.042712;0.365051;-0.090499;,
  0.002545;0.370193;-0.064442;,
  0.051401;0.463052;-0.087453;,
  0.005890;0.458782;-0.069366;,
  0.043255;0.500980;-0.079139;,
  0.010594;0.070772;-0.022280;,
  0.058680;0.067000;-0.018528;,
  0.076971;0.162109;0.054506;,
  0.077510;0.105098;0.151410;,
  0.082683;0.093825;0.069696;,
  0.068732;0.173019;0.125891;,
  0.054392;0.233131;0.097585;,
  0.065868;0.232519;0.034961;,
  0.051167;0.288861;0.080180;,
  0.064626;0.276595;0.020531;,
  0.069485;0.362856;0.030039;,
  0.057285;0.372381;0.064140;,
  0.069842;0.442748;0.051559;,
  0.122428;0.705344;-0.058968;,
  -0.020850;0.776195;-0.053656;,
  0.008100;0.756164;-0.065535;,
  -0.035077;0.759144;-0.047052;,
  0.024294;0.785646;-0.061666;,
  -0.043801;0.744871;-0.041318;,
  -0.031753;0.697984;-0.053419;,
  -0.050130;0.711964;-0.012440;,
  -0.010963;0.725440;-0.068901;,
  0.042231;0.812896;-0.034326;,
  0.005436;0.809048;0.011982;,
  0.035957;0.804971;0.005069;,
  0.001449;0.807877;-0.018828;,
  -0.022739;0.556323;0.050000;,
  0.021371;0.562462;0.044536;,
  -0.018847;0.565117;0.043017;,
  0.025292;0.552397;0.049658;,
  -0.043288;0.564615;-0.007528;,
  -0.044170;0.538488;0.016952;,
  -0.035411;0.558902;-0.048046;,
  -0.046264;0.512940;-0.014881;,
  -0.026905;0.502516;-0.036633;,
  0.058010;0.559535;0.022284;,
  0.061182;0.547335;0.027961;,
  0.021139;0.666235;0.062239;,
  0.075012;0.703583;0.041282;,
  0.022911;0.716918;0.059610;,
  0.068676;0.659898;0.042701;,
  -0.042675;0.459891;-0.024340;,
  -0.086961;0.376012;0.039524;,
  -0.057496;0.469491;0.023149;,
  -0.064574;0.365539;-0.001029;,
  -0.081226;0.268942;0.018887;,
  -0.087977;0.286510;0.067688;,
  0.009485;0.451627;-0.022418;,
  0.014328;0.368246;0.074356;,
  -0.011407;0.357292;0.003722;,
  0.054536;0.445719;0.044027;,
  -0.023099;0.286396;0.078923;,
  -0.038877;0.271494;0.043436;,
  -0.060184;0.385333;0.097761;,
  -0.027943;0.456451;0.076092;,
  -0.059391;0.298110;0.093417;,
  -0.078094;0.085228;0.243359;,
  -0.056715;0.135154;0.269483;,
  -0.089323;0.124219;0.263808;,
  -0.034914;0.096471;0.249194;,
  -0.071432;0.226376;0.071151;,
  -0.080432;0.186232;0.147637;,
  -0.086478;0.247328;0.105059;,
  -0.067330;0.166279;0.114307;,
  -0.070779;0.118506;0.188016;,
  -0.057909;0.100699;0.165762;,
  -0.023338;0.213847;0.082745;,
  -0.008545;0.198010;0.147450;,
  -0.029589;0.170181;0.122613;,
  -0.000855;0.254195;0.113942;,
  -0.036874;0.138845;0.189413;,
  -0.038877;0.118746;0.191624;,
  -0.064019;0.211099;0.172091;,
  -0.065013;0.277359;0.137948;,
  -0.058799;0.143224;0.190745;,
  -0.046224;0.510134;0.026367;,
  0.009485;0.451627;-0.022418;,
  -0.019461;0.508364;0.073950;,
  0.035791;0.507639;0.068606;,
  -0.021020;0.465227;0.075415;,
  0.030608;0.465055;0.071500;,
  0.017491;0.613107;0.053804;,
  -0.015073;0.668873;0.061095;,
  -0.032400;0.674985;0.051152;,
  -0.040493;0.621728;0.000736;,
  -0.022631;0.617532;0.047334;,
  -0.051280;0.676497;0.002175;,
  -0.038205;0.669088;-0.043339;,
  -0.035411;0.617364;-0.035093;,
  -0.076841;0.754854;-0.022896;,
  -0.028623;0.751906;-0.046602;,
  -0.087223;0.710958;0.000132;,
  -0.046434;0.645020;-0.001508;,
  -0.087544;0.658843;0.020408;,
  -0.036485;0.694199;-0.026975;,
  0.001986;0.755481;0.005954;,
  -0.002255;0.709338;0.027473;,
  -0.036485;0.694199;-0.026975;,
  -0.017237;0.660964;0.041938;,
  -0.046434;0.645020;-0.001508;,
  -0.001079;0.760306;0.015739;,
  -0.053009;0.726425;0.054600;,
  -0.042218;0.769067;0.031398;,
  -0.058195;0.674721;0.063840;,
  -0.068078;0.764264;0.004138;,
  -0.098479;0.636075;0.023095;,
  -0.069868;0.562164;0.017419;,
  -0.100110;0.577018;0.031984;,
  -0.050204;0.616493;-0.001120;,
  -0.077990;0.525724;0.031629;,
  -0.101108;0.528404;0.043532;,
  -0.050204;0.616493;-0.001120;,
  -0.048325;0.574690;0.068925;,
  -0.069868;0.562164;0.017419;,
  -0.018294;0.627649;0.051838;,
  -0.065534;0.529187;0.068663;,
  -0.077990;0.525724;0.031629;,
  -0.071620;0.586310;0.079714;,
  -0.066227;0.647178;0.076068;,
  -0.082636;0.532495;0.076105;,
  -0.088804;0.418594;0.011918;,
  -0.075274;0.448929;0.058324;,
  -0.077707;0.427377;0.057468;,
  -0.086542;0.440472;0.012278;,
  -0.084960;0.459298;0.012752;,
  -0.095641;0.447863;0.018718;,
  -0.092910;0.454499;0.005690;,
  -0.085643;0.451808;0.021073;,
  -0.062776;0.489157;0.061667;,
  -0.108024;0.474007;0.024677;,
  -0.083411;0.497395;0.017187;,
  -0.081154;0.457039;0.066812;,
  -0.099036;0.453563;0.074952;,
  -0.094491;0.498552;0.080033;,
  -0.116664;0.508266;0.034033;,
  -0.124920;0.470654;0.034666;,
  -0.023711;0.815737;-0.007922;,
  -0.039905;0.812486;-0.032821;,
  0.001449;0.807877;-0.018828;,
  -0.006976;0.799086;-0.041425;,
  -0.016762;0.725973;0.058390;,
  0.021584;0.803386;-0.051821;,
  -0.048395;0.790184;-0.046778;,
  -0.035077;0.759144;-0.047052;,
  -0.054639;0.768459;-0.038848;,
  -0.020850;0.776195;-0.053656;,
  -0.014411;0.777644;0.033904;,
  -0.017382;0.781445;0.030188;,
  0.024948;0.761517;0.040100;,
  0.077222;0.741924;0.023920;,
  0.074817;0.787220;-0.015441;,
  0.005436;0.809048;0.011982;,
  -0.017382;0.781445;0.030188;,
  -0.033229;0.745476;-0.013688;,
  -0.028623;0.751906;-0.046602;,
  -0.023801;0.771657;0.024257;,
  -0.033264;0.719323;0.032070;,
  -0.042820;0.710360;0.000088;,
  -0.043801;0.744871;-0.041318;,
  -0.030581;0.725169;0.047373;,
  -0.083411;0.497395;0.017187;,
  0.023887;0.827237;-0.080071;,
  0.037665;0.839440;-0.066791;,
  0.070472;0.808183;-0.041496;,
  0.063947;0.839830;-0.063272;,
  -0.124920;0.470654;0.034666;,
  -0.088804;0.418594;0.011918;,
  -0.077707;0.427377;0.057468;,
  -0.087537;0.479083;0.013080;,
  -0.108528;0.466767;0.004212;,
  -0.087537;0.479083;0.013080;,
  -0.092918;0.468327;0.026201;,
  -0.116942;0.463246;0.024529;,
  -0.116942;0.463246;0.024529;,
  -0.084960;0.459298;0.012752;,
  -0.092910;0.454499;0.005690;,
  -0.095641;0.447863;0.018718;,
  -0.057346;0.029411;0.189825;,
  -0.013471;-0.008515;0.194426;,
  -0.060057;0.011687;0.204971;,
  -0.014737;0.006500;0.181301;,
  -0.049520;0.142906;0.235847;,
  -0.034914;0.096471;0.249194;,
  -0.032750;0.106322;0.226185;,
  -0.056715;0.135154;0.269483;,
  -0.036874;0.138845;0.189413;,
  -0.088307;0.131108;0.226287;,
  -0.058799;0.143224;0.190745;,
  -0.078094;0.085228;0.243359;,
  -0.078317;0.098975;0.211116;,
  -0.089323;0.124219;0.263808;,
  -0.057909;0.100699;0.165762;,
  -0.070779;0.118506;0.188016;,
  0.007435;0.022234;0.192925;,
  0.015689;0.010913;0.204542;,
  -0.060057;0.011687;0.204971;,
  0.015689;0.010913;0.204542;,
  -0.011407;0.357292;0.003722;,
  -0.038877;0.271494;0.043436;,
  -0.023338;0.213847;0.082745;,
  -0.029589;0.170181;0.122613;,
  -0.038877;0.118746;0.191624;,
  -0.038877;0.118746;0.191624;,
  0.014194;0.819339;-0.113313;,
  0.026539;0.795442;-0.112484;,
  0.026374;0.812224;-0.090460;,
  0.020996;0.800441;-0.120870;,
  0.028401;0.846789;-0.108542;,
  0.039199;0.866311;-0.099334;,
  0.093529;0.888186;-0.207610;,
  0.113409;0.886136;-0.204617;,
  0.054847;0.815793;-0.197058;,
  0.069319;0.838256;-0.210047;,
  0.070097;0.805922;-0.195404;,
  0.023707;0.811658;-0.138851;,
  0.020222;0.840283;-0.131534;,
  0.019967;0.832506;-0.114790;,
  0.032785;0.874840;-0.144642;,
  0.036700;0.864095;-0.166350;,
  0.059488;0.858133;-0.208266;,
  0.039277;0.840300;-0.179376;,
  0.052048;0.881728;-0.195304;,
  0.036423;0.888715;-0.135889;,
  0.049287;0.906365;-0.124881;,
  0.085374;0.905671;-0.106093;,
  0.073716;0.923803;-0.162978;,
  0.104467;0.924553;-0.147429;,
  0.029819;0.827489;-0.163192;,
  0.041412;0.803182;-0.170412;,
  0.028695;0.793049;-0.138344;,
  0.032463;0.765704;-0.124524;,
  0.080986;0.855504;-0.216268;,
  0.071376;0.887155;-0.206354;,
  0.059064;0.911663;-0.178174;,
  0.078522;0.912151;-0.191703;,
  0.113086;0.914862;-0.180667;,
  0.096420;0.916027;-0.185990;,
  0.070296;0.873580;-0.087199;,
  0.059064;0.911663;-0.178174;,
  0.078522;0.912151;-0.191703;,
  0.015563;0.842992;-0.135753;,
  0.028699;0.879779;-0.162946;,
  0.027915;0.862908;-0.151213;,
  0.016376;0.875734;-0.146054;,
  0.016376;0.875734;-0.146054;,
  0.015563;0.842992;-0.135753;,
  0.028699;0.879779;-0.162946;,
  0.036700;0.864095;-0.166350;,
  0.026716;0.844463;-0.154173;,
  0.020222;0.840283;-0.131534;,
  0.050516;0.816575;-0.185681;,
  0.026716;0.844463;-0.154173;,
  0.021584;0.803386;-0.051821;,
  0.023887;0.827237;-0.080071;,
  -0.006976;0.799086;-0.041425;,
  0.028401;0.846789;-0.108542;,
  0.071655;0.504209;0.046805;,
  0.070657;0.469923;0.046396;,
  0.061784;0.449691;0.041213;,
  0.036346;0.450508;-0.009536;,
  0.096420;0.916027;-0.185990;,
  0.113086;0.914862;-0.180667;,
  0.044523;0.781088;-0.149854;,
  0.060596;0.787851;-0.167679;,
  0.056593;0.781826;-0.161284;,
  0.068288;0.806911;-0.182550;,
  0.059557;0.608361;0.033006;,
  -0.006976;0.799086;-0.041425;,
  -0.013471;-0.008515;0.194426;,
  0.042451;0.777098;-0.145005;,
  0.048814;0.768721;-0.145818;,
  0.050819;0.774323;-0.146670;,
  0.052708;0.773053;-0.152458;,
  -0.023801;0.771657;0.024257;,
  -0.021372;0.750930;-0.001993;,
  -0.033229;0.745476;-0.013688;,
  -0.043801;0.744871;-0.041318;,
  0.036423;0.888715;-0.135889;,
  -0.038693;0.216898;0.003984;,
  -0.021285;0.145923;-0.009317;,
  -0.047295;0.149648;0.037931;,
  -0.016527;0.220592;-0.027674;,
  -0.043282;0.269548;-0.018253;,
  -0.014125;0.274108;-0.046617;,
  -0.019998;0.360344;-0.035625;,
  -0.005815;0.363518;-0.053440;,
  -0.006450;0.446465;-0.054684;,
  -0.000067;0.448542;-0.064472;,
  0.002146;0.493325;-0.067533;,
  -0.026905;0.502516;-0.036633;,
  -0.027096;0.081580;0.002974;,
  -0.052080;0.083690;0.063808;,
  0.014212;0.137375;0.207764;,
  -0.064019;0.211099;0.172091;,
  -0.058786;0.143224;0.190743;,
  0.008402;0.200407;0.167199;,
  -0.065013;0.277359;0.137948;,
  -0.001237;0.260105;0.130239;,
  -0.001789;0.295271;0.104251;,
  -0.059391;0.298110;0.093417;,
  -0.060184;0.385333;0.097761;,
  0.022787;0.369942;0.089588;,
  0.070657;0.469923;0.046396;,
  0.030608;0.465056;0.071500;,
  -0.021372;0.750930;-0.001993;,
  -0.042675;0.459891;-0.024340;,
  -0.064574;0.365539;-0.001029;,
  -0.081226;0.268942;0.018887;,
  -0.071432;0.226376;0.071151;,
  -0.067330;0.166279;0.114307;,
  -0.057909;0.100699;0.165762;,
  0.124660;0.354678;-0.032642;,
  0.103836;0.460243;0.024129;,
  0.125980;0.439090;-0.021661;,
  0.088415;0.273053;-0.031076;,
  0.114800;0.231399;-0.014426;,
  0.109963;0.158090;-0.001794;,
  0.087232;0.088162;0.020396;,
  -0.027943;0.456452;0.076092;;
  916;
  3;0,1,2;,
  3;1,0,3;,
  3;4,5,6;,
  3;5,4,7;,
  3;8,9,10;,
  3;9,8,11;,
  3;12,13,14;,
  3;13,12,15;,
  3;16,12,17;,
  3;12,16,15;,
  3;18,19,20;,
  3;19,18,16;,
  3;6,21,22;,
  3;21,6,5;,
  3;14,23,24;,
  3;23,14,13;,
  3;25,26,27;,
  3;26,25,28;,
  3;29,30,31;,
  3;30,29,32;,
  3;30,33,31;,
  3;33,30,34;,
  3;35,36,37;,
  3;36,35,38;,
  3;38,39,36;,
  3;39,38,40;,
  3;37,41,42;,
  3;41,37,36;,
  3;36,43,41;,
  3;43,36,39;,
  3;42,30,32;,
  3;30,42,41;,
  3;41,34,30;,
  3;34,41,43;,
  3;44,45,46;,
  3;45,44,47;,
  3;48,49,50;,
  3;49,48,51;,
  3;50,52,53;,
  3;52,50,49;,
  3;54,55,56;,
  3;55,54,57;,
  3;57,58,55;,
  3;58,57,59;,
  3;56,60,61;,
  3;60,56,55;,
  3;55,62,60;,
  3;62,55,58;,
  3;61,49,51;,
  3;49,61,60;,
  3;60,52,49;,
  3;52,60,62;,
  3;32,19,63;,
  3;19,32,29;,
  3;64,65,66;,
  3;65,64,20;,
  3;14,67,12;,
  3;67,14,68;,
  3;68,69,67;,
  3;69,68,70;,
  3;70,42,69;,
  3;42,70,37;,
  3;48,34,51;,
  3;34,48,33;,
  3;51,43,61;,
  3;43,51,34;,
  3;43,56,61;,
  3;56,43,39;,
  3;39,54,56;,
  3;54,39,40;,
  3;12,63,17;,
  3;63,12,67;,
  3;67,32,63;,
  3;32,67,69;,
  3;69,42,32;,
  3;71,72,25;,
  3;73,74,75;,
  3;74,73,76;,
  3;74,77,75;,
  3;77,74,78;,
  3;79,78,80;,
  3;78,79,77;,
  3;81,82,83;,
  3;82,84,85;,
  3;84,82,86;,
  3;87,88,89;,
  3;88,90,89;,
  3;90,88,91;,
  3;92,93,94;,
  3;92,89,93;,
  3;92,87,89;,
  3;89,95,93;,
  3;95,89,90;,
  3;96,93,82;,
  3;93,86,82;,
  3;86,93,95;,
  3;97,98,99;,
  3;98,97,100;,
  3;100,101,98;,
  3;101,100,102;,
  3;103,104,105;,
  3;104,103,106;,
  3;106,107,104;,
  3;107,106,108;,
  3;105,109,110;,
  3;109,105,104;,
  3;104,111,109;,
  3;111,104,107;,
  3;110,100,97;,
  3;100,110,109;,
  3;109,102,100;,
  3;102,109,111;,
  3;112,113,114;,
  3;113,112,115;,
  3;116,117,118;,
  3;117,116,119;,
  3;120,121,122;,
  3;121,120,123;,
  3;120,124,125;,
  3;124,120,122;,
  3;126,124,127;,
  3;124,126,125;,
  3;95,97,86;,
  3;97,95,110;,
  3;86,99,84;,
  3;99,86,97;,
  3;90,103,105;,
  3;103,90,91;,
  3;105,95,90;,
  3;95,105,110;,
  3;128,96,129;,
  3;96,128,94;,
  3;129,130,128;,
  3;130,129,131;,
  3;72,28,25;,
  3;28,72,132;,
  3;10,133,8;,
  3;134,135,136;,
  3;135,134,137;,
  3;81,137,134;,
  3;138,11,139;,
  3;138,9,11;,
  3;138,140,9;,
  3;141,11,142;,
  3;11,141,139;,
  3;128,130,143;,
  3;94,144,92;,
  3;94,143,144;,
  3;94,128,143;,
  3;145,87,146;,
  3;87,145,147;,
  3;75,148,73;,
  3;148,75,149;,
  3;150,147,145;,
  3;7,149,75;,
  3;148,151,73;,
  3;102,152,101;,
  3;152,102,126;,
  3;102,125,126;,
  3;125,102,111;,
  3;111,120,125;,
  3;120,111,107;,
  3;120,108,123;,
  3;108,120,107;,
  3;8,153,154;,
  3;153,8,133;,
  3;154,155,8;,
  3;155,154,156;,
  3;122,114,113;,
  3;114,122,121;,
  3;121,112,114;,
  3;112,121,157;,
  3;158,124,159;,
  3;124,158,127;,
  3;159,122,113;,
  3;122,159,124;,
  3;126,160,152;,
  3;160,126,161;,
  3;162,121,123;,
  3;121,162,163;,
  3;121,164,157;,
  3;164,121,163;,
  3;165,126,127;,
  3;126,165,161;,
  3;161,166,160;,
  3;166,161,167;,
  3;162,118,163;,
  3;118,162,116;,
  3;163,117,164;,
  3;117,163,118;,
  3;165,167,161;,
  3;167,165,168;,
  3;169,170,171;,
  3;170,169,172;,
  3;173,174,175;,
  3;174,173,176;,
  3;177,178,179;,
  3;178,177,173;,
  3;180,178,181;,
  3;178,180,182;,
  3;183,169,171;,
  3;169,183,184;,
  3;174,185,186;,
  3;185,174,176;,
  3;46,187,44;,
  3;187,46,188;,
  3;180,169,182;,
  3;169,180,172;,
  3;20,29,65;,
  3;19,29,20;,
  3;29,31,189;,
  3;31,190,189;,
  3;190,31,33;,
  3;33,191,190;,
  3;191,33,48;,
  3;191,50,192;,
  3;50,191,48;,
  3;192,53,193;,
  3;53,192,50;,
  3;194,171,185;,
  3;171,194,183;,
  3;171,186,185;,
  3;186,171,170;,
  3;185,176,194;,
  3;194,173,177;,
  3;173,194,176;,
  3;178,175,181;,
  3;175,178,173;,
  3;179,182,184;,
  3;182,179,178;,
  3;182,169,184;,
  3;16,17,19;,
  3;17,63,19;,
  3;65,195,66;,
  3;196,197,198;,
  3;197,196,199;,
  3;200,154,153;,
  3;154,200,201;,
  3;202,203,204;,
  3;205,206,207;,
  3;196,208,209;,
  3;208,196,198;,
  3;210,209,211;,
  3;209,210,196;,
  3;212,213,214;,
  3;213,212,215;,
  3;212,214,211;,
  3;201,216,217;,
  3;216,201,200;,
  3;218,219,220;,
  3;219,218,217;,
  3;210,199,196;,
  3;213,205,207;,
  3;221,222,223;,
  3;198,197,224;,
  3;224,225,226;,
  3;225,224,197;,
  3;227,213,207;,
  3;228,229,214;,
  3;229,228,230;,
  3;220,231,232;,
  3;213,228,214;,
  3;156,201,233;,
  3;201,156,154;,
  3;233,217,218;,
  3;217,233,201;,
  3;219,217,234;,
  3;235,219,234;,
  3;236,237,238;,
  3;237,236,239;,
  3;209,240,211;,
  3;240,209,241;,
  3;211,242,212;,
  3;242,211,240;,
  3;243,239,244;,
  3;239,243,237;,
  3;244,236,245;,
  3;236,244,239;,
  3;246,221,223;,
  3;221,246,215;,
  3;221,212,247;,
  3;212,221,215;,
  3;199,248,2;,
  3;248,199,249;,
  3;133,10,250;,
  3;249,210,251;,
  3;210,249,199;,
  3;210,211,251;,
  3;252,1,253;,
  3;1,252,2;,
  3;20,254,18;,
  3;254,20,64;,
  3;24,68,14;,
  3;68,24,255;,
  3;68,256,70;,
  3;256,68,255;,
  3;256,37,70;,
  3;37,256,257;,
  3;258,2,252;,
  3;2,258,199;,
  3;257,259,37;,
  3;37,259,35;,
  3;260,204,261;,
  3;204,260,202;,
  3;262,263,223;,
  3;263,262,264;,
  3;197,258,225;,
  3;258,197,199;,
  3;265,203,227;,
  3;265,207,266;,
  3;207,265,227;,
  3;223,267,246;,
  3;267,223,263;,
  3;88,87,147;,
  3;83,82,85;,
  3;78,16,18;,
  3;16,78,74;,
  3;74,15,16;,
  3;15,74,76;,
  3;15,71,13;,
  3;71,15,76;,
  3;13,268,23;,
  3;268,13,71;,
  3;248,269,2;,
  3;2,269,0;,
  3;136,129,134;,
  3;129,136,131;,
  3;134,96,81;,
  3;96,134,129;,
  3;96,82,81;,
  3;93,96,94;,
  3;29,189,65;,
  3;205,215,246;,
  3;267,205,246;,
  3;205,267,206;,
  3;205,213,215;,
  3;187,188,270;,
  3;224,271,272;,
  3;222,221,208;,
  3;224,222,198;,
  3;272,273,262;,
  3;273,272,271;,
  3;263,274,275;,
  3;273,276,262;,
  3;277,271,278;,
  3;271,277,273;,
  3;222,272,262;,
  3;272,222,224;,
  3;222,208,198;,
  3;209,221,247;,
  3;221,209,208;,
  3;223,222,262;,
  3;266,206,279;,
  3;206,266,207;,
  3;206,280,279;,
  3;280,206,267;,
  3;280,263,275;,
  3;263,280,267;,
  3;264,262,276;,
  3;76,73,72;,
  3;138,281,140;,
  3;73,132,72;,
  3;132,73,151;,
  3;72,71,76;,
  3;271,226,278;,
  3;155,11,8;,
  3;276,277,282;,
  3;277,276,273;,
  3;274,276,282;,
  3;276,274,264;,
  3;28,141,26;,
  3;141,28,139;,
  3;139,132,138;,
  3;132,139,28;,
  3;132,281,138;,
  3;281,132,151;,
