xof 0303txt 0032
template ColorRGBA {
 <35ff44e0-6c7c-11cf-8f52-0040333594a3>
 FLOAT red;
 FLOAT green;
 FLOAT blue;
 FLOAT alpha;
}

template ColorRGB {
 <d3e16e81-7835-11cf-8f52-0040333594a3>
 FLOAT red;
 FLOAT green;
 FLOAT blue;
}

template Material {
 <3d82ab4d-62da-11cf-ab39-0020af71e433>
 ColorRGBA faceColor;
 FLOAT power;
 ColorRGB specularColor;
 ColorRGB emissiveColor;
 [...]
}

template TextureFilename {
 <a42790e1-7810-11cf-8f52-0040333594a3>
 STRING filename;
}

template Frame {
 <3d82ab46-62da-11cf-ab39-0020af71e433>
 [...]
}

template Matrix4x4 {
 <f6f23f45-7686-11cf-8f52-0040333594a3>
 array FLOAT matrix[16];
}

template FrameTransformMatrix {
 <f6f23f41-7686-11cf-8f52-0040333594a3>
 Matrix4x4 frameMatrix;
}

template Vector {
 <3d82ab5e-62da-11cf-ab39-0020af71e433>
 FLOAT x;
 FLOAT y;
 FLOAT z;
}

template MeshFace {
 <3d82ab5f-62da-11cf-ab39-0020af71e433>
 DWORD nFaceVertexIndices;
 array DWORD faceVertexIndices[nFaceVertexIndices];
}

template Mesh {
 <3d82ab44-62da-11cf-ab39-0020af71e433>
 DWORD nVertices;
 array Vector vertices[nVertices];
 DWORD nFaces;
 array MeshFace faces[nFaces];
 [...]
}

template MeshMaterialList {
 <f6f23f42-7686-11cf-8f52-0040333594a3>
 DWORD nMaterials;
 DWORD nFaceIndexes;
 array DWORD faceIndexes[nFaceIndexes];
 [Material <3d82ab4d-62da-11cf-ab39-0020af71e433>]
}

template VertexElement {
 <f752461c-1e23-48f6-b9f8-8350850f336f>
 DWORD Type;
 DWORD Method;
 DWORD Usage;
 DWORD UsageIndex;
}

template DeclData {
 <bf22e553-292c-4781-9fea-62bd554bdd93>
 DWORD nElements;
 array VertexElement Elements[nElements];
 DWORD nDWords;
 array DWORD data[nDWords];
}

template XSkinMeshHeader {
 <3cf169ce-ff7c-44ab-93c0-f78f62d172e2>
 WORD nMaxSkinWeightsPerVertex;
 WORD nMaxSkinWeightsPerFace;
 WORD nBones;
}

template SkinWeights {
 <6f0d123b-bad2-4167-a0d0-80224f25fabb>
 STRING transformNodeName;
 DWORD nWeights;
 array DWORD vertexIndices[nWeights];
 array FLOAT weights[nWeights];
 Matrix4x4 matrixOffset;
}

template AnimTicksPerSecond {
 <9e415a43-7ba6-4a73-8743-b73d47e88476>
 DWORD AnimTicksPerSecond;
}

template Animation {
 <3d82ab4f-62da-11cf-ab39-0020af71e433>
 [...]
}

template AnimationSet {
 <3d82ab50-62da-11cf-ab39-0020af71e433>
 [Animation <3d82ab4f-62da-11cf-ab39-0020af71e433>]
}

template FloatKeys {
 <10dd46a9-775b-11cf-8f52-0040333594a3>
 DWORD nValues;
 array FLOAT values[nValues];
}

template TimedFloatKeys {
 <f406b180-7b3b-11cf-8f52-0040333594a3>
 DWORD time;
 FloatKeys tfkeys;
}

template AnimationKey {
 <10dd46a8-775b-11cf-8f52-0040333594a3>
 DWORD keyType;
 DWORD nKeys;
 array TimedFloatKeys keys[nKeys];
}


Material _02_-_Default {
 1.000000;1.000000;1.000000;1.000000;;
 9.999999;
 0.000000;0.000000;0.000000;;
 0.000000;0.000000;0.000000;;

 TextureFilename {
  "MaleBody_noTrans.png";
 }
}

Frame Dummy01 {
 

 FrameTransformMatrix {
  1.000000,0.000000,0.000000,0.000000,0.000000,-0.000000,-1.000000,0.000000,0.000000,1.000000,-0.000000,0.000000,0.000000,0.000000,0.000000,1.000000;;
 }

 Frame Bip01 {
  

  FrameTransformMatrix {
   0.205792,0.978469,-0.015746,0.000000,0.033641,0.009008,0.999393,0.000000,0.978017,-0.206197,-0.031063,0.000000,-0.000526,-0.000691,0.508118,1.000000;;
  }

  Frame Bip01_Pelvis {
   

   FrameTransformMatrix {
    -0.000000,1.000000,-0.000001,0.000000,0.087154,0.000001,0.996195,0.000000,0.996195,0.000000,-0.087154,0.000000,0.000000,0.000000,0.000000,1.000000;;
   }

   Frame Bip01_Spine {
    

    FrameTransformMatrix {
     0.995542,-0.008287,-0.093950,0.000000,0.008184,0.999965,-0.001479,0.000000,0.093959,0.000704,0.995576,0.000000,0.051625,0.000000,-0.000084,1.000000;;
    }

    Frame Bip01_Spine1 {
     

     FrameTransformMatrix {
      0.999876,-0.004967,0.014942,0.000000,0.002951,0.991236,0.132071,0.000000,-0.015467,-0.132011,0.991128,0.000000,0.106481,0.000011,-0.000084,1.000000;;
     }

     Frame Bip01_Neck {
      

      FrameTransformMatrix {
       0.903366,0.000001,0.428870,0.000000,-0.000001,1.000000,-0.000000,0.000000,-0.428870,-0.000000,0.903366,0.000000,0.130516,0.000000,0.004628,1.000000;;
      }

      Frame Bip01_Head {
       

       FrameTransformMatrix {
        0.670948,-0.107407,-0.733684,0.000000,0.195716,0.980017,0.035512,0.000000,0.715209,-0.167420,0.678562,0.000000,0.033674,-0.000000,0.000000,1.000000;;
       }

       Frame Bip01_HeadNub {
        

        FrameTransformMatrix {
         1.000000,0.000000,-0.000000,0.000000,0.000000,1.000000,0.000000,0.000000,0.000000,0.000000,1.000000,0.000000,0.169824,0.000000,0.000000,1.000000;;
        }
       }
      }

      Frame Bip01_L_Clavicle {
       

       FrameTransformMatrix {
        0.282137,0.949939,-0.134222,0.000000,0.857818,-0.312437,-0.408083,0.000000,-0.429589,-0.000002,-0.903024,0.000000,-0.023698,0.015715,0.006128,1.000000;;
       }

       Frame Bip01_L_UpperArm {
        

        FrameTransformMatrix {
         0.712307,0.488472,-0.503999,0.000000,0.465440,0.208733,0.860114,0.000000,0.525342,-0.847246,-0.078672,0.000000,0.087086,0.000000,0.000000,1.000000;;
        }

        Frame Bip01_L_Forearm {
         

         FrameTransformMatrix {
          0.826354,0.000000,-0.563151,0.000000,0.000000,1.000000,0.000000,0.000000,0.563151,0.000000,0.826355,0.000000,0.137062,0.000000,-0.000000,1.000000;;
         }

         Frame Bip01_L_Hand {
          

          FrameTransformMatrix {
           0.959714,0.280466,0.016988,0.000000,0.112123,-0.437702,0.892102,0.000000,0.257640,-0.854258,-0.451515,0.000000,0.137062,0.000000,-0.000000,1.000000;;
          }

          Frame Bip01_L_Finger0 {
           

           FrameTransformMatrix {
            0.369685,-0.276096,0.887189,0.000000,0.840570,0.506268,-0.192708,0.000000,-0.395949,0.816986,0.419238,0.000000,0.057681,-0.023605,-0.000272,1.000000;;
           }

           Frame Bip01_L_Finger0Nub {
            

            FrameTransformMatrix {
             1.000000,-0.000000,-0.000000,0.000000,0.000000,1.000000,-0.000000,0.000000,0.000000,0.000000,1.000000,0.000000,0.029435,-0.000000,0.000000,1.000000;;
            }
           }
          }

          Frame Bip01_L_Finger1 {
           

           FrameTransformMatrix {
            0.666263,0.016447,0.745536,0.000000,-0.014696,0.999852,-0.008924,0.000000,-0.745572,-0.005010,0.666406,0.000000,0.084102,-0.000000,0.000000,1.000000;;
           }

           Frame Bip01_L_Finger1Nub {
            

            FrameTransformMatrix {
             1.000000,-0.000000,0.000000,0.000000,0.000000,1.000000,-0.000000,0.000000,-0.000000,0.000000,1.000000,0.000000,0.047988,-0.000000,0.000000,1.000000;;
            }
           }
          }
         }
        }
       }
      }

      Frame Bip01_R_Clavicle {
       

       FrameTransformMatrix {
        0.263013,-0.931006,-0.253085,0.000000,-0.865493,-0.343593,0.364508,0.000000,-0.426318,0.123173,-0.896148,0.000000,-0.023698,-0.015714,0.006128,1.000000;;
       }

       Frame Bip01_R_UpperArm {
        

        FrameTransformMatrix {
         0.511764,-0.578569,-0.635102,0.000000,-0.620118,0.262868,-0.739158,0.000000,0.594602,0.772113,-0.224255,0.000000,0.087086,0.000000,-0.000000,1.000000;;
        }

        Frame Bip01_R_Forearm {
         

         FrameTransformMatrix {
          0.810397,-0.000000,-0.585881,0.000000,0.000000,1.000000,0.000000,0.000000,0.585881,-0.000000,0.810397,0.000000,0.137062,0.000000,0.000000,1.000000;;
         }

         Frame Bip01_R_Hand {
          

          FrameTransformMatrix {
           0.841647,-0.515347,-0.161395,0.000000,-0.323149,-0.241165,-0.915103,0.000000,0.432673,0.822348,-0.369510,0.000000,0.137062,0.000000,0.000000,1.000000;;
          }

          Frame Bip01_R_Finger0 {
           

           FrameTransformMatrix {
            0.294757,0.444446,0.845923,0.000000,-0.881910,0.467358,0.061748,0.000000,-0.367905,-0.764229,0.529718,0.000000,0.057681,0.023605,-0.000272,1.000000;;
           }

           Frame Bip01_R_Finger0Nub {
            

            FrameTransformMatrix {
             -1.000000,-0.000000,0.000000,0.000000,-0.000000,1.000000,0.000000,0.000000,0.000000,0.000000,-1.000000,0.000000,0.029435,0.000000,0.000000,1.000000;;
            }
           }
          }

          Frame Bip01_R_Finger1 {
           

           FrameTransformMatrix {
            0.838152,0.000434,0.545436,0.000000,-0.000000,1.000000,-0.000796,0.000000,-0.545436,0.000667,0.838152,0.000000,0.084102,-0.000000,-0.000000,1.000000;;
           }

           Frame Bip01_R_Finger1Nub {
            

            FrameTransformMatrix {
             -1.000000,0.000000,0.000000,0.000000,0.000000,1.000000,-0.000000,0.000000,0.000000,-0.000000,-1.000000,0.000000,0.047988,0.000000,0.000000,1.000000;;
            }
           }
          }
         }
        }
       }
      }
     }

     Frame Bip01_BackPack {
      

      FrameTransformMatrix {
       0.190104,-0.000002,-0.981764,0.000000,0.000003,1.000000,-0.000002,0.000000,0.981764,-0.000002,0.190104,0.000000,0.063697,-0.000000,-0.088856,1.000000;;
      }

      Frame Bip01_BackPackNub {
       

       FrameTransformMatrix {
        0.000796,0.000003,1.000000,0.000000,0.000000,-1.000000,0.000003,0.000000,1.000000,-0.000000,-0.000796,0.000000,0.053240,0.000000,-0.000000,1.000000;;
       }
      }
     }
    }

    Frame Bip01_L_Thigh {
     

     FrameTransformMatrix {
      -0.990494,0.099831,-0.094639,0.000000,-0.096443,-0.994545,-0.039726,0.000000,-0.098089,-0.030221,0.994719,0.000000,-0.051861,0.054801,-0.004728,1.000000;;
     }

     Frame Bip01_L_Calf {
      

      FrameTransformMatrix {
       0.955331,0.000000,-0.295540,0.000000,-0.000000,1.000000,0.000000,0.000000,0.295540,0.000000,0.955330,0.000000,0.237500,0.000000,-0.000000,1.000000;;
      }

      Frame Bip01_L_Foot {
       

       FrameTransformMatrix {
        0.950977,0.081646,0.298290,0.000000,-0.204216,0.890113,0.407425,0.000000,-0.232247,-0.448368,0.863150,0.000000,0.206841,0.000000,0.000000,1.000000;;
       }

       Frame Bip01_L_Toe0 {
        

        FrameTransformMatrix {
         -0.000002,-0.000000,1.000000,0.000000,0.000000,1.000000,0.000000,0.000000,-1.000000,0.000000,-0.000002,0.000000,0.065373,0.000000,0.066450,1.000000;;
        }

        Frame Bip01_L_Toe0Nub {
         

         FrameTransformMatrix {
          -1.000000,-0.000000,-0.000000,0.000000,-0.000000,1.000000,0.000000,0.000000,-0.000000,0.000000,-1.000000,0.000000,0.006735,0.000000,-0.000000,1.000000;;
         }
        }
       }
      }
     }
    }

    Frame Bip01_R_Thigh {
     

     FrameTransformMatrix {
      -0.997166,-0.021390,-0.072133,0.000000,0.021286,-0.999771,0.002204,0.000000,-0.072163,0.000662,0.997393,0.000000,-0.050945,-0.055646,-0.004806,1.000000;;
     }

     Frame Bip01_R_Calf {
      

      FrameTransformMatrix {
       0.975166,0.000000,-0.221478,0.000000,-0.000000,1.000000,-0.000000,0.000000,0.221478,0.000000,0.975165,0.000000,0.237500,-0.000000,-0.000000,1.000000;;
      }

      Frame Bip01_R_Foot {
       

       FrameTransformMatrix {
        0.977793,0.036109,0.206441,0.000000,-0.043491,0.998563,0.031329,0.000000,-0.205013,-0.039611,0.977957,0.000000,0.206841,-0.000000,-0.000000,1.000000;;
       }

       Frame Bip01_R_Toe0 {
        

        FrameTransformMatrix {
         -0.113653,-0.833302,0.541008,0.000000,0.085447,0.534321,0.840952,0.000000,-0.989839,0.141804,0.010476,0.000000,0.065373,0.000000,0.066450,1.000000;;
        }

        Frame Bip01_R_Toe0Nub {
         

         FrameTransformMatrix {
          1.000000,-0.000000,-0.000000,0.000000,-0.000000,1.000000,0.000000,0.000000,0.000000,-0.000000,1.000000,0.000000,0.006735,0.000000,0.000000,1.000000;;
         }
        }
       }
      }
     }
    }
   }

   Frame Bip01_DressFront {
    

    FrameTransformMatrix {
     -0.996021,-0.085273,0.025894,0.000000,-0.085242,0.996358,0.002283,0.000000,-0.025995,0.000066,-0.999662,0.000000,-0.043998,0.001399,0.061087,1.000000;;
    }

    Frame Bip01_DressFront02 {
     

     FrameTransformMatrix {
      0.987807,0.000000,0.155685,0.000000,-0.000000,1.000000,-0.000000,0.000000,-0.155685,-0.000000,0.987807,0.000000,0.183345,-0.000000,-0.000130,1.000000;;
     }

     Frame Bip01_DressFrontNub {
      

      FrameTransformMatrix {
       0.000796,0.000003,1.000000,0.000000,0.000000,-1.000000,0.000003,0.000000,1.000000,-0.000000,-0.000796,0.000000,0.165302,-0.000000,0.000000,1.000000;;
      }
     }
    }
   }

   Frame Bip01_DressBack {
    

    FrameTransformMatrix {
     -0.985569,-0.114744,-0.124453,0.000000,-0.093890,0.982293,-0.162126,0.000000,0.140853,-0.148102,-0.978891,0.000000,-0.047752,0.000021,-0.078282,1.000000;;
    }

    Frame Bip01_DressBack02 {
     

     FrameTransformMatrix {
      0.999867,-0.000000,-0.016282,0.000000,0.000000,1.000000,0.000000,0.000000,0.016282,0.000000,0.999867,0.000000,0.176157,-0.000000,-0.000109,1.000000;;
     }

     Frame Bip01_DressBackNub {
      

      FrameTransformMatrix {
       0.000796,0.000003,1.000000,0.000000,0.000000,-1.000000,0.000003,0.000000,1.000000,-0.000000,-0.000796,0.000000,0.136508,-0.000000,-0.000000,1.000000;;
      }
     }
    }
   }
  }

  Frame Bip01_Prop1 {
   

   FrameTransformMatrix {
    0.422404,-0.045727,-0.905254,0.000000,0.725946,-0.580963,0.368083,0.000000,-0.542750,-0.812645,-0.212206,0.000000,0.060446,0.520549,-0.144294,1.000000;;
   }
  }

  Frame Bip01_Prop2 {
   

   FrameTransformMatrix {
    -0.008987,-0.999960,-0.000000,0.000000,0.999960,-0.008987,0.000000,0.000000,-0.000000,-0.000000,1.000000,0.000000,0.114897,0.524776,0.138388,1.000000;;
   }
  }
 }
}

Frame Translation_Data {
 

 FrameTransformMatrix {
  1.000000,0.000000,0.000000,0.000000,0.000000,-0.000000,-1.000000,0.000000,0.000000,1.000000,-0.000000,0.000000,0.000000,-0.000000,0.000000,1.000000;;
 }
}

Frame Body {
 

 FrameTransformMatrix {
  1.000000,0.000000,0.000000,0.000000,0.000000,1.000000,0.000000,0.000000,0.000000,0.000000,1.000000,0.000000,0.000000,0.000000,0.000000,1.000000;;
 }

 Mesh Body {
  617;
  0.069098;0.791175;-0.010537;,
  0.036793;0.768702;-0.014772;,
  0.032057;0.796012;0.004736;,
  0.083701;0.771348;-0.016538;,
  0.087213;0.743319;-0.019185;,
  0.058053;0.706967;-0.043356;,
  0.043934;0.739717;-0.035450;,
  0.094018;0.705367;-0.011519;,
  0.033582;0.812312;0.044062;,
  0.082200;0.786527;0.063862;,
  0.066143;0.802298;0.038161;,
  0.051444;0.788660;0.072004;,
  0.079199;0.555264;0.048700;,
  0.037056;0.563538;0.062232;,
  0.035123;0.552211;0.067946;,
  0.073193;0.565291;0.044378;,
  0.074720;0.566966;-0.011777;,
  0.084390;0.539399;0.008814;,
  0.050680;0.563676;-0.045682;,
  0.072559;0.516036;-0.022241;,
  0.045101;0.507549;-0.034837;,
  0.004287;0.707451;-0.051999;,
  0.003014;0.742266;-0.037567;,
  -0.005576;0.562733;0.056939;,
  -0.006693;0.549299;0.062707;,
  0.050744;0.653922;0.076947;,
  0.001437;0.692668;0.088430;,
  -0.001336;0.655367;0.078149;,
  0.058429;0.694326;0.085365;,
  0.060862;0.464742;-0.033723;,
  0.106601;0.366516;0.001278;,
  0.071331;0.366006;-0.030521;,
  0.091838;0.465443;0.006465;,
  0.075730;0.269606;-0.029494;,
  0.100361;0.274111;0.017040;,
  0.010760;0.463333;-0.015958;,
  0.021271;0.366205;0.066483;,
  0.001419;0.446711;0.068870;,
  0.021635;0.364044;-0.009455;,
  0.043264;0.277519;0.050322;,
  0.044319;0.270154;0.008774;,
  0.101157;0.369301;0.065760;,
  0.081086;0.448341;0.064870;,
  0.083712;0.281895;0.053361;,
  0.090152;0.006966;0.097826;,
  0.032526;0.007521;0.115462;,
  0.053680;0.006946;0.071468;,
  0.062244;0.007494;0.133680;,
  0.076235;0.216972;0.008441;,
  0.102936;0.153107;0.060889;,
  0.076623;0.146149;0.030232;,
  0.104709;0.224582;0.039204;,
  0.094495;0.076954;0.087273;,
  0.082655;0.072108;0.055764;,
  0.033166;0.203606;0.032334;,
  0.037852;0.167704;0.090174;,
  0.028981;0.232177;0.080009;,
  0.044815;0.148847;0.052358;,
  0.057768;0.090237;0.099084;,
  0.061988;0.068215;0.069662;,
  0.099676;0.169084;0.095815;,
  0.100334;0.242830;0.084945;,
  0.080639;0.095809;0.103860;,
  0.088855;0.510427;0.014937;,
  0.005562;0.501039;-0.051496;,
  0.010760;0.463333;-0.015958;,
  0.002724;0.466743;-0.037284;,
  0.083890;0.505819;0.069138;,
  0.031326;0.506433;0.086988;,
  0.079067;0.459508;0.067658;,
  0.031022;0.463068;0.083916;,
  0.044559;0.608127;0.064494;,
  0.083308;0.653967;0.060897;,
  0.095758;0.660863;0.045266;,
  0.075523;0.619550;-0.008395;,
  0.092413;0.671168;-0.007774;,
  0.078624;0.610937;0.042030;,
  0.060253;0.674251;-0.045375;,
  0.055267;0.619591;-0.039865;,
  0.008170;0.677048;-0.054580;,
  0.007009;0.616511;-0.049330;,
  0.101487;0.843298;0.028352;,
  0.132641;0.879218;0.010912;,
  0.075148;0.820656;-0.012749;,
  0.138515;0.901397;-0.059809;,
  0.105225;0.866335;-0.040783;,
  0.160953;0.912221;-0.018096;,
  0.123805;0.789527;-0.032121;,
  0.105225;0.866335;-0.040783;,
  0.153418;0.823727;-0.055862;,
  0.179704;0.870231;-0.074764;,
  0.138515;0.901397;-0.059809;,
  0.132781;0.785850;-0.026261;,
  0.180797;0.836363;-0.003953;,
  0.149665;0.801195;0.012389;,
  0.202155;0.881072;-0.033242;,
  0.125695;0.825688;0.028527;,
  0.159554;0.933332;-0.018453;,
  0.145592;0.981315;-0.080230;,
  0.133842;0.922900;-0.068756;,
  0.161404;0.985574;-0.047378;,
  0.154418;1.020869;-0.089882;,
  0.167448;1.028812;-0.071620;,
  0.133842;0.922900;-0.068756;,
  0.198495;0.965227;-0.094939;,
  0.188333;0.902428;-0.093091;,
  0.145592;0.981315;-0.080230;,
  0.188744;1.012532;-0.104992;,
  0.154418;1.020869;-0.089882;,
  0.210268;0.968310;-0.069524;,
  0.213983;0.912707;-0.043068;,
  0.199870;1.019046;-0.087705;,
  0.157356;1.146302;-0.099653;,
  0.178443;1.102039;-0.128856;,
  0.149127;1.125911;-0.099034;,
  0.186237;1.122296;-0.129057;,
  0.138898;1.092762;-0.085331;,
  0.146893;1.106694;-0.080598;,
  0.143718;1.101790;-0.089922;,
  0.137054;1.097221;-0.074710;,
  0.174477;1.049873;-0.122873;,
  0.165232;1.085063;-0.074692;,
  0.189825;1.083902;-0.121372;,
  0.145316;1.057930;-0.083415;,
  0.205844;1.090407;-0.111413;,
  0.205387;1.046022;-0.101399;,
  0.175565;1.053477;-0.059481;,
  0.182372;1.090763;-0.066313;,
  0.087844;0.824241;0.039974;,
  0.090746;0.830643;0.011137;,
  0.066143;0.802298;0.038161;,
  0.061781;0.809374;0.013013;,
  0.095552;0.699426;0.069284;,
  0.042959;0.807991;0.017321;,
  0.091419;0.814442;-0.008116;,
  0.083701;0.771348;-0.016538;,
  0.069098;0.791175;-0.010537;,
  0.095470;0.799993;-0.000919;,
  0.104494;0.746164;0.057475;,
  0.061912;0.733905;0.083358;,
  0.107225;0.751417;0.053642;,
  0.004112;0.728894;0.086866;,
  0.004490;0.785387;0.066488;,
  0.082200;0.786527;0.063862;,
  0.107225;0.751417;0.053642;,
  0.091530;0.738765;0.007331;,
  0.107535;0.748792;0.044934;,
  0.075148;0.820656;-0.012749;,
  0.098311;0.699820;0.037126;,
  0.092070;0.700516;0.002386;,
  0.087213;0.743319;-0.019185;,
  0.103353;0.700800;0.053309;,
  0.145316;1.057930;-0.083415;,
  0.039967;0.835013;0.012023;,
  0.032553;0.834519;0.032988;,
  0.004513;0.814238;0.048984;,
  0.007340;0.834154;0.042669;,
  0.182372;1.090763;-0.066313;,
  0.157356;1.146302;-0.099653;,
  0.186237;1.122296;-0.129057;,
  0.145742;1.074103;-0.083538;,
  0.148395;1.087508;-0.061532;,
  0.145742;1.074103;-0.083538;,
  0.156183;1.087993;-0.087392;,
  0.167966;1.096330;-0.067457;,
  0.167966;1.096330;-0.067457;,
  0.138898;1.092762;-0.085331;,
  0.137054;1.097221;-0.074710;,
  0.146893;1.106694;-0.080598;,
  0.136261;0.027548;0.035680;,
  0.134103;0.005308;-0.018036;,
  0.129291;0.023987;-0.012817;,
  0.144646;0.005824;0.032740;,
  0.035220;0.040778;0.104061;,
  0.053680;0.006946;0.071468;,
  0.032526;0.007521;0.115462;,
  0.054042;0.031864;0.068295;,
  0.057768;0.090237;0.099084;,
  0.070772;0.043793;0.125555;,
  0.080639;0.095809;0.103860;,
  0.090152;0.006966;0.097826;,
  0.062244;0.007494;0.133680;,
  0.092695;0.041873;0.095921;,
  0.082655;0.072108;0.055764;,
  0.094495;0.076954;0.087273;,
  0.100410;0.021101;-0.018458;,
  0.098924;0.005466;-0.027655;,
  0.144646;0.005824;0.032740;,
  0.098924;0.005466;-0.027655;,
  0.021635;0.364044;-0.009455;,
  0.044319;0.270154;0.008774;,
  0.033166;0.203606;0.032334;,
  0.044815;0.148847;0.052358;,
  0.061988;0.068215;0.069662;,
  0.061988;0.068215;0.069662;,
  -0.003742;0.454896;0.012932;,
  0.047319;0.848253;-0.004302;,
  0.027757;0.845541;-0.022581;,
  0.035703;0.853411;-0.021594;,
  0.030810;0.832676;-0.004468;,
  0.042513;0.851594;0.026419;,
  0.037677;0.848518;0.049864;,
  0.008534;0.967673;0.060199;,
  -0.015026;0.971355;0.035420;,
  -0.011113;0.968431;0.064870;,
  0.019273;0.936361;-0.015647;,
  0.001537;0.936031;-0.019896;,
  0.014923;0.955921;0.006290;,
  0.039273;0.873322;-0.014717;,
  0.051046;0.870859;0.012493;,
  0.046487;0.853267;0.009227;,
  0.052502;0.892376;0.045030;,
  0.048162;0.912067;0.031048;,
  0.030457;0.955887;0.022214;,
  0.043510;0.946267;0.044956;,
  0.039595;0.920728;0.006675;,
  0.052543;0.887250;0.061033;,
  0.044916;0.882515;0.083784;,
  0.008486;0.871603;0.098259;,
  0.032928;0.927309;0.097998;,
  0.002391;0.918701;0.111463;,
  0.042038;0.900889;-0.004093;,
  0.028378;0.870410;-0.030346;,
  0.024110;0.905692;-0.024897;,
  0.013963;0.852836;-0.051233;,
  -0.002635;0.839280;-0.041887;,
  -0.006569;0.851380;-0.058772;,
  0.010566;0.967441;0.024196;,
  0.028718;0.961801;0.053024;,
  0.044606;0.936728;0.078817;,
  0.028386;0.953760;0.081760;,
  0.012195;0.952595;0.091981;,
  -0.004465;0.950626;0.097082;,
  0.009429;0.844466;0.068646;,
  0.044606;0.936728;0.078817;,
  0.028386;0.953760;0.081760;,
  0.056855;0.874475;0.012619;,
  0.060384;0.910068;0.044019;,
  0.068314;0.890586;0.040690;,
  0.053968;0.895513;0.030984;,
  0.068314;0.890586;0.040690;,
  0.056855;0.874475;0.012619;,
  0.060384;0.910068;0.044019;,
  0.048162;0.912067;0.031048;,
  0.049368;0.894717;0.012857;,
  0.051046;0.870859;0.012493;,
  0.022069;0.924688;-0.013478;,
  0.049368;0.894717;0.012857;,
  0.042959;0.807991;0.017321;,
  0.039967;0.835013;0.012023;,
  0.061781;0.809374;0.013013;,
  0.042513;0.851594;0.026419;,
  0.003705;0.787696;-0.014976;,
  0.003391;0.765577;-0.023729;,
  0.007955;0.562834;-0.054577;,
  -0.010435;0.505156;0.081734;,
  -0.011220;0.470970;0.079024;,
  -0.010047;0.450676;0.073490;,
  0.002428;0.820314;-0.025985;,
  -0.003742;0.454896;0.012932;,
  0.012195;0.952595;0.091981;,
  -0.004465;0.950626;0.097082;,
  0.011155;0.882472;-0.039507;,
  0.000746;0.904111;-0.032782;,
  0.001640;0.896040;-0.038006;,
  -0.016494;0.969393;0.020124;,
  -0.017148;0.957313;-0.002260;,
  0.001850;0.923483;-0.016439;,
  -0.002848;0.608287;0.062429;,
  0.061781;0.809374;0.013013;,
  0.134103;0.005308;-0.018036;,
  0.002513;0.877176;-0.048722;,
  0.011125;0.876654;-0.042649;,
  0.002609;0.879434;-0.043153;,
  -0.011711;0.895678;-0.041288;,
  -0.014058;0.907634;-0.044790;,
  0.001191;0.885149;-0.045156;,
  -0.008954;0.878093;-0.042097;,
  -0.009480;0.875261;-0.050540;,
  -0.016199;0.935701;-0.024145;,
  -0.014772;0.925757;-0.025734;,
  0.107535;0.748792;0.044934;,
  -0.010687;0.885274;-0.046967;,
  0.087290;0.737740;0.021842;,
  0.091530;0.738765;0.007331;,
  0.087213;0.743319;-0.019185;,
  0.052543;0.887250;0.061033;,
  0.076235;0.216972;0.008441;,
  0.023315;0.145941;-0.007669;,
  0.017451;0.220901;-0.027898;,
  0.076623;0.146149;0.030232;,
  0.075730;0.269606;-0.029494;,
  0.025376;0.274671;-0.044414;,
  0.071331;0.366006;-0.030521;,
  0.014491;0.368517;-0.044319;,
  0.060862;0.464742;-0.033723;,
  0.013258;0.457290;-0.049266;,
  0.045101;0.507549;-0.034837;,
  0.020450;0.074501;0.005336;,
  0.082655;0.072108;0.055764;,
  0.033135;0.164481;0.119120;,
  -0.054567;0.090422;0.136114;,
  0.036718;0.096696;0.137059;,
  -0.046124;0.162170;0.124128;,
  -0.035036;0.226573;0.104098;,
  0.031956;0.234248;0.094189;,
  -0.032358;0.286345;0.099208;,
  0.033159;0.280044;0.079598;,
  0.018753;0.367145;0.081201;,
  -0.019975;0.374078;0.088705;,
  -0.015010;0.443979;0.083129;,
  0.087290;0.737740;0.021842;,
  -0.062901;0.793381;-0.005174;,
  -0.029755;0.769386;-0.014111;,
  -0.078233;0.773932;-0.010541;,
  -0.024073;0.796588;0.005293;,
  -0.080646;0.744744;-0.016843;,
  -0.049767;0.708405;-0.045408;,
  -0.086952;0.707781;-0.014962;,
  -0.037899;0.740558;-0.034638;,
  -0.024482;0.812909;0.044638;,
  -0.072681;0.788575;0.066394;,
  -0.042268;0.789623;0.072934;,
  -0.055521;0.804653;0.042846;,
  -0.086205;0.560651;0.028675;,
  -0.048107;0.566171;0.051897;,
  -0.078757;0.569989;0.025939;,
  -0.048277;0.554928;0.057849;,
  -0.066721;0.571339;-0.028941;,
  -0.082744;0.544843;-0.011421;,
  -0.035525;0.566341;-0.056143;,
  -0.065573;0.520476;-0.038897;,
  -0.036308;0.510200;-0.044694;,
  -0.005576;0.562733;0.056939;,
  -0.006693;0.549299;0.062707;,
  -0.052965;0.655712;0.071137;,
  0.001437;0.692668;0.088430;,
  -0.055347;0.695844;0.083199;,
  -0.001336;0.655367;0.078149;,
  -0.052321;0.469182;-0.048214;,
  -0.100577;0.368925;-0.025971;,
  -0.091237;0.468749;-0.015730;,
  -0.059376;0.370271;-0.049552;,
  -0.060657;0.275234;-0.051622;,
  -0.094805;0.276272;-0.011146;,
  -0.006484;0.468780;-0.020366;,
  -0.031027;0.369137;0.055857;,
  -0.015230;0.369087;-0.018453;,
  -0.022603;0.447493;0.065962;,
  -0.046291;0.279035;0.033892;,
  -0.038180;0.274196;-0.007391;,
  -0.109005;0.370057;0.038240;,
  -0.093849;0.450982;0.043255;,
  -0.086591;0.282235;0.028402;,
  -0.105508;0.005858;0.040525;,
  -0.073911;0.002999;0.091764;,
  -0.108155;0.005805;0.085885;,
  -0.060855;0.002205;0.044730;,
  -0.067016;0.220752;-0.019706;,
  -0.101623;0.151252;0.019212;,
  -0.101723;0.224544;0.004710;,
  -0.069075;0.148054;-0.005508;,
  -0.096872;0.073930;0.036616;,
  -0.073347;0.070876;0.011047;,
  -0.029551;0.205847;0.011577;,
  -0.045015;0.164037;0.063242;,
  -0.042899;0.149078;0.023168;,
  -0.036904;0.229384;0.061565;,
  -0.067077;0.085488;0.063025;,
  -0.061022;0.063793;0.038969;,
  -0.106611;0.163572;0.055393;,
  -0.108040;0.238020;0.051857;,
  -0.090630;0.091301;0.059073;,
  -0.090389;0.516265;-0.006764;,
  -0.006484;0.468780;-0.020366;,
  -0.098794;0.511770;0.047020;,
  -0.052074;0.509150;0.076891;,
  -0.094191;0.463336;0.046517;,
  -0.051712;0.465583;0.073404;,
  -0.049876;0.610140;0.056337;,
  -0.083500;0.656847;0.051552;,
  -0.093934;0.664137;0.034639;,
  -0.067386;0.622597;-0.020740;,
  -0.079436;0.614306;0.028376;,
  -0.084380;0.674220;-0.017678;,
  -0.048123;0.676122;-0.051447;,
  -0.042019;0.621665;-0.048269;,
  -0.083650;0.847264;0.037845;,
  -0.059494;0.817240;0.000285;,
  -0.106352;0.886903;0.015976;,
  -0.103548;0.904189;-0.056037;,
  -0.126141;0.922010;-0.016890;,
  -0.078644;0.865476;-0.032636;,
  -0.111811;0.794206;-0.020791;,
  -0.132929;0.831416;-0.048713;,
  -0.078644;0.865476;-0.032636;,
  -0.148871;0.880714;-0.072487;,
  -0.103548;0.904189;-0.056037;,
  -0.121668;0.792671;-0.015414;,
  -0.160661;0.852611;0.000130;,
  -0.137770;0.813632;0.020859;,
  -0.171461;0.898544;-0.033534;,
  -0.110694;0.834440;0.037255;,
  -0.120222;0.941980;-0.017928;,
  -0.092012;0.981990;-0.080516;,
  -0.108915;0.991517;-0.049356;,
  -0.093700;0.923266;-0.065328;,
  -0.091609;1.021224;-0.093977;,
  -0.103878;1.033089;-0.076187;,
  -0.093700;0.923266;-0.065328;,
  -0.145906;0.976252;-0.098858;,
  -0.092012;0.981990;-0.080516;,
  -0.149382;0.912922;-0.093167;,
  -0.126360;1.022514;-0.110654;,
  -0.091609;1.021224;-0.093977;,
  -0.158579;0.983320;-0.074703;,
  -0.175849;0.931455;-0.046030;,
  -0.136501;1.029872;-0.094310;,
  -0.068364;1.147504;-0.067350;,
  -0.092360;1.121739;-0.112262;,
  -0.098663;1.140586;-0.103532;,
  -0.061640;1.128327;-0.075771;,
  -0.057260;1.079902;-0.071672;,
  -0.060891;1.094239;-0.063816;,
  -0.055938;1.080712;-0.060109;,
  -0.057935;1.090880;-0.073868;,
  -0.103887;1.062260;-0.120969;,
  -0.086084;1.080455;-0.066222;,
  -0.073826;1.052355;-0.082623;,
  -0.109915;1.097499;-0.110118;,
  -0.123753;1.105048;-0.097886;,
  -0.134845;1.060939;-0.099259;,
  -0.104312;1.049676;-0.058725;,
  -0.101206;1.087939;-0.055648;,
  -0.073446;0.827749;0.049613;,
  -0.080204;0.834320;0.021468;,
  -0.055521;0.804653;0.042846;,
  -0.052465;0.811356;0.017810;,
  -0.091712;0.701925;0.065721;,
  -0.034474;0.808787;0.018089;,
  -0.084664;0.818172;0.002784;,
  -0.078233;0.773932;-0.010541;,
  -0.087353;0.802562;0.012171;,
  -0.062901;0.793381;-0.005174;,
  -0.096506;0.748559;0.060529;,
  -0.099171;0.753982;0.056879;,
  -0.053632;0.735092;0.084505;,
  0.004112;0.728894;0.086866;,
  0.004490;0.785387;0.066488;,
  -0.072681;0.788575;0.066394;,
  -0.099171;0.753982;0.056879;,
  -0.084649;0.740777;0.011500;,
  -0.059494;0.817240;0.000285;,
  -0.098874;0.751400;0.049462;,
  -0.093223;0.702376;0.033481;,
  -0.085639;0.702887;-0.000996;,
  -0.080646;0.744744;-0.016843;,
  -0.098863;0.703498;0.049461;,
  -0.073826;1.052355;-0.082623;,
  -0.029821;0.830373;0.016035;,
  -0.019076;0.831086;0.035956;,
  0.004513;0.814238;0.048984;,
  0.007340;0.834154;0.042669;,
  -0.101206;1.087939;-0.055648;,
  -0.068364;1.147504;-0.067350;,
  -0.098663;1.140586;-0.103532;,
  -0.070099;1.065197;-0.075813;,
  -0.071980;1.072995;-0.051183;,
  -0.070099;1.065197;-0.075813;,
  -0.074503;1.082433;-0.076366;,
  -0.086165;1.089509;-0.055879;,
  -0.086165;1.089509;-0.055879;,
  -0.057260;1.079902;-0.071672;,
  -0.055938;1.080712;-0.060109;,
  -0.060891;1.094239;-0.063816;,
  -0.097518;0.027217;-0.036233;,
  -0.062329;0.002788;-0.075598;,
  -0.103589;0.006047;-0.044349;,
  -0.060675;0.021267;-0.068177;,
  -0.065786;0.035890;0.081996;,
  -0.060855;0.002205;0.044730;,
  -0.057059;0.026943;0.042541;,
  -0.073911;0.002999;0.091764;,
  -0.067077;0.085488;0.063025;,
  -0.106312;0.042271;0.074791;,
  -0.090630;0.091301;0.059073;,
  -0.105508;0.005858;0.040525;,
  -0.103387;0.040756;0.038026;,
  -0.108155;0.005805;0.085885;,
  -0.073347;0.070876;0.011047;,
  -0.096872;0.073930;0.036616;,
  -0.035563;0.016112;-0.053442;,
  -0.029643;0.000062;-0.059652;,
  -0.103589;0.006047;-0.044349;,
  -0.029643;0.000062;-0.059652;,
  -0.015230;0.369087;-0.018453;,
  -0.038180;0.274196;-0.007391;,
  -0.029551;0.205847;0.011577;,
  -0.042899;0.149078;0.023168;,
  -0.061022;0.063793;0.038969;,
  -0.061022;0.063793;0.038969;,
  -0.043113;0.833589;0.006257;,
  -0.028312;0.836449;-0.016035;,
  -0.023250;0.829081;-0.001360;,
  -0.037880;0.841479;-0.013002;,
  -0.032820;0.839379;0.035215;,
  -0.022130;0.838820;0.056847;,
  -0.030064;0.961414;0.064706;,
  -0.011113;0.968431;0.064870;,
  -0.047245;0.925575;-0.007881;,
  -0.044403;0.946301;0.013217;,
  -0.031722;0.930638;-0.016013;,
  -0.045841;0.859520;-0.004779;,
  -0.049832;0.854501;0.024271;,
  -0.040870;0.839102;0.019427;,
  -0.050580;0.875661;0.057066;,
  -0.055854;0.895200;0.043193;,
  -0.055158;0.942004;0.032210;,
  -0.056119;0.905207;0.017850;,
  -0.059101;0.929628;0.056936;,
  -0.045426;0.871364;0.072472;,
  -0.031799;0.870075;0.092741;,
  0.008486;0.871603;0.098259;,
  -0.031510;0.916860;0.105522;,
  0.002391;0.918701;0.111463;,
  -0.054605;0.885217;0.007191;,
  -0.044223;0.894612;-0.016919;,
  -0.038385;0.859584;-0.022551;,
  -0.024285;0.846633;-0.046768;,
  -0.039952;0.959250;0.030094;,
  -0.048478;0.949283;0.062038;,
  -0.049535;0.921462;0.089808;,
  -0.039212;0.942799;0.089653;,
  -0.004465;0.950626;0.097082;,
  -0.021604;0.947114;0.095928;,
  0.009429;0.844466;0.068646;,
  -0.049535;0.921462;0.089808;,
  -0.039212;0.942799;0.089653;,
  -0.056294;0.856127;0.025830;,
  -0.063601;0.889963;0.058495;,
  -0.056065;0.877671;0.043832;,
  -0.065594;0.868872;0.056325;,
  -0.065594;0.868872;0.056325;,
  -0.056294;0.856127;0.025830;,
  -0.063601;0.889963;0.058495;,
  -0.055854;0.895200;0.043193;,
  -0.055641;0.877689;0.025118;,
  -0.049832;0.854501;0.024271;,
  -0.045699;0.913699;-0.005565;,
  -0.055641;0.877689;0.025118;,
  -0.034474;0.808787;0.018089;,
  -0.029821;0.830373;0.016035;,
  -0.052465;0.811356;0.017810;,
  -0.032820;0.839379;0.035215;,
  -0.010435;0.505156;0.081734;,
  -0.011220;0.470970;0.079024;,
  -0.010047;0.450676;0.073490;,
  -0.003742;0.454896;0.012932;,
  -0.021604;0.947114;0.095928;,
  -0.004465;0.950626;0.097082;,
  -0.028302;0.876074;-0.034900;,
  -0.023931;0.900109;-0.029901;,
  -0.023412;0.891978;-0.035080;,
  -0.027322;0.918753;-0.013033;,
  -0.002848;0.608287;0.062429;,
  -0.052465;0.811356;0.017810;,
  -0.062329;0.002788;-0.075598;,
  -0.027166;0.870445;-0.038179;,
  -0.020741;0.873405;-0.046007;,
  -0.020284;0.875722;-0.040480;,
  -0.021206;0.881517;-0.042541;,
  -0.098874;0.751400;0.049462;,
  -0.079946;0.739436;0.025766;,
  -0.084649;0.740777;0.011500;,
  -0.080646;0.744744;-0.016843;,
  -0.045426;0.871364;0.072472;,
  -0.035091;0.229072;-0.040209;,
  -0.020827;0.151836;-0.024902;,
  -0.049938;0.154525;-0.026933;,
  -0.013926;0.228325;-0.036471;,
  -0.031938;0.281927;-0.054909;,
  -0.008388;0.281940;-0.052411;,
  -0.015188;0.373868;-0.050266;,
  -0.002173;0.371130;-0.050286;,
  -0.004668;0.462183;-0.052649;,
  0.004414;0.456683;-0.053182;,
  0.005562;0.501039;-0.051496;,
  -0.036308;0.510200;-0.044694;,
  -0.026304;0.086040;-0.018871;,
  -0.057576;0.083194;-0.018166;,
  -0.053872;0.087300;0.102779;,
  -0.106611;0.163572;0.055393;,
  -0.090617;0.091301;0.059076;,
  -0.052233;0.161320;0.089621;,
  -0.108040;0.238020;0.051857;,
  -0.046810;0.227656;0.075691;,
  -0.043303;0.281377;0.068583;,
  -0.086591;0.282235;0.028402;,
  -0.109005;0.370057;0.038240;,
  -0.031880;0.368924;0.073337;,
  -0.011220;0.470970;0.079024;,
  -0.051712;0.465583;0.073404;,
  -0.079946;0.739436;0.025766;,
  -0.052321;0.469182;-0.048214;,
  -0.059376;0.370271;-0.049552;,
  -0.060657;0.275234;-0.051622;,
  -0.067016;0.220752;-0.019706;,
  -0.069075;0.148054;-0.005508;,
  -0.073347;0.070876;0.011047;,
  0.101157;0.369301;0.065760;,
  0.031022;0.463068;0.083916;,
  0.081086;0.448341;0.064870;,
  0.083712;0.281895;0.053361;,
  0.100334;0.242830;0.084945;,
  0.099676;0.169084;0.095815;,
  0.080639;0.095809;0.103860;,
  -0.093849;0.450982;0.043255;;
  916;
  3;0,1,2;,
  3;1,0,3;,
  3;4,5,6;,
  3;5,4,7;,
  3;8,9,10;,
  3;9,8,11;,
  3;12,13,14;,
  3;13,12,15;,
  3;16,12,17;,
  3;12,16,15;,
  3;18,19,20;,
  3;19,18,16;,
  3;6,21,22;,
  3;21,6,5;,
  3;14,23,24;,
  3;23,14,13;,
  3;25,26,27;,
  3;26,25,28;,
  3;29,30,31;,
  3;30,29,32;,
  3;30,33,31;,
  3;33,30,34;,
  3;35,36,37;,
  3;36,35,38;,
  3;38,39,36;,
  3;39,38,40;,
  3;37,41,42;,
  3;41,37,36;,
  3;36,43,41;,
  3;43,36,39;,
  3;42,30,32;,
  3;30,42,41;,
  3;41,34,30;,
  3;34,41,43;,
  3;44,45,46;,
  3;45,44,47;,
  3;48,49,50;,
  3;49,48,51;,
  3;50,52,53;,
  3;52,50,49;,
  3;54,55,56;,
  3;55,54,57;,
  3;57,58,55;,
  3;58,57,59;,
  3;56,60,61;,
  3;60,56,55;,
  3;55,62,60;,
  3;62,55,58;,
  3;61,49,51;,
  3;49,61,60;,
  3;60,52,49;,
  3;52,60,62;,
  3;32,19,63;,
  3;19,32,29;,
  3;64,65,66;,
  3;65,64,20;,
  3;14,67,12;,
  3;67,14,68;,
  3;68,69,67;,
  3;69,68,70;,
  3;70,42,69;,
  3;42,70,37;,
  3;48,34,51;,
  3;34,48,33;,
  3;51,43,61;,
  3;43,51,34;,
  3;43,56,61;,
  3;56,43,39;,
  3;39,54,56;,
  3;54,39,40;,
  3;12,63,17;,
  3;63,12,67;,
  3;67,32,63;,
  3;32,67,69;,
  3;69,42,32;,
  3;71,72,25;,
  3;73,74,75;,
  3;74,73,76;,
  3;74,77,75;,
  3;77,74,78;,
  3;79,78,80;,
  3;78,79,77;,
  3;81,82,83;,
  3;82,84,85;,
  3;84,82,86;,
  3;87,88,89;,
  3;88,90,89;,
  3;90,88,91;,
  3;92,93,94;,
  3;92,89,93;,
  3;92,87,89;,
  3;89,95,93;,
  3;95,89,90;,
  3;96,93,82;,
  3;93,86,82;,
  3;86,93,95;,
  3;97,98,99;,
  3;98,97,100;,
  3;100,101,98;,
  3;101,100,102;,
  3;103,104,105;,
  3;104,103,106;,
  3;106,107,104;,
  3;107,106,108;,
  3;105,109,110;,
  3;109,105,104;,
  3;104,111,109;,
  3;111,104,107;,
  3;110,100,97;,
  3;100,110,109;,
  3;109,102,100;,
  3;102,109,111;,
  3;112,113,114;,
  3;113,112,115;,
  3;116,117,118;,
  3;117,116,119;,
  3;120,121,122;,
  3;121,120,123;,
  3;120,124,125;,
  3;124,120,122;,
  3;126,124,127;,
  3;124,126,125;,
  3;95,97,86;,
  3;97,95,110;,
  3;86,99,84;,
  3;99,86,97;,
  3;90,103,105;,
  3;103,90,91;,
  3;105,95,90;,
  3;95,105,110;,
  3;128,96,129;,
  3;96,128,94;,
  3;129,130,128;,
  3;130,129,131;,
  3;72,28,25;,
  3;28,72,132;,
  3;10,133,8;,
  3;134,135,136;,
  3;135,134,137;,
  3;81,137,134;,
  3;138,11,139;,
  3;138,9,11;,
  3;138,140,9;,
  3;141,11,142;,
  3;11,141,139;,
  3;128,130,143;,
  3;94,144,92;,
  3;94,143,144;,
  3;94,128,143;,
  3;145,87,146;,
  3;87,145,147;,
  3;75,148,73;,
  3;148,75,149;,
  3;150,147,145;,
  3;7,149,75;,
  3;148,151,73;,
  3;102,152,101;,
  3;152,102,126;,
  3;102,125,126;,
  3;125,102,111;,
  3;111,120,125;,
  3;120,111,107;,
  3;120,108,123;,
  3;108,120,107;,
  3;8,153,154;,
  3;153,8,133;,
  3;154,155,8;,
  3;155,154,156;,
  3;122,114,113;,
  3;114,122,121;,
  3;121,112,114;,
  3;112,121,157;,
  3;158,124,159;,
  3;124,158,127;,
  3;159,122,113;,
  3;122,159,124;,
  3;126,160,152;,
  3;160,126,161;,
  3;162,121,123;,
  3;121,162,163;,
  3;121,164,157;,
  3;164,121,163;,
  3;165,126,127;,
  3;126,165,161;,
  3;161,166,160;,
  3;166,161,167;,
  3;162,118,163;,
  3;118,162,116;,
  3;163,117,164;,
  3;117,163,118;,
  3;165,167,161;,
  3;167,165,168;,
  3;169,170,171;,
  3;170,169,172;,
  3;173,174,175;,
  3;174,173,176;,
  3;177,178,179;,
  3;178,177,173;,
  3;180,178,181;,
  3;178,180,182;,
  3;183,169,171;,
  3;169,183,184;,
  3;174,185,186;,
  3;185,174,176;,
  3;46,187,44;,
  3;187,46,188;,
  3;180,169,182;,
  3;169,180,172;,
  3;20,29,65;,
  3;19,29,20;,
  3;29,31,189;,
  3;31,190,189;,
  3;190,31,33;,
  3;33,191,190;,
  3;191,33,48;,
  3;191,50,192;,
  3;50,191,48;,
  3;192,53,193;,
  3;53,192,50;,
  3;194,171,185;,
  3;171,194,183;,
  3;171,186,185;,
  3;186,171,170;,
  3;185,176,194;,
  3;194,173,177;,
  3;173,194,176;,
  3;178,175,181;,
  3;175,178,173;,
  3;179,182,184;,
  3;182,179,178;,
  3;182,169,184;,
  3;16,17,19;,
  3;17,63,19;,
  3;65,195,66;,
  3;196,197,198;,
  3;197,196,199;,
  3;200,154,153;,
  3;154,200,201;,
  3;202,203,204;,
  3;205,206,207;,
  3;196,208,209;,
  3;208,196,198;,
  3;210,209,211;,
  3;209,210,196;,
  3;212,213,214;,
  3;213,212,215;,
  3;212,214,211;,
  3;201,216,217;,
  3;216,201,200;,
  3;218,219,220;,
  3;219,218,217;,
  3;210,199,196;,
  3;213,205,207;,
  3;221,222,223;,
  3;198,197,224;,
  3;224,225,226;,
  3;225,224,197;,
  3;227,213,207;,
  3;228,229,214;,
  3;229,228,230;,
  3;220,231,232;,
  3;213,228,214;,
  3;156,201,233;,
  3;201,156,154;,
  3;233,217,218;,
  3;217,233,201;,
  3;219,217,234;,
  3;235,219,234;,
  3;236,237,238;,
  3;237,236,239;,
  3;209,240,211;,
  3;240,209,241;,
  3;211,242,212;,
  3;242,211,240;,
  3;243,239,244;,
  3;239,243,237;,
  3;244,236,245;,
  3;236,244,239;,
  3;246,221,223;,
  3;221,246,215;,
  3;221,212,247;,
  3;212,221,215;,
  3;199,248,2;,
  3;248,199,249;,
  3;133,10,250;,
  3;249,210,251;,
  3;210,249,199;,
  3;210,211,251;,
  3;252,1,253;,
  3;1,252,2;,
  3;20,254,18;,
  3;254,20,64;,
  3;24,68,14;,
  3;68,24,255;,
  3;68,256,70;,
  3;256,68,255;,
  3;256,37,70;,
  3;37,256,257;,
  3;258,2,252;,
  3;2,258,199;,
  3;257,259,37;,
  3;37,259,35;,
  3;260,204,261;,
  3;204,260,202;,
  3;262,263,223;,
  3;263,262,264;,
  3;197,258,225;,
  3;258,197,199;,
  3;265,203,227;,
  3;265,207,266;,
  3;207,265,227;,
  3;223,267,246;,
  3;267,223,263;,
  3;88,87,147;,
  3;83,82,85;,
  3;78,16,18;,
  3;16,78,74;,
  3;74,15,16;,
  3;15,74,76;,
  3;15,71,13;,
  3;71,15,76;,
  3;13,268,23;,
  3;268,13,71;,
  3;248,269,2;,
  3;2,269,0;,
  3;136,129,134;,
  3;129,136,131;,
  3;134,96,81;,
  3;96,134,129;,
  3;96,82,81;,
  3;93,96,94;,
  3;29,189,65;,
  3;205,215,246;,
  3;267,205,246;,
  3;205,267,206;,
  3;205,213,215;,
  3;187,188,270;,
  3;224,271,272;,
  3;222,221,208;,
  3;224,222,198;,
  3;272,273,262;,
  3;273,272,271;,
  3;263,274,275;,
  3;273,276,262;,
  3;277,271,278;,
  3;271,277,273;,
  3;222,272,262;,
  3;272,222,224;,
  3;222,208,198;,
  3;209,221,247;,
  3;221,209,208;,
  3;223,222,262;,
  3;266,206,279;,
  3;206,266,207;,
  3;206,280,279;,
  3;280,206,267;,
  3;280,263,275;,
  3;263,280,267;,
  3;264,262,276;,
  3;76,73,72;,
  3;138,281,140;,
  3;73,132,72;,
  3;132,73,151;,
  3;72,71,76;,
  3;271,226,278;,
  3;155,11,8;,
  3;276,277,282;,
  3;277,276,273;,
  3;274,276,282;,
  3;276,274,264;,
  3;28,141,26;,
  3;141,28,139;,
  3;139,132,138;,
