xof 0303txt 0032
template ColorRGBA {
 <35ff44e0-6c7c-11cf-8f52-0040333594a3>
 FLOAT red;
 FLOAT green;
 FLOAT blue;
 FLOAT alpha;
}

template ColorRGB {
 <d3e16e81-7835-11cf-8f52-0040333594a3>
 FLOAT red;
 FLOAT green;
 FLOAT blue;
}

template Material {
 <3d82ab4d-62da-11cf-ab39-0020af71e433>
 ColorRGBA faceColor;
 FLOAT power;
 ColorRGB specularColor;
 ColorRGB emissiveColor;
 [...]
}

template TextureFilename {
 <a42790e1-7810-11cf-8f52-0040333594a3>
 STRING filename;
}

template Frame {
 <3d82ab46-62da-11cf-ab39-0020af71e433>
 [...]
}

template Matrix4x4 {
 <f6f23f45-7686-11cf-8f52-0040333594a3>
 array FLOAT matrix[16];
}

template FrameTransformMatrix {
 <f6f23f41-7686-11cf-8f52-0040333594a3>
 Matrix4x4 frameMatrix;
}

template Vector {
 <3d82ab5e-62da-11cf-ab39-0020af71e433>
 FLOAT x;
 FLOAT y;
 FLOAT z;
}

template MeshFace {
 <3d82ab5f-62da-11cf-ab39-0020af71e433>
 DWORD nFaceVertexIndices;
 array DWORD faceVertexIndices[nFaceVertexIndices];
}

template Mesh {
 <3d82ab44-62da-11cf-ab39-0020af71e433>
 DWORD nVertices;
 array Vector vertices[nVertices];
 DWORD nFaces;
 array MeshFace faces[nFaces];
 [...]
}

template MeshMaterialList {
 <f6f23f42-7686-11cf-8f52-0040333594a3>
 DWORD nMaterials;
 DWORD nFaceIndexes;
 array DWORD faceIndexes[nFaceIndexes];
 [Material <3d82ab4d-62da-11cf-ab39-0020af71e433>]
}

template VertexElement {
 <f752461c-1e23-48f6-b9f8-8350850f336f>
 DWORD Type;
 DWORD Method;
 DWORD Usage;
 DWORD UsageIndex;
}

template DeclData {
 <bf22e553-292c-4781-9fea-62bd554bdd93>
 DWORD nElements;
 array VertexElement Elements[nElements];
 DWORD nDWords;
 array DWORD data[nDWords];
}

template XSkinMeshHeader {
 <3cf169ce-ff7c-44ab-93c0-f78f62d172e2>
 WORD nMaxSkinWeightsPerVertex;
 WORD nMaxSkinWeightsPerFace;
 WORD nBones;
}

template SkinWeights {
 <6f0d123b-bad2-4167-a0d0-80224f25fabb>
 STRING transformNodeName;
 DWORD nWeights;
 array DWORD vertexIndices[nWeights];
 array FLOAT weights[nWeights];
 Matrix4x4 matrixOffset;
}

template AnimTicksPerSecond {
 <9e415a43-7ba6-4a73-8743-b73d47e88476>
 DWORD AnimTicksPerSecond;
}

template Animation {
 <3d82ab4f-62da-11cf-ab39-0020af71e433>
 [...]
}

template AnimationSet {
 <3d82ab50-62da-11cf-ab39-0020af71e433>
 [Animation <3d82ab4f-62da-11cf-ab39-0020af71e433>]
}

template FloatKeys {
 <10dd46a9-775b-11cf-8f52-0040333594a3>
 DWORD nValues;
 array FLOAT values[nValues];
}

template TimedFloatKeys {
 <f406b180-7b3b-11cf-8f52-0040333594a3>
 DWORD time;
 FloatKeys tfkeys;
}

template AnimationKey {
 <10dd46a8-775b-11cf-8f52-0040333594a3>
 DWORD keyType;
 DWORD nKeys;
 array TimedFloatKeys keys[nKeys];
}


Material _03_-_Default {
 1.000000;1.000000;1.000000;1.000000;;
 9.999999;
 0.000000;0.000000;0.000000;;
 0.000000;0.000000;0.000000;;

 TextureFilename {
  "MaleBody_full.png";
 }
}

Frame Dummy01 {
 

 FrameTransformMatrix {
  1.000000,0.000000,0.000000,0.000000,0.000000,-0.000000,-1.000000,0.000000,0.000000,1.000000,-0.000000,0.000000,0.000000,0.000000,0.000000,1.000000;;
 }

 Frame Bip01 {
  

  FrameTransformMatrix {
   0.611372,0.727227,-0.312035,0.000000,0.211179,0.230078,0.949983,0.000000,0.762645,-0.646688,-0.012912,0.000000,-0.005481,0.059454,0.485814,1.000000;;
  }

  Frame Bip01_Pelvis {
   

   FrameTransformMatrix {
    0.000000,1.000000,-0.000001,0.000000,-0.000001,0.000001,1.000000,0.000000,1.000000,-0.000000,0.000001,0.000000,0.000000,0.000000,0.000000,1.000000;;
   }

   Frame Bip01_Spine {
    

    FrameTransformMatrix {
     0.955436,-0.289536,-0.057535,0.000000,0.262446,0.922370,-0.283472,0.000000,0.135144,0.255739,0.957253,0.000000,0.051622,-0.000022,-0.000081,1.000000;;
    }

    Frame Bip01_Spine1 {
     

     FrameTransformMatrix {
      0.900726,0.000001,0.434388,0.000000,-0.000001,1.000000,-0.000000,0.000000,-0.434388,-0.000000,0.900726,0.000000,0.106517,-0.000000,-0.000076,1.000000;;
     }

     Frame Bip01_Neck {
      

      FrameTransformMatrix {
       0.903366,0.000001,0.428870,0.000000,-0.000001,1.000000,-0.000000,0.000000,-0.428871,-0.000000,0.903366,0.000000,0.130516,0.000000,0.004628,1.000000;;
      }

      Frame Bip01_Head {
       

       FrameTransformMatrix {
        0.662786,-0.178657,-0.727184,0.000000,0.525113,0.803206,0.281276,0.000000,0.533826,-0.568280,0.626169,0.000000,0.033674,-0.000000,-0.000000,1.000000;;
       }

       Frame Bip01_HeadNub {
        

        FrameTransformMatrix {
         1.000000,0.000000,-0.000000,0.000000,0.000000,1.000000,0.000000,0.000000,0.000000,-0.000000,1.000000,0.000000,0.169824,0.000000,0.000000,1.000000;;
        }
       }
      }

      Frame Bip01_L_Clavicle {
       

       FrameTransformMatrix {
        -0.156178,0.984931,0.074295,0.000000,0.889416,0.172949,-0.423116,0.000000,-0.429590,-0.000003,-0.903024,0.000000,-0.023698,0.015714,0.006128,1.000000;;
       }

       Frame Bip01_L_UpperArm {
        

        FrameTransformMatrix {
         0.284557,-0.832817,-0.474808,0.000000,0.903556,0.398492,-0.157448,0.000000,0.320333,-0.384213,0.865891,0.000000,0.087086,0.000000,0.000000,1.000000;;
        }

        Frame Bip01_L_Forearm {
         

         FrameTransformMatrix {
          0.735204,0.000000,-0.677845,0.000000,0.000000,1.000000,0.000000,0.000000,0.677845,-0.000000,0.735204,0.000000,0.137062,-0.000000,-0.000000,1.000000;;
         }

         Frame Bip01_L_Hand {
          

          FrameTransformMatrix {
           0.980389,0.010140,-0.196813,0.000000,0.197067,-0.042352,0.979475,0.000000,0.001597,-0.999051,-0.043520,0.000000,0.137062,0.000000,0.000000,1.000000;;
          }

          Frame Bip01_L_Finger0 {
           

           FrameTransformMatrix {
            0.829256,-0.514255,0.218807,0.000000,0.558537,0.749101,-0.356210,0.000000,0.019274,0.417601,0.908427,0.000000,0.057681,-0.023605,-0.000272,1.000000;;
           }

           Frame Bip01_L_Finger0Nub {
            

            FrameTransformMatrix {
             1.000000,0.000000,0.000000,0.000000,0.000000,1.000000,0.000000,0.000000,0.000000,0.000000,1.000000,0.000000,0.029435,0.000000,0.000000,1.000000;;
            }
           }
          }

          Frame Bip01_L_Finger1 {
           

           FrameTransformMatrix {
            0.989590,-0.000115,0.143914,0.000000,-0.000000,1.000000,0.000796,0.000000,-0.143914,-0.000788,0.989590,0.000000,0.084102,-0.000000,0.000000,1.000000;;
           }

           Frame Bip01_L_Finger1Nub {
            

            FrameTransformMatrix {
             1.000000,0.000000,-0.000000,0.000000,0.000000,1.000000,-0.000000,0.000000,-0.000000,0.000000,1.000000,0.000000,0.047988,0.000000,0.000000,1.000000;;
            }
           }
          }
         }
        }
       }
      }

      Frame Bip01_R_Clavicle {
       

       FrameTransformMatrix {
        0.000000,-1.000000,0.000003,0.000000,-0.903024,0.000001,0.429590,0.000000,-0.429590,-0.000003,-0.903024,0.000000,-0.023698,-0.015715,0.006128,1.000000;;
       }

       Frame Bip01_R_UpperArm {
        

        FrameTransformMatrix {
         0.090386,0.928812,0.359358,0.000000,-0.854597,0.257612,-0.450888,0.000000,-0.511365,-0.266352,0.817045,0.000000,0.087086,0.000000,0.000000,1.000000;;
        }

        Frame Bip01_R_Forearm {
         

         FrameTransformMatrix {
          0.696998,0.000000,-0.717073,0.000000,0.000000,1.000000,-0.000000,0.000000,0.717073,0.000000,0.696998,0.000000,0.137062,0.000000,0.000000,1.000000;;
         }

         Frame Bip01_R_Hand {
          

          FrameTransformMatrix {
           0.940751,-0.064359,0.332936,0.000000,0.337366,0.078494,-0.938095,0.000000,0.034241,0.994835,0.095555,0.000000,0.137062,-0.000000,-0.000000,1.000000;;
          }

          Frame Bip01_R_Finger0 {
           

           FrameTransformMatrix {
            0.829256,0.514255,0.218807,0.000000,-0.558537,0.749101,0.356210,0.000000,0.019274,-0.417601,0.908427,0.000000,0.057681,0.023605,-0.000272,1.000000;;
           }

           Frame Bip01_R_Finger0Nub {
            

            FrameTransformMatrix {
             -1.000000,0.000000,-0.000000,0.000000,0.000000,1.000000,-0.000000,0.000000,0.000000,0.000000,-1.000000,0.000000,0.029435,-0.000000,-0.000000,1.000000;;
            }
           }
          }

          Frame Bip01_R_Finger1 {
           

           FrameTransformMatrix {
            0.989590,0.000115,0.143914,0.000000,0.000000,1.000000,-0.000796,0.000000,-0.143914,0.000788,0.989590,0.000000,0.084102,0.000000,-0.000000,1.000000;;
           }

           Frame Bip01_R_Finger1Nub {
            

            FrameTransformMatrix {
             -1.000000,-0.000000,-0.000000,0.000000,0.000000,1.000000,0.000000,0.000000,0.000000,-0.000000,-1.000000,0.000000,0.047988,0.000000,-0.000000,1.000000;;
            }
           }
          }
         }
        }
       }
      }
     }

     Frame Bip01_BackPack {
      

      FrameTransformMatrix {
       0.180560,0.080500,-0.980264,0.000000,0.047560,0.994765,0.090451,0.000000,0.982414,-0.062954,0.175786,0.000000,0.063697,0.000003,-0.088856,1.000000;;
      }

      Frame Bip01_BackPackNub {
       

       FrameTransformMatrix {
        0.000796,0.000003,1.000000,0.000000,0.000000,-1.000000,0.000003,0.000000,1.000000,-0.000000,-0.000796,0.000000,0.053240,0.000000,0.000000,1.000000;;
       }
      }
     }
    }

    Frame Bip01_L_Thigh {
     

     FrameTransformMatrix {
      -0.996263,0.047342,0.072241,0.000000,-0.071927,-0.917804,-0.390465,0.000000,0.047817,-0.394202,0.917779,0.000000,-0.065322,0.037387,0.007230,1.000000;;
     }

     Frame Bip01_L_Calf {
      

      FrameTransformMatrix {
       0.892619,0.000000,-0.450812,0.000000,0.000000,1.000000,0.000000,0.000000,0.450812,0.000000,0.892619,0.000000,0.237500,0.000000,0.000000,1.000000;;
      }

      Frame Bip01_L_Foot {
       

       FrameTransformMatrix {
        0.828913,-0.361731,-0.426678,0.000000,0.104297,0.849341,-0.517439,0.000000,0.549569,0.384411,0.741757,0.000000,0.206841,0.000000,0.000000,1.000000;;
       }

       Frame Bip01_L_Toe0 {
        

        FrameTransformMatrix {
         -0.899053,-0.000002,0.437839,0.000000,-0.000001,1.000000,0.000001,0.000000,-0.437839,0.000000,-0.899053,0.000000,0.065373,-0.000000,0.066450,1.000000;;
        }

        Frame Bip01_L_Toe0Nub {
         

         FrameTransformMatrix {
          -1.000000,0.000000,0.000000,0.000000,0.000000,1.000000,-0.000000,0.000000,-0.000000,-0.000000,-1.000000,0.000000,0.006735,0.000000,-0.000000,1.000000;;
         }
        }
       }
      }
     }
    }

    Frame Bip01_R_Thigh {
     

     FrameTransformMatrix {
      -0.715932,-0.502671,0.484525,0.000000,0.125112,-0.775128,-0.619293,0.000000,0.686869,-0.382752,0.617829,0.000000,-0.033343,-0.064489,-0.021017,1.000000;;
     }

     Frame Bip01_R_Calf {
      

      FrameTransformMatrix {
       0.838571,0.000000,-0.544791,0.000000,-0.000000,1.000000,0.000000,0.000000,0.544791,-0.000000,0.838571,0.000000,0.237500,0.000000,0.000000,1.000000;;
      }

      Frame Bip01_R_Foot {
       

       FrameTransformMatrix {
        0.984879,0.032642,0.170139,0.000000,0.015493,0.961559,-0.274160,0.000000,-0.172547,0.272651,0.946514,0.000000,0.206841,0.000000,-0.000000,1.000000;;
       }

       Frame Bip01_R_Toe0 {
        

        FrameTransformMatrix {
         -0.000001,-0.000001,1.000000,0.000000,0.000001,1.000000,0.000001,0.000000,-1.000000,0.000001,-0.000001,0.000000,0.065373,0.000000,0.066450,1.000000;;
        }

        Frame Bip01_R_Toe0Nub {
         

         FrameTransformMatrix {
          1.000000,0.000000,0.000000,0.000000,0.000000,1.000000,0.000000,0.000000,0.000000,0.000000,1.000000,0.000000,0.006735,0.000000,0.000000,1.000000;;
         }
        }
       }
      }
     }
    }
   }

   Frame Bip01_DressFront {
    

    FrameTransformMatrix {
     -0.844457,0.022640,0.535145,0.000000,-0.143769,0.952862,-0.267178,0.000000,-0.515969,-0.302558,-0.801396,0.000000,-0.043926,0.001443,0.061058,1.000000;;
    }

    Frame Bip01_DressFront02 {
     

     FrameTransformMatrix {
      0.995078,-0.070512,0.069625,0.000000,0.071337,0.997408,-0.009431,0.000000,-0.068779,0.014351,0.997529,0.000000,0.183333,-0.000002,-0.000131,1.000000;;
     }

     Frame Bip01_DressFrontNub {
      

      FrameTransformMatrix {
       0.000796,0.000003,1.000000,0.000000,0.000000,-1.000000,0.000003,0.000000,1.000000,0.000000,-0.000796,0.000000,0.165302,0.000000,-0.000000,1.000000;;
      }
     }
    }
   }

   Frame Bip01_DressBack {
    

    FrameTransformMatrix {
     -0.886222,-0.016530,0.462967,0.000000,-0.154699,0.952556,-0.262117,0.000000,-0.436670,-0.303914,-0.846733,0.000000,-0.047671,0.000043,-0.078301,1.000000;;
    }

    Frame Bip01_DressBack02 {
     

     FrameTransformMatrix {
      0.823480,0.446558,0.349953,0.000000,-0.538719,0.808916,0.235450,0.000000,-0.177941,-0.382415,0.906695,0.000000,0.176178,0.000042,-0.000099,1.000000;;
     }

     Frame Bip01_DressBackNub {
      

      FrameTransformMatrix {
       0.000796,0.000003,1.000000,0.000000,0.000000,-1.000000,0.000003,0.000000,1.000000,-0.000000,-0.000796,0.000000,0.136508,0.000000,-0.000000,1.000000;;
      }
     }
    }
   }
  }

  Frame Bip01_Prop1 {
   

   FrameTransformMatrix {
    0.422404,-0.045727,-0.905253,0.000000,0.725946,-0.580963,0.368083,0.000000,-0.542750,-0.812645,-0.212206,0.000000,-0.009083,-0.016181,-0.172230,1.000000;;
   }
  }

  Frame Bip01_Prop2 {
   

   FrameTransformMatrix {
    -0.073895,0.286878,0.955113,0.000000,0.997075,0.040017,0.065122,0.000000,-0.019538,0.957131,-0.288996,0.000000,0.106744,0.056824,0.151400,1.000000;;
   }
  }
 }
}

Frame Translation_Data {
 

 FrameTransformMatrix {
  1.000000,0.000000,0.000000,0.000000,0.000000,-0.000000,-1.000000,0.000000,0.000000,1.000000,-0.000000,0.000000,0.000000,0.000000,0.000000,1.000000;;
 }
}

Frame Body {
 

 FrameTransformMatrix {
  1.000000,0.000000,0.000000,0.000000,0.000000,1.000000,0.000000,0.000000,0.000000,0.000000,1.000000,0.000000,0.000000,0.000000,0.000000,1.000000;;
 }

 Mesh Body {
  617;
  0.093284;0.722736;-0.130339;,
  0.072790;0.704725;-0.154217;,
  0.065159;0.734584;-0.168324;,
  0.096039;0.708119;-0.113747;,
  0.097248;0.700087;-0.102089;,
  0.082489;0.654727;-0.111992;,
  0.082100;0.673768;-0.137673;,
  0.080582;0.682253;-0.073209;,
  0.042774;0.770692;-0.165215;,
  0.045575;0.779793;-0.105169;,
  0.064151;0.765853;-0.122910;,
  0.024409;0.776728;-0.129360;,
  0.044885;0.543694;0.011192;,
  0.000189;0.558629;-0.004584;,
  -0.002508;0.547352;0.003256;,
  0.039521;0.556714;0.001839;,
  0.072402;0.541656;-0.040741;,
  0.067028;0.516514;-0.014116;,
  0.071547;0.527300;-0.079461;,
  0.068572;0.485677;-0.040405;,
  0.051033;0.473768;-0.062907;,
  0.056440;0.632934;-0.154634;,
  0.060731;0.660429;-0.170090;,
  -0.031290;0.554233;-0.032688;,
  -0.035320;0.543766;-0.023107;,
  -0.021203;0.669441;-0.039275;,
  -0.051606;0.695849;-0.097019;,
  -0.054711;0.654661;-0.076488;,
  -0.014497;0.714055;-0.057508;,
  0.061996;0.436085;-0.043850;,
  0.098134;0.362006;0.034489;,
  0.080017;0.346383;-0.006538;,
  0.071656;0.452169;0.003216;,
  0.091789;0.253553;0.027615;,
  0.093646;0.277161;0.074344;,
  0.011079;0.429647;-0.047380;,
  -0.006516;0.360273;0.058538;,
  -0.050026;0.447609;0.011035;,
  0.026445;0.339500;-0.006680;,
  0.027909;0.279078;0.078467;,
  0.047087;0.259607;0.046984;,
  0.065442;0.379486;0.087602;,
  0.034592;0.449048;0.053417;,
  0.062705;0.292229;0.095222;,
  0.066711;0.114204;0.271988;,
  0.027145;0.158594;0.281795;,
  0.021816;0.111213;0.271310;,
  0.062002;0.158328;0.281760;,
  0.075844;0.217888;0.082967;,
  0.076240;0.186834;0.164072;,
  0.066327;0.163211;0.132066;,
  0.087646;0.242562;0.115632;,
  0.060962;0.126099;0.210510;,
  0.052900;0.102772;0.190595;,
  0.026612;0.206990;0.090831;,
  0.004957;0.198815;0.155024;,
  0.001686;0.250774;0.114672;,
  0.027999;0.168209;0.135879;,
  0.024036;0.143217;0.204366;,
  0.027910;0.119387;0.210299;,
  0.057795;0.214434;0.183661;,
  0.063389;0.276290;0.142435;,
  0.046068;0.149955;0.207597;,
  0.062428;0.490632;0.000228;,
  0.025391;0.463288;-0.096311;,
  0.011079;0.429647;-0.047380;,
  0.009545;0.434884;-0.078191;,
  0.029417;0.502569;0.042077;,
  -0.023704;0.509461;0.027497;,
  0.026126;0.459342;0.050745;,
  -0.024533;0.464474;0.039122;,
  -0.015617;0.617539;-0.023655;,
  0.011005;0.672678;-0.023433;,
  0.031387;0.675218;-0.025153;,
  0.057839;0.608799;-0.047578;,
  0.069509;0.658955;-0.056809;,
  0.023374;0.621099;-0.014033;,
  0.076996;0.634630;-0.098305;,
  0.066486;0.591466;-0.078586;,
  0.050651;0.620795;-0.144738;,
  0.040493;0.571834;-0.115204;,
  0.127569;0.714549;-0.087259;,
  0.139687;0.673683;-0.059909;,
  0.086101;0.703066;-0.119573;,
  0.107748;0.608155;-0.065860;,
  0.098565;0.648060;-0.095156;,
  0.141339;0.628213;-0.037066;,
  0.045403;0.703341;-0.074236;,
  0.098565;0.648060;-0.095156;,
  0.052222;0.659216;-0.049403;,
  0.072207;0.609212;-0.026706;,
  0.107748;0.608155;-0.065860;,
  0.045674;0.708913;-0.064372;,
  0.093307;0.685165;-0.014153;,
  0.081018;0.724722;-0.041672;,
  0.105698;0.629091;0.002072;,
  0.112238;0.723287;-0.063076;,
  0.157118;0.617499;-0.041802;,
  0.157219;0.545036;-0.074402;,
  0.118571;0.591796;-0.075769;,
  0.180407;0.563598;-0.052834;,
  0.178812;0.511380;-0.072452;,
  0.199414;0.517645;-0.057952;,
  0.118571;0.591796;-0.075769;,
  0.134173;0.530654;-0.024044;,
  0.085978;0.572499;-0.025222;,
  0.157219;0.545036;-0.074402;,
  0.166467;0.497276;-0.037946;,
  0.178812;0.511380;-0.072452;,
  0.151956;0.545255;-0.007776;,
  0.124243;0.598119;0.008617;,
  0.181618;0.503513;-0.027893;,
  0.271097;0.425685;-0.110955;,
  0.222979;0.411235;-0.083888;,
  0.250853;0.430378;-0.118170;,
  0.243159;0.406924;-0.077153;,
  0.239448;0.471616;-0.119887;,
  0.251360;0.468336;-0.108583;,
  0.244652;0.462793;-0.115317;,
  0.247590;0.479624;-0.117505;,
  0.177992;0.463978;-0.058376;,
  0.226386;0.478664;-0.091353;,
  0.206631;0.440148;-0.061162;,
  0.195138;0.493593;-0.094447;,
  0.224394;0.440200;-0.052074;,
  0.203792;0.476329;-0.033613;,
  0.221868;0.508280;-0.070415;,
  0.243148;0.477850;-0.080636;,
  0.080373;0.771863;-0.098394;,
  0.106080;0.758870;-0.106350;,
  0.064151;0.765853;-0.122910;,
  0.082211;0.749333;-0.133325;,
  0.021024;0.721418;-0.039172;,
  0.066401;0.754531;-0.163710;,
  0.113514;0.733240;-0.109177;,
  0.096039;0.708119;-0.113747;,
  0.093284;0.722736;-0.130339;,
  0.105409;0.717621;-0.099710;,
  0.041691;0.755756;-0.067289;,
  0.003153;0.747837;-0.085200;,
  0.047178;0.757496;-0.069064;,
  -0.034799;0.726756;-0.123847;,
  0.000009;0.755095;-0.163748;,
  0.045575;0.779793;-0.105169;,
  0.047178;0.757496;-0.069064;,
  0.073081;0.709007;-0.086899;,
  0.052230;0.745491;-0.067750;,
  0.086101;0.703066;-0.119573;,
  0.046230;0.705450;-0.049165;,
  0.067963;0.685395;-0.066834;,
  0.097248;0.700087;-0.102089;,
  0.037749;0.716469;-0.040102;,
  0.195138;0.493593;-0.094447;,
  0.083506;0.768759;-0.188814;,
  0.066152;0.780656;-0.184594;,
  0.023022;0.765307;-0.186305;,
  0.042905;0.779655;-0.195200;,
  0.243148;0.477850;-0.080636;,
  0.271097;0.425685;-0.110955;,
  0.243159;0.406924;-0.077153;,
  0.221405;0.479238;-0.116066;,
  0.240223;0.492671;-0.104386;,
  0.221405;0.479238;-0.116066;,
  0.229670;0.467820;-0.105198;,
  0.240698;0.479414;-0.086498;,
  0.240698;0.479414;-0.086498;,
  0.239448;0.471616;-0.119887;,
  0.247590;0.479624;-0.117505;,
  0.251360;0.468336;-0.108583;,
  0.072952;0.043783;0.234388;,
  0.042697;-0.004551;0.245929;,
  0.041376;0.006492;0.229328;,
  0.078511;0.032088;0.253964;,
  0.023399;0.155356;0.246884;,
  0.021816;0.111213;0.271310;,
  0.027145;0.158594;0.281795;,
  0.020444;0.114077;0.246388;,
  0.024036;0.143217;0.204366;,
  0.064939;0.155484;0.243818;,
  0.046068;0.149955;0.207597;,
  0.066711;0.114204;0.271988;,
  0.062002;0.158328;0.281760;,
  0.067861;0.119265;0.237323;,
  0.052900;0.102772;0.190595;,
  0.060962;0.126099;0.210510;,
  0.013884;0.016055;0.234528;,
  0.007757;0.005663;0.248154;,
  0.078511;0.032088;0.253964;,
  0.007757;0.005663;0.248154;,
  0.026445;0.339500;-0.006680;,
  0.047087;0.259607;0.046984;,
  0.026612;0.206990;0.090831;,
  0.027999;0.168209;0.135879;,
  0.027910;0.119387;0.210299;,
  0.027910;0.119387;0.210299;,
  -0.023953;0.438748;-0.038608;,
  0.106508;0.765121;-0.209879;,
  0.097122;0.744605;-0.224547;,
  0.105106;0.752137;-0.226908;,
  0.085867;0.753116;-0.199073;,
  0.089146;0.789119;-0.199842;,
  0.073812;0.803750;-0.188296;,
  0.066263;0.875625;-0.287951;,
  0.057515;0.853000;-0.312328;,
  0.047152;0.874528;-0.294430;,
  0.103780;0.802227;-0.295284;,
  0.090138;0.794226;-0.304373;,
  0.093829;0.829446;-0.301833;,
  0.108901;0.770226;-0.237626;,
  0.106496;0.792371;-0.217906;,
  0.100653;0.778150;-0.207680;,
  0.097225;0.830285;-0.218535;,
  0.103440;0.830420;-0.242271;,
  0.100237;0.845488;-0.287817;,
  0.099601;0.860284;-0.264136;,
  0.108543;0.814974;-0.264131;,
  0.089104;0.839318;-0.206923;,
  0.071331;0.851704;-0.195571;,
  0.030955;0.846668;-0.195253;,
  0.062953;0.886269;-0.228547;,
  0.028612;0.883377;-0.228065;,
  0.111760;0.795542;-0.252838;,
  0.105856;0.753837;-0.247299;,
  0.106356;0.778055;-0.273870;,
  0.099324;0.723750;-0.249540;,
  0.078068;0.718377;-0.241420;,
  0.084505;0.711860;-0.260474;,
  0.084162;0.848783;-0.304061;,
  0.086000;0.871893;-0.278469;,
  0.083547;0.880444;-0.240165;,
  0.071283;0.888708;-0.258690;,
  0.052333;0.891547;-0.259608;,
  0.035123;0.889911;-0.262531;,
  0.039944;0.808210;-0.187877;,
  0.083547;0.880444;-0.240165;,
  0.071283;0.888708;-0.258690;,
  0.112196;0.796142;-0.218255;,
  0.107909;0.842191;-0.229501;,
  0.112643;0.830018;-0.212680;,
  0.105406;0.821926;-0.227049;,
  0.112643;0.830018;-0.212680;,
  0.112196;0.796142;-0.218255;,
  0.107909;0.842191;-0.229501;,
  0.103440;0.830420;-0.242271;,
  0.109380;0.806549;-0.236954;,
  0.106496;0.792371;-0.217906;,
  0.103039;0.797577;-0.284031;,
  0.109380;0.806549;-0.236954;,
  0.066401;0.754531;-0.163710;,
  0.083506;0.768759;-0.188814;,
  0.082211;0.749333;-0.133325;,
  0.089146;0.789119;-0.199842;,
  0.060276;0.707020;-0.190186;,
  0.058858;0.685706;-0.179710;,
  0.042003;0.521794;-0.110364;,
  -0.056171;0.507429;0.000757;,
  -0.061527;0.474022;0.006407;,
  -0.051531;0.442977;0.018400;,
  0.074612;0.721450;-0.215995;,
  -0.023953;0.438748;-0.038608;,
  0.052333;0.891547;-0.259608;,
  0.035123;0.889911;-0.262531;,
  0.097212;0.749700;-0.268137;,
  0.089196;0.765095;-0.286041;,
  0.090796;0.756527;-0.281889;,
  0.062731;0.839873;-0.318688;,
  0.069927;0.815517;-0.320226;,
  0.086485;0.789382;-0.292854;,
  -0.045905;0.603650;-0.057097;,
  0.082211;0.749333;-0.133325;,
  0.042697;-0.004551;0.245929;,
  0.092802;0.737313;-0.271977;,
  0.097496;0.743820;-0.265126;,
  0.090812;0.742906;-0.271041;,
  0.080543;0.750372;-0.288682;,
  0.082328;0.754300;-0.300603;,
  0.091554;0.744458;-0.277018;,
  0.079988;0.739906;-0.274272;,
  0.082784;0.731683;-0.276307;,
  0.076496;0.786225;-0.313461;,
  0.076575;0.779417;-0.305906;,
  0.052230;0.745491;-0.067750;,
  0.082020;0.740090;-0.282881;,
  0.058247;0.718760;-0.085447;,
  0.073081;0.709007;-0.086899;,
  0.097248;0.700087;-0.102089;,
  0.089104;0.839318;-0.206923;,
  0.075844;0.217888;0.082967;,
  0.054891;0.123530;-0.003813;,
  0.052093;0.189740;-0.030844;,
  0.066327;0.163211;0.132066;,
  0.091789;0.253553;0.027615;,
  0.058904;0.244170;-0.039699;,
  0.080017;0.346383;-0.006538;,
  0.036547;0.332621;-0.060108;,
  0.061996;0.436085;-0.043850;,
  0.025229;0.416624;-0.077350;,
  0.051033;0.473768;-0.062907;,
  0.054821;0.059281;0.012765;,
  0.052900;0.102772;0.190595;,
  -0.011283;0.206821;0.169015;,
  -0.043000;0.107299;0.063489;,
  -0.015417;0.153841;0.214887;,
  -0.041444;0.173457;0.033949;,
  -0.030485;0.232714;0.000819;,
  -0.001964;0.258868;0.126307;,
  -0.034673;0.288026;-0.029311;,
  0.006114;0.288658;0.097827;,
  -0.015187;0.364280;0.070058;,
  -0.043845;0.367230;0.000974;,
  -0.063698;0.446739;0.007006;,
  0.058247;0.718760;-0.085447;,
  0.014657;0.682614;-0.235871;,
  0.033818;0.683037;-0.203618;,
  0.005390;0.661075;-0.234127;,
  0.032288;0.716291;-0.209991;,
  -0.002224;0.643125;-0.229272;,
  0.019242;0.619530;-0.192164;,
  -0.025574;0.623176;-0.207774;,
  0.034177;0.647099;-0.198420;,
  0.008771;0.751769;-0.208317;,
  -0.043478;0.731338;-0.222083;,
  -0.030471;0.746187;-0.198926;,
  -0.013234;0.725832;-0.231228;,
  -0.082247;0.545846;-0.096610;,
  -0.062228;0.553921;-0.061729;,
  -0.071845;0.548316;-0.100120;,
  -0.066611;0.548438;-0.051100;,
  -0.031262;0.533838;-0.135648;,
  -0.061434;0.518689;-0.123046;,
  0.008367;0.522535;-0.137305;,
  -0.039043;0.488936;-0.129078;,
  -0.011539;0.474828;-0.115965;,
  -0.031290;0.554233;-0.032688;,
  -0.035320;0.543766;-0.023107;,
  -0.082168;0.635513;-0.116555;,
  -0.051606;0.695849;-0.097019;,
  -0.081238;0.676914;-0.142108;,
  -0.054711;0.654661;-0.076488;,
  -0.032108;0.460167;-0.142111;,
  -0.064269;0.360009;-0.172886;,
  -0.075157;0.448169;-0.123686;,
  -0.021413;0.375244;-0.186551;,
  -0.004942;0.282511;-0.224512;,
  -0.043873;0.270531;-0.192254;,
  0.009177;0.460321;-0.114582;,
  -0.006311;0.336807;-0.085504;,
  0.018136;0.367369;-0.150618;,
  -0.068490;0.447922;-0.004622;,
  -0.002655;0.267447;-0.141274;,
  0.011394;0.273419;-0.179544;,
  -0.080488;0.335216;-0.115287;,
  -0.090790;0.420851;-0.075287;,
  -0.041853;0.267669;-0.152582;,
  -0.036772;-0.001437;-0.143912;,
  0.002794;-0.002162;-0.098458;,
  -0.032063;-0.002181;-0.098725;,
  0.008124;-0.001371;-0.146979;,
  -0.010306;0.218340;-0.198620;,
  -0.044257;0.144508;-0.167982;,
  -0.048520;0.218159;-0.179787;,
  -0.008174;0.145120;-0.187431;,
  -0.035176;0.067103;-0.150990;,
  -0.010535;0.066883;-0.175239;,
  0.023115;0.205033;-0.162420;,
  0.003663;0.159708;-0.115264;,
  0.013145;0.146887;-0.155012;,
  0.006223;0.225501;-0.113405;,
  -0.007879;0.080147;-0.123118;,
  0.002029;0.060041;-0.151180;,
  -0.055745;0.154655;-0.132615;,
  -0.063085;0.228830;-0.133761;,
  -0.031410;0.084146;-0.128068;,
  -0.075342;0.492964;-0.116594;,
  0.009177;0.460321;-0.114582;,
  -0.110997;0.504946;-0.076987;,
  -0.087807;0.510546;-0.026859;,
  -0.101617;0.442701;-0.068146;,
  -0.077986;0.451810;-0.026059;,
  -0.072910;0.589808;-0.093241;,
  -0.087053;0.618108;-0.147732;,
  -0.080123;0.613163;-0.166503;,
  -0.028863;0.566834;-0.152883;,
  -0.072520;0.574684;-0.130502;,
  -0.034419;0.601118;-0.188549;,
  0.013287;0.599175;-0.179062;,
  0.007463;0.562898;-0.150273;,
  -0.053809;0.645070;-0.261421;,
  -0.006981;0.642039;-0.235084;,
  -0.089922;0.621659;-0.234725;,
  -0.079013;0.587053;-0.171687;,
  -0.117343;0.598548;-0.199221;,
  -0.043245;0.606678;-0.200276;,
  -0.023154;0.683273;-0.193250;,
  -0.054930;0.658901;-0.161524;,
  -0.043245;0.606678;-0.200276;,
  -0.093234;0.622233;-0.135424;,
  -0.079013;0.587053;-0.171687;,
  -0.030554;0.691816;-0.194069;,
  -0.101533;0.674143;-0.196160;,
  -0.065413;0.696594;-0.221934;,
  -0.131532;0.633629;-0.162773;,
  -0.064341;0.670258;-0.249140;,
  -0.122467;0.581262;-0.205761;,
  -0.105715;0.511736;-0.171131;,
  -0.132961;0.523968;-0.192472;,
  -0.078000;0.565688;-0.172890;,
  -0.123631;0.473218;-0.164445;,
  -0.144990;0.476832;-0.179278;,
  -0.078000;0.565688;-0.172890;,
  -0.139042;0.532973;-0.129752;,
  -0.105715;0.511736;-0.171131;,
  -0.107391;0.587887;-0.121552;,
  -0.147706;0.489450;-0.137904;,
  -0.123631;0.473218;-0.164445;,
  -0.159651;0.542519;-0.146432;,
  -0.151609;0.603475;-0.154221;,
  -0.163552;0.488375;-0.148504;,
  -0.195950;0.358329;-0.139275;,
  -0.186393;0.399465;-0.100893;,
  -0.205856;0.392608;-0.107624;,
  -0.175991;0.364981;-0.132851;,
  -0.151102;0.384103;-0.161980;,
  -0.167496;0.385485;-0.165106;,
  -0.154925;0.384499;-0.172995;,
  -0.160927;0.381825;-0.157073;,
  -0.151626;0.461350;-0.121341;,
  -0.157553;0.415565;-0.160249;,
  -0.128800;0.434774;-0.156624;,
  -0.178415;0.435818;-0.116206;,
  -0.196031;0.433586;-0.125305;,
  -0.179687;0.471392;-0.144648;,
  -0.156108;0.444581;-0.182427;,
  -0.175864;0.414816;-0.168038;,
  -0.031108;0.718501;-0.253592;,
  -0.010734;0.703041;-0.268933;,
  -0.013234;0.725832;-0.231228;,
  0.005433;0.710723;-0.237308;,
  -0.088824;0.660287;-0.178416;,
  0.021055;0.729296;-0.221191;,
  0.000579;0.678755;-0.264547;,
  0.005390;0.661075;-0.234127;,
  -0.012895;0.655363;-0.256483;,
  0.014657;0.682614;-0.235871;,
  -0.066367;0.696148;-0.211346;,
  -0.063555;0.696959;-0.216760;,
  -0.064512;0.710182;-0.170972;,
  -0.034799;0.726756;-0.123847;,
  0.000009;0.755095;-0.163748;,
  -0.043478;0.731338;-0.222083;,
  -0.063555;0.696959;-0.216760;,
  -0.025795;0.654045;-0.216188;,
  -0.006981;0.642039;-0.235084;,
  -0.059662;0.684568;-0.217197;,
  -0.066123;0.642925;-0.191584;,
  -0.036281;0.627383;-0.198973;,
  -0.002224;0.643125;-0.229272;,
  -0.080871;0.650456;-0.190465;,
  -0.128800;0.434774;-0.156624;,
  0.031120;0.747816;-0.224747;,
  0.027396;0.765162;-0.211177;,
  0.023022;0.765307;-0.186305;,
  0.042905;0.779655;-0.195200;,
  -0.175864;0.414816;-0.168038;,
  -0.195950;0.358329;-0.139275;,
  -0.205856;0.392608;-0.107624;,
  -0.138422;0.399195;-0.158868;,
  -0.153135;0.403121;-0.179823;,
  -0.138422;0.399195;-0.158868;,
  -0.155284;0.399291;-0.153171;,
  -0.169916;0.412099;-0.168258;,
  -0.169916;0.412099;-0.168258;,
  -0.151102;0.384103;-0.161980;,
  -0.154925;0.384499;-0.172995;,
  -0.167496;0.385485;-0.165106;,
  -0.043013;0.021309;-0.220434;,
  -0.012758;0.000328;-0.265480;,
  -0.048573;-0.000212;-0.227974;,
  -0.011438;0.018804;-0.257982;,
  0.006540;0.031395;-0.108617;,
  0.008124;-0.001371;-0.146979;,
  0.009495;0.023619;-0.149160;,
  0.002794;-0.002162;-0.098458;,
  -0.007879;0.080147;-0.123118;,
  -0.035000;0.034424;-0.109105;,
  -0.031410;0.084146;-0.128068;,
  -0.036772;-0.001437;-0.143912;,
  -0.037922;0.033540;-0.145891;,
  -0.032063;-0.002181;-0.098725;,
  -0.010535;0.066883;-0.175239;,
  -0.035176;0.067103;-0.150990;,
  0.016055;0.015623;-0.247573;,
  0.022181;0.000192;-0.255027;,
  -0.048573;-0.000212;-0.227974;,
  0.022181;0.000192;-0.255027;,
  0.018136;0.367369;-0.150618;,
  0.011394;0.273419;-0.179544;,
  0.023115;0.205033;-0.162420;,
  0.013145;0.146887;-0.155012;,
  0.002029;0.060041;-0.151180;,
  0.002029;0.060041;-0.151180;,
  0.020025;0.740893;-0.230809;,
  0.043501;0.729584;-0.237525;,
  0.045287;0.736893;-0.226908;,
  0.034736;0.732423;-0.243939;,
  0.017103;0.768936;-0.217278;,
  0.016616;0.787727;-0.202138;,
  0.029350;0.865283;-0.296884;,
  0.047152;0.874528;-0.294430;,
  0.040166;0.784406;-0.310679;,
  0.037094;0.813552;-0.315564;,
  0.058331;0.785315;-0.312070;,
  0.027504;0.747423;-0.257325;,
  0.010023;0.765344;-0.241254;,
  0.017111;0.754746;-0.227898;,
  -0.001356;0.802667;-0.242393;,
  0.003965;0.802552;-0.266345;,
  0.018359;0.822551;-0.307632;,
  0.017008;0.789331;-0.286284;,
  0.001470;0.832793;-0.287885;,
  -0.004587;0.813070;-0.229598;,
  -0.002035;0.831151;-0.213327;,
  0.030955;0.846668;-0.195253;,
  0.001329;0.869005;-0.243461;,
  0.028612;0.883377;-0.228065;,
  0.019336;0.769649;-0.275206;,
  0.041006;0.759747;-0.289685;,
  0.042008;0.735951;-0.262751;,
  0.062746;0.713503;-0.258393;,
  0.035850;0.835248;-0.315753;,
  0.012173;0.851211;-0.296336;,
  -0.006484;0.855222;-0.261953;,
  0.006637;0.870597;-0.274335;,
  0.035123;0.889911;-0.262531;,
  0.020010;0.882492;-0.267430;,
  0.039944;0.808210;-0.187877;,
  -0.006484;0.855222;-0.261953;,
  0.006637;0.870597;-0.274335;,
  0.003987;0.765828;-0.244444;,
  -0.010663;0.808973;-0.258197;,
  0.000178;0.792447;-0.252515;,
  -0.015418;0.794142;-0.243673;,
  -0.015418;0.794142;-0.243673;,
  0.003987;0.765828;-0.244444;,
  -0.010663;0.808973;-0.258197;,
  0.003965;0.802552;-0.266345;,
  0.008956;0.778415;-0.261258;,
  0.010023;0.765344;-0.241254;,
  0.038230;0.779421;-0.299716;,
  0.008956;0.778415;-0.261258;,
  0.021055;0.729296;-0.221191;,
  0.031120;0.747816;-0.224747;,
  0.005433;0.710723;-0.237308;,
  0.017103;0.768936;-0.217278;,
  -0.056171;0.507429;0.000757;,
  -0.061527;0.474022;0.006407;,
  -0.051531;0.442977;0.018400;,
  -0.023953;0.438748;-0.038608;,
  0.020010;0.882492;-0.267430;,
  0.035123;0.889911;-0.262531;,
  0.059478;0.739129;-0.277270;,
  0.065597;0.758484;-0.291752;,
  0.066837;0.749815;-0.287687;,
  0.058587;0.781566;-0.299606;,
  -0.045905;0.603650;-0.057097;,
  0.005433;0.710723;-0.237308;,
  -0.012758;0.000328;-0.265480;,
  0.060878;0.733562;-0.273989;,
  0.070563;0.731083;-0.277359;,
  0.068919;0.736773;-0.276339;,
  0.070135;0.738458;-0.282201;,
  -0.059662;0.684568;-0.217197;,
  -0.033573;0.666201;-0.208347;,
  -0.025795;0.654045;-0.216188;,
  -0.002224;0.643125;-0.229272;,
  -0.004587;0.813070;-0.229598;,
  0.034449;0.210833;-0.182753;,
  0.045168;0.124292;-0.110429;,
  0.030499;0.135435;-0.189251;,
  0.042664;0.197658;-0.110779;,
  0.031918;0.275509;-0.189794;,
  0.047037;0.255778;-0.122202;,
  0.024059;0.363311;-0.152857;,
  0.031920;0.341786;-0.109194;,
  0.014649;0.447967;-0.126384;,
  0.020896;0.424736;-0.099934;,
  0.025391;0.463288;-0.096311;,
  -0.011539;0.474828;-0.115965;,
  0.049956;0.061704;-0.112544;,
  0.033791;0.064317;-0.195528;,
  -0.002852;0.080517;-0.070288;,
  -0.055745;0.154655;-0.132615;,
  -0.031397;0.084148;-0.128064;,
  -0.006368;0.154421;-0.082889;,
  -0.063085;0.228830;-0.133761;,
  -0.005529;0.222312;-0.101061;,
  -0.004647;0.262327;-0.107779;,
  -0.041853;0.267669;-0.152582;,
  -0.080488;0.335216;-0.115287;,
  -0.009187;0.329758;-0.069741;,
  -0.061527;0.474022;0.006407;,
  -0.077986;0.451810;-0.026059;,
  -0.033573;0.666201;-0.208347;,
  -0.032108;0.460167;-0.142111;,
  -0.021413;0.375244;-0.186551;,
  -0.004942;0.282511;-0.224512;,
  -0.010306;0.218340;-0.198620;,
  -0.008174;0.145120;-0.187431;,
  -0.010535;0.066883;-0.175239;,
  0.065442;0.379486;0.087602;,
  -0.024533;0.464474;0.039122;,
  0.034592;0.449048;0.053417;,
  0.062705;0.292229;0.095222;,
  0.063389;0.276290;0.142435;,
  0.057795;0.214434;0.183661;,
  0.046068;0.149955;0.207597;,
  -0.090790;0.420851;-0.075287;;
  916;
  3;0,1,2;,
  3;1,0,3;,
  3;4,5,6;,
  3;5,4,7;,
  3;8,9,10;,
  3;9,8,11;,
  3;12,13,14;,
  3;13,12,15;,
  3;16,12,17;,
  3;12,16,15;,
  3;18,19,20;,
  3;19,18,16;,
  3;6,21,22;,
  3;21,6,5;,
  3;14,23,24;,
  3;23,14,13;,
  3;25,26,27;,
  3;26,25,28;,
  3;29,30,31;,
  3;30,29,32;,
  3;30,33,31;,
  3;33,30,34;,
  3;35,36,37;,
  3;36,35,38;,
  3;38,39,36;,
  3;39,38,40;,
  3;37,41,42;,
  3;41,37,36;,
  3;36,43,41;,
  3;43,36,39;,
  3;42,30,32;,
  3;30,42,41;,
  3;41,34,30;,
  3;34,41,43;,
  3;44,45,46;,
  3;45,44,47;,
  3;48,49,50;,
  3;49,48,51;,
  3;50,52,53;,
  3;52,50,49;,
  3;54,55,56;,
  3;55,54,57;,
  3;57,58,55;,
  3;58,57,59;,
  3;56,60,61;,
  3;60,56,55;,
  3;55,62,60;,
  3;62,55,58;,
  3;61,49,51;,
  3;49,61,60;,
  3;60,52,49;,
  3;52,60,62;,
  3;32,19,63;,
  3;19,32,29;,
  3;64,65,66;,
  3;65,64,20;,
  3;14,67,12;,
  3;67,14,68;,
  3;68,69,67;,
  3;69,68,70;,
  3;70,42,69;,
  3;42,70,37;,
  3;48,34,51;,
  3;34,48,33;,
  3;51,43,61;,
  3;43,51,34;,
  3;43,56,61;,
  3;56,43,39;,
  3;39,54,56;,
  3;54,39,40;,
  3;12,63,17;,
  3;63,12,67;,
  3;67,32,63;,
  3;32,67,69;,
  3;69,42,32;,
  3;71,72,25;,
  3;73,74,75;,
  3;74,73,76;,
  3;74,77,75;,
  3;77,74,78;,
  3;79,78,80;,
  3;78,79,77;,
  3;81,82,83;,
  3;82,84,85;,
  3;84,82,86;,
  3;87,88,89;,
  3;88,90,89;,
  3;90,88,91;,
  3;92,93,94;,
  3;92,89,93;,
  3;92,87,89;,
  3;89,95,93;,
  3;95,89,90;,
  3;96,93,82;,
  3;93,86,82;,
  3;86,93,95;,
  3;97,98,99;,
  3;98,97,100;,
  3;100,101,98;,
  3;101,100,102;,
  3;103,104,105;,
  3;104,103,106;,
  3;106,107,104;,
  3;107,106,108;,
  3;105,109,110;,
  3;109,105,104;,
  3;104,111,109;,
  3;111,104,107;,
  3;110,100,97;,
  3;100,110,109;,
  3;109,102,100;,
  3;102,109,111;,
  3;112,113,114;,
  3;113,112,115;,
  3;116,117,118;,
  3;117,116,119;,
  3;120,121,122;,
  3;121,120,123;,
  3;120,124,125;,
  3;124,120,122;,
  3;126,124,127;,
  3;124,126,125;,
  3;95,97,86;,
  3;97,95,110;,
  3;86,99,84;,
  3;99,86,97;,
  3;90,103,105;,
  3;103,90,91;,
  3;105,95,90;,
  3;95,105,110;,
  3;128,96,129;,
  3;96,128,94;,
  3;129,130,128;,
  3;130,129,131;,
  3;72,28,25;,
  3;28,72,132;,
  3;10,133,8;,
  3;134,135,136;,
  3;135,134,137;,
  3;81,137,134;,
  3;138,11,139;,
  3;138,9,11;,
  3;138,140,9;,
  3;141,11,142;,
  3;11,141,139;,
  3;128,130,143;,
  3;94,144,92;,
  3;94,143,144;,
  3;94,128,143;,
  3;145,87,146;,
  3;87,145,147;,
  3;75,148,73;,
  3;148,75,149;,
  3;150,147,145;,
  3;7,149,75;,
  3;148,151,73;,
  3;102,152,101;,
  3;152,102,126;,
  3;102,125,126;,
  3;125,102,111;,
  3;111,120,125;,
  3;120,111,107;,
  3;120,108,123;,
  3;108,120,107;,
  3;8,153,154;,
  3;153,8,133;,
  3;154,155,8;,
  3;155,154,156;,
  3;122,114,113;,
  3;114,122,121;,
  3;121,112,114;,
  3;112,121,157;,
  3;158,124,159;,
  3;124,158,127;,
  3;159,122,113;,
  3;122,159,124;,
  3;126,160,152;,
  3;160,126,161;,
  3;162,121,123;,
  3;121,162,163;,
  3;121,164,157;,
  3;164,121,163;,
  3;165,126,127;,
  3;126,165,161;,
  3;161,166,160;,
  3;166,161,167;,
  3;162,118,163;,
  3;118,162,116;,
  3;163,117,164;,
  3;117,163,118;,
  3;165,167,161;,
  3;167,165,168;,
  3;169,170,171;,
  3;170,169,172;,
  3;173,174,175;,
  3;174,173,176;,
  3;177,178,179;,
  3;178,177,173;,
  3;180,178,181;,
  3;178,180,182;,
  3;183,169,171;,
  3;169,183,184;,
  3;174,185,186;,
  3;185,174,176;,
  3;46,187,44;,
  3;187,46,188;,
  3;180,169,182;,
  3;169,180,172;,
  3;20,29,65;,
  3;19,29,20;,
  3;29,31,189;,
  3;31,190,189;,
  3;190,31,33;,
  3;33,191,190;,
  3;191,33,48;,
  3;191,50,192;,
  3;50,191,48;,
  3;192,53,193;,
  3;53,192,50;,
  3;194,171,185;,
  3;171,194,183;,
  3;171,186,185;,
  3;186,171,170;,
  3;185,176,194;,
  3;194,173,177;,
  3;173,194,176;,
  3;178,175,181;,
  3;175,178,173;,
  3;179,182,184;,
  3;182,179,178;,
  3;182,169,184;,
  3;16,17,19;,
  3;17,63,19;,
  3;65,195,66;,
  3;196,197,198;,
  3;197,196,199;,
  3;200,154,153;,
  3;154,200,201;,
  3;202,203,204;,
  3;205,206,207;,
  3;196,208,209;,
  3;208,196,198;,
  3;210,209,211;,
  3;209,210,196;,
  3;212,213,214;,
  3;213,212,215;,
  3;212,214,211;,
  3;201,216,217;,
  3;216,201,200;,
  3;218,219,220;,
  3;219,218,217;,
  3;210,199,196;,
  3;213,205,207;,
  3;221,222,223;,
  3;198,197,224;,
  3;224,225,226;,
  3;225,224,197;,
  3;227,213,207;,
  3;228,229,214;,
  3;229,228,230;,
  3;220,231,232;,
  3;213,228,214;,
  3;156,201,233;,
  3;201,156,154;,
  3;233,217,218;,
  3;217,233,201;,
  3;219,217,234;,
  3;235,219,234;,
  3;236,237,238;,
  3;237,236,239;,
  3;209,240,211;,
  3;240,209,241;,
  3;211,242,212;,
  3;242,211,240;,
  3;243,239,244;,
  3;239,243,237;,
  3;244,236,245;,
  3;236,244,239;,
  3;246,221,223;,
  3;221,246,215;,
  3;221,212,247;,
  3;212,221,215;,
  3;199,248,2;,
  3;248,199,249;,
  3;133,10,250;,
  3;249,210,251;,
  3;210,249,199;,
  3;210,211,251;,
  3;252,1,253;,
  3;1,252,2;,
  3;20,254,18;,
  3;254,20,64;,
  3;24,68,14;,
  3;68,24,255;,
  3;68,256,70;,
  3;256,68,255;,
  3;256,37,70;,
  3;37,256,257;,
  3;258,2,252;,
  3;2,258,199;,
  3;257,259,37;,
  3;37,259,35;,
  3;260,204,261;,
  3;204,260,202;,
  3;262,263,223;,
  3;263,262,264;,
  3;197,258,225;,
  3;258,197,199;,
  3;265,203,227;,
  3;265,207,266;,
  3;207,265,227;,
  3;223,267,246;,
  3;267,223,263;,
  3;88,87,147;,
  3;83,82,85;,
  3;78,16,18;,
  3;16,78,74;,
  3;74,15,16;,
  3;15,74,76;,
  3;15,71,13;,
  3;71,15,76;,
  3;13,268,23;,
  3;268,13,71;,
  3;248,269,2;,
  3;2,269,0;,
  3;136,129,134;,
  3;129,136,131;,
  3;134,96,81;,
  3;96,134,129;,
  3;96,82,81;,
  3;93,96,94;,
  3;29,189,65;,
  3;205,215,246;,
  3;267,205,246;,
  3;205,267,206;,
  3;205,213,215;,
  3;187,188,270;,
  3;224,271,272;,
  3;222,221,208;,
  3;224,222,198;,
  3;272,273,262;,
  3;273,272,271;,
  3;263,274,275;,
  3;273,276,262;,
  3;277,271,278;,
  3;271,277,273;,
  3;222,272,262;,
  3;272,222,224;,
  3;222,208,198;,
  3;209,221,247;,
  3;221,209,208;,
  3;223,222,262;,
  3;266,206,279;,
  3;206,266,207;,
  3;206,280,279;,
  3;280,206,267;,
  3;280,263,275;,
  3;263,280,267;,
  3;264,262,276;,
  3;76,73,72;,
  3;138,281,140;,
  3;73,132,72;,
  3;132,73,151;,
  3;72,71,76;,
  3;271,226,278;,
  3;155,11,8;,
