xof 0303txt 0032
template ColorRGBA {
 <35ff44e0-6c7c-11cf-8f52-0040333594a3>
 FLOAT red;
 FLOAT green;
 FLOAT blue;
 FLOAT alpha;
}

template ColorRGB {
 <d3e16e81-7835-11cf-8f52-0040333594a3>
 FLOAT red;
 FLOAT green;
 FLOAT blue;
}

template Material {
 <3d82ab4d-62da-11cf-ab39-0020af71e433>
 ColorRGBA faceColor;
 FLOAT power;
 ColorRGB specularColor;
 ColorRGB emissiveColor;
 [...]
}

template TextureFilename {
 <a42790e1-7810-11cf-8f52-0040333594a3>
 STRING filename;
}

template Frame {
 <3d82ab46-62da-11cf-ab39-0020af71e433>
 [...]
}

template Matrix4x4 {
 <f6f23f45-7686-11cf-8f52-0040333594a3>
 array FLOAT matrix[16];
}

template FrameTransformMatrix {
 <f6f23f41-7686-11cf-8f52-0040333594a3>
 Matrix4x4 frameMatrix;
}

template Vector {
 <3d82ab5e-62da-11cf-ab39-0020af71e433>
 FLOAT x;
 FLOAT y;
 FLOAT z;
}

template MeshFace {
 <3d82ab5f-62da-11cf-ab39-0020af71e433>
 DWORD nFaceVertexIndices;
 array DWORD faceVertexIndices[nFaceVertexIndices];
}

template Mesh {
 <3d82ab44-62da-11cf-ab39-0020af71e433>
 DWORD nVertices;
 array Vector vertices[nVertices];
 DWORD nFaces;
 array MeshFace faces[nFaces];
 [...]
}

template MeshMaterialList {
 <f6f23f42-7686-11cf-8f52-0040333594a3>
 DWORD nMaterials;
 DWORD nFaceIndexes;
 array DWORD faceIndexes[nFaceIndexes];
 [Material <3d82ab4d-62da-11cf-ab39-0020af71e433>]
}

template VertexElement {
 <f752461c-1e23-48f6-b9f8-8350850f336f>
 DWORD Type;
 DWORD Method;
 DWORD Usage;
 DWORD UsageIndex;
}

template DeclData {
 <bf22e553-292c-4781-9fea-62bd554bdd93>
 DWORD nElements;
 array VertexElement Elements[nElements];
 DWORD nDWords;
 array DWORD data[nDWords];
}

template XSkinMeshHeader {
 <3cf169ce-ff7c-44ab-93c0-f78f62d172e2>
 WORD nMaxSkinWeightsPerVertex;
 WORD nMaxSkinWeightsPerFace;
 WORD nBones;
}

template SkinWeights {
 <6f0d123b-bad2-4167-a0d0-80224f25fabb>
 STRING transformNodeName;
 DWORD nWeights;
 array DWORD vertexIndices[nWeights];
 array FLOAT weights[nWeights];
 Matrix4x4 matrixOffset;
}

template AnimTicksPerSecond {
 <9e415a43-7ba6-4a73-8743-b73d47e88476>
 DWORD AnimTicksPerSecond;
}

template Animation {
 <3d82ab4f-62da-11cf-ab39-0020af71e433>
 [...]
}

template AnimationSet {
 <3d82ab50-62da-11cf-ab39-0020af71e433>
 [Animation <3d82ab4f-62da-11cf-ab39-0020af71e433>]
}

template FloatKeys {
 <10dd46a9-775b-11cf-8f52-0040333594a3>
 DWORD nValues;
 array FLOAT values[nValues];
}

template TimedFloatKeys {
 <f406b180-7b3b-11cf-8f52-0040333594a3>
 DWORD time;
 FloatKeys tfkeys;
}

template AnimationKey {
 <10dd46a8-775b-11cf-8f52-0040333594a3>
 DWORD keyType;
 DWORD nKeys;
 array TimedFloatKeys keys[nKeys];
}


Material _03_-_Default {
 1.000000;1.000000;1.000000;1.000000;;
 9.999999;
 0.000000;0.000000;0.000000;;
 0.000000;0.000000;0.000000;;

 TextureFilename {
  "MaleBody_full.png";
 }
}

Frame Dummy01 {
 

 FrameTransformMatrix {
  1.000000,0.000000,0.000000,0.000000,0.000000,-0.000000,-1.000000,0.000000,0.000000,1.000000,-0.000000,0.000000,0.000000,0.000000,0.000000,1.000000;;
 }

 Frame Bip01 {
  

  FrameTransformMatrix {
   0.484443,0.819616,-0.305852,0.000000,0.122472,0.282633,0.951378,0.000000,0.866208,-0.498346,0.036540,0.000000,0.000000,-0.050407,0.508268,1.000000;;
  }

  Frame Bip01_Pelvis {
   

   FrameTransformMatrix {
    -0.000000,1.000000,-0.000001,0.000000,0.087154,0.000001,0.996195,0.000000,0.996195,-0.000000,-0.087154,0.000000,0.000000,0.000000,0.000000,1.000000;;
   }

   Frame Bip01_Spine {
    

    FrameTransformMatrix {
     0.998192,-0.005238,-0.059886,0.000000,-0.000001,0.996195,-0.087152,0.000000,0.060114,0.086994,0.994394,0.000000,0.051628,-0.000007,-0.000084,1.000000;;
    }

    Frame Bip01_Spine1 {
     

     FrameTransformMatrix {
      0.944325,-0.155506,0.289944,0.000000,0.115539,0.981865,0.150303,0.000000,-0.308059,-0.108435,0.945167,0.000000,0.106506,0.000009,-0.000080,1.000000;;
     }

     Frame Bip01_Neck {
      

      FrameTransformMatrix {
       0.903366,0.428870,0.000076,0.000000,-0.428870,0.903366,0.000342,0.000000,0.000078,-0.000341,1.000000,0.000000,0.130504,0.000000,0.004625,1.000000;;
      }

      Frame Bip01_Head {
       

       FrameTransformMatrix {
        0.503474,-0.610973,0.610922,0.000000,0.540344,0.774395,0.329151,0.000000,-0.674197,0.164389,0.720024,0.000000,0.033674,0.000000,0.000000,1.000000;;
       }

       Frame Bip01_HeadNub {
        

        FrameTransformMatrix {
         1.000000,-0.000000,0.000000,0.000000,0.000000,1.000000,0.000000,0.000000,0.000000,0.000000,1.000000,0.000000,0.169824,0.000000,0.000000,1.000000;;
        }
       }
      }

      Frame Bip01_L_Clavicle {
       

       FrameTransformMatrix {
        0.428870,0.903366,-0.000344,0.000000,0.903366,-0.428870,-0.000718,0.000000,-0.000796,-0.000003,-1.000000,0.000000,-0.014964,0.024498,-0.004632,1.000000;;
       }

       Frame Bip01_L_UpperArm {
        

        FrameTransformMatrix {
         0.255479,-0.912319,-0.320008,0.000000,0.628607,0.408226,-0.661971,0.000000,0.734564,-0.032039,0.677783,0.000000,0.087086,0.000000,0.000000,1.000000;;
        }

        Frame Bip01_L_Forearm {
         

         FrameTransformMatrix {
          0.823668,0.000000,-0.567072,0.000000,-0.000000,1.000000,0.000000,0.000000,0.567072,-0.000000,0.823668,0.000000,0.137062,0.000000,0.000000,1.000000;;
         }

         Frame Bip01_L_Hand {
          

          FrameTransformMatrix {
           0.971486,-0.212704,0.104747,0.000000,-0.102153,0.023181,0.994499,0.000000,-0.213962,-0.976842,0.000792,0.000000,0.137062,0.000000,0.000000,1.000000;;
          }

          Frame Bip01_L_Finger0 {
           

           FrameTransformMatrix {
            0.556874,-0.020367,0.830347,0.000000,0.558537,0.749101,-0.356210,0.000000,-0.614759,0.662144,0.428531,0.000000,0.057681,-0.023605,-0.000272,1.000000;;
           }

           Frame Bip01_L_Finger0Nub {
            

            FrameTransformMatrix {
             1.000000,-0.000000,-0.000000,0.000000,0.000000,1.000000,-0.000000,0.000000,0.000000,0.000000,1.000000,0.000000,0.029435,-0.000000,0.000000,1.000000;;
            }
           }
          }

          Frame Bip01_L_Finger1 {
           

           FrameTransformMatrix {
            -0.342274,-0.000748,0.939600,0.000000,0.000000,1.000000,0.000796,0.000000,-0.939600,0.000273,-0.342274,0.000000,0.084102,0.000000,-0.000000,1.000000;;
           }

           Frame Bip01_L_Finger1Nub {
            

            FrameTransformMatrix {
             1.000000,-0.000000,-0.000000,0.000000,0.000000,1.000000,0.000000,0.000000,-0.000000,-0.000000,1.000000,0.000000,0.047988,0.000000,0.000000,1.000000;;
            }
           }
          }
         }
        }
       }
      }

      Frame Bip01_R_Clavicle {
       

       FrameTransformMatrix {
        -0.428870,-0.903366,0.000344,0.000000,-0.903366,0.428870,0.000718,0.000000,-0.000796,-0.000003,-1.000000,0.000000,-0.028443,-0.003894,-0.004622,1.000000;;
       }

       Frame Bip01_R_UpperArm {
        

        FrameTransformMatrix {
         0.313047,0.948166,-0.054615,0.000000,-0.871946,0.309724,0.379185,0.000000,0.376446,-0.071082,0.923708,0.000000,0.087086,0.000000,0.000000,1.000000;;
        }

        Frame Bip01_R_Forearm {
         

         FrameTransformMatrix {
          0.811989,0.000000,-0.583672,0.000000,0.000000,1.000000,-0.000000,0.000000,0.583673,0.000000,0.811989,0.000000,0.137062,0.000000,0.000000,1.000000;;
         }

         Frame Bip01_R_Hand {
          

          FrameTransformMatrix {
           0.876605,0.385158,-0.288474,0.000000,-0.438815,0.393779,-0.807700,0.000000,-0.197497,0.834621,0.514202,0.000000,0.137062,0.000000,-0.000000,1.000000;;
          }

          Frame Bip01_R_Finger0 {
           

           FrameTransformMatrix {
            0.556874,0.020367,0.830347,0.000000,-0.558537,0.749101,0.356210,0.000000,-0.614759,-0.662144,0.428531,0.000000,0.057681,0.023605,-0.000272,1.000000;;
           }

           Frame Bip01_R_Finger0Nub {
            

            FrameTransformMatrix {
             -1.000000,-0.000000,0.000000,0.000000,0.000000,1.000000,0.000000,0.000000,-0.000000,0.000000,-1.000000,0.000000,0.029435,-0.000000,0.000000,1.000000;;
            }
           }
          }

          Frame Bip01_R_Finger1 {
           

           FrameTransformMatrix {
            -0.342274,0.000748,0.939600,0.000000,0.000000,1.000000,-0.000796,0.000000,-0.939600,-0.000273,-0.342274,0.000000,0.084102,-0.000000,-0.000000,1.000000;;
           }

           Frame Bip01_R_Finger1Nub {
            

            FrameTransformMatrix {
             -1.000000,-0.000000,0.000000,0.000000,-0.000000,1.000000,0.000000,0.000000,-0.000000,0.000000,-1.000000,0.000000,0.047988,0.000000,0.000000,1.000000;;
            }
           }
          }
         }
        }
       }
      }
     }

     Frame Bip01_BackPack {
      

      FrameTransformMatrix {
       0.180560,0.080500,-0.980264,0.000000,0.047560,0.994764,0.090451,0.000000,0.982413,-0.062954,0.175786,0.000000,0.063697,0.000003,-0.088855,1.000000;;
      }

      Frame Bip01_BackPackNub {
       

       FrameTransformMatrix {
        0.000796,0.000003,1.000000,0.000000,0.000000,-1.000000,0.000003,0.000000,1.000000,-0.000000,-0.000796,0.000000,0.053240,0.000000,-0.000000,1.000000;;
       }
      }
     }
    }

    Frame Bip01_L_Thigh {
     

     FrameTransformMatrix {
      -0.901014,0.078753,0.426582,0.000000,-0.142538,-0.982527,-0.119678,0.000000,0.409703,-0.168635,0.896496,0.000000,-0.051829,0.055015,0.001785,1.000000;;
     }

     Frame Bip01_L_Calf {
      

      FrameTransformMatrix {
       0.963707,-0.000000,-0.266961,0.000000,0.000000,1.000000,-0.000000,0.000000,0.266961,-0.000000,0.963707,0.000000,0.237500,0.000000,-0.000000,1.000000;;
      }

      Frame Bip01_L_Foot {
       

       FrameTransformMatrix {
        0.985542,0.146792,0.084616,0.000000,-0.159608,0.971922,0.172896,0.000000,-0.056861,-0.183901,0.981299,0.000000,0.206841,0.000000,0.000000,1.000000;;
       }

       Frame Bip01_L_Toe0 {
        

        FrameTransformMatrix {
         -0.000001,0.000000,1.000000,0.000000,-0.000000,1.000000,-0.000000,0.000000,-1.000000,-0.000000,-0.000001,0.000000,0.065373,0.000000,0.066450,1.000000;;
        }

        Frame Bip01_L_Toe0Nub {
         

         FrameTransformMatrix {
          -1.000000,-0.000000,-0.000000,0.000000,-0.000000,1.000000,0.000000,0.000000,-0.000000,0.000000,-1.000000,0.000000,0.006735,0.000000,0.000000,1.000000;;
         }
        }
       }
      }
     }
    }

    Frame Bip01_R_Thigh {
     

     FrameTransformMatrix {
      -0.875549,-0.110227,0.470387,0.000000,0.076524,-0.992975,-0.090249,0.000000,0.477030,-0.043021,0.877833,0.000000,-0.051251,-0.055015,-0.007823,1.000000;;
     }

     Frame Bip01_R_Calf {
      

      FrameTransformMatrix {
       0.926849,0.000000,-0.375436,0.000000,0.000000,1.000000,-0.000000,0.000000,0.375436,-0.000000,0.926848,0.000000,0.237500,0.000000,-0.000000,1.000000;;
      }

      Frame Bip01_R_Foot {
       

       FrameTransformMatrix {
        0.995184,-0.067413,0.071162,0.000000,0.004133,0.754179,0.656656,0.000000,-0.097936,-0.653199,0.750826,0.000000,0.206841,-0.000000,0.000000,1.000000;;
       }

       Frame Bip01_R_Toe0 {
        

        FrameTransformMatrix {
         -0.087158,0.000000,0.996194,0.000000,-0.000000,1.000000,-0.000000,0.000000,-0.996194,-0.000000,-0.087158,0.000000,0.065373,0.000000,0.066450,1.000000;;
        }

        Frame Bip01_R_Toe0Nub {
         

         FrameTransformMatrix {
          1.000000,-0.000000,-0.000000,0.000000,-0.000000,1.000000,0.000000,0.000000,-0.000000,0.000000,1.000000,0.000000,0.006735,0.000000,-0.000000,1.000000;;
         }
        }
       }
      }
     }
    }
   }

   Frame Bip01_DressFront {
    

    FrameTransformMatrix {
     -0.830864,-0.008445,0.556411,0.000000,-0.032673,0.998900,-0.033627,0.000000,-0.555515,-0.046119,-0.830227,0.000000,-0.043921,0.001406,0.061063,1.000000;;
    }

    Frame Bip01_DressFront02 {
     

     FrameTransformMatrix {
      0.946511,0.081243,0.312276,0.000000,-0.077173,0.996694,-0.025393,0.000000,-0.313307,-0.000065,0.949652,0.000000,0.183366,-0.000000,-0.000125,1.000000;;
     }

     Frame Bip01_DressFrontNub {
      

      FrameTransformMatrix {
       0.000796,0.000003,1.000000,0.000000,-0.000000,-1.000000,0.000003,0.000000,1.000000,-0.000000,-0.000796,0.000000,0.165302,-0.000000,0.000000,1.000000;;
      }
     }
    }
   }

   Frame Bip01_DressBack {
    

    FrameTransformMatrix {
     -0.830379,0.045218,0.555361,0.000000,-0.011735,0.995062,-0.098565,0.000000,-0.557076,-0.088363,-0.825748,0.000000,-0.047654,0.000012,-0.078304,1.000000;;
    }

    Frame Bip01_DressBack02 {
     

     FrameTransformMatrix {
      0.961427,0.000001,0.275061,0.000000,-0.000001,1.000000,-0.000000,0.000000,-0.275061,-0.000000,0.961427,0.000000,0.176189,-0.000000,-0.000105,1.000000;;
     }

     Frame Bip01_DressBackNub {
      

      FrameTransformMatrix {
       0.000796,0.000003,1.000000,0.000000,-0.000000,-1.000000,0.000003,0.000000,1.000000,-0.000000,-0.000796,0.000000,0.136508,-0.000000,0.000000,1.000000;;
      }
     }
    }
   }
  }

  Frame Bip01_Prop1 {
   

   FrameTransformMatrix {
    0.422404,-0.045727,-0.905254,0.000000,0.725946,-0.580963,0.368083,0.000000,-0.542750,-0.812645,-0.212206,0.000000,0.024908,-0.011984,-0.136265,1.000000;;
   }
  }

  Frame Bip01_Prop2 {
   

   FrameTransformMatrix {
    -0.073895,0.286878,0.955113,0.000000,0.997075,0.040017,0.065122,0.000000,-0.019538,0.957131,-0.288996,0.000000,0.109229,0.024051,0.111682,1.000000;;
   }
  }
 }
}

Frame Translation_Data {
 

 FrameTransformMatrix {
  1.000000,0.000000,0.000000,0.000000,0.000000,-0.000000,-1.000000,0.000000,0.000000,1.000000,-0.000000,0.000000,0.000000,0.000000,0.000000,1.000000;;
 }
}

Frame Body {
 

 FrameTransformMatrix {
  1.000000,0.000000,0.000000,0.000000,0.000000,1.000000,0.000000,0.000000,0.000000,0.000000,1.000000,0.000000,0.000000,0.000000,0.000000,1.000000;;
 }

 Mesh Body {
  617;
  0.100633;0.748353;-0.048539;,
  0.067470;0.732516;-0.056049;,
  0.059237;0.764938;-0.059455;,
  0.110671;0.730268;-0.037342;,
  0.113287;0.715080;-0.026364;,
  0.090534;0.671557;-0.030746;,
  0.078074;0.698083;-0.051504;,
  0.112665;0.690635;0.006679;,
  0.048702;0.800430;-0.039016;,
  0.085410;0.799512;0.007703;,
  0.087493;0.791505;-0.023362;,
  0.053516;0.801540;0.000377;,
  0.065756;0.567944;0.105111;,
  0.021250;0.580174;0.102052;,
  0.017866;0.570559;0.109813;,
  0.061130;0.576681;0.097230;,
  0.080239;0.561175;0.046735;,
  0.081126;0.540931;0.075050;,
  0.067789;0.547525;0.009385;,
  0.076653;0.510898;0.050129;,
  0.053907;0.497323;0.032376;,
  0.043624;0.662231;-0.056409;,
  0.040906;0.693768;-0.068397;,
  -0.017463;0.577465;0.083671;,
  -0.020603;0.566015;0.092960;,
  0.035192;0.684345;0.087317;,
  -0.009720;0.724657;0.055957;,
  -0.013310;0.682864;0.068478;,
  0.044514;0.729810;0.072821;,
  0.070245;0.472244;0.034371;,
  0.119837;0.377363;0.060893;,
  0.093744;0.379431;0.021266;,
  0.089749;0.471894;0.080605;,
  0.110076;0.285670;0.009043;,
  0.121922;0.283410;0.060547;,
  0.019409;0.467012;0.033811;,
  0.021972;0.358108;0.100701;,
  -0.023729;0.469974;0.130301;,
  0.041095;0.369464;0.028060;,
  0.058539;0.275398;0.077934;,
  0.070566;0.276171;0.037418;,
  0.098539;0.368206;0.121374;,
  0.064585;0.452467;0.133874;,
  0.096108;0.282667;0.092083;,
  0.125769;0.006965;0.097757;,
  0.068143;0.007520;0.115393;,
  0.089297;0.006945;0.071399;,
  0.097861;0.007494;0.133611;,
  0.108692;0.227287;0.036058;,
  0.130773;0.156659;0.081519;,
  0.113719;0.153823;0.044347;,
  0.127708;0.230931;0.074008;,
  0.128326;0.076894;0.090035;,
  0.122159;0.075194;0.055887;,
  0.063466;0.205476;0.045187;,
  0.059220;0.159011;0.094981;,
  0.044158;0.223133;0.094403;,
  0.077510;0.149042;0.057562;,
  0.088448;0.085543;0.097036;,
  0.097605;0.068215;0.069594;,
  0.117129;0.164749;0.116649;,
  0.110109;0.238909;0.119516;,
  0.110072;0.092318;0.106512;,
  0.081011;0.515125;0.090244;,
  0.020673;0.485952;0.006892;,
  0.019409;0.467012;0.033811;,
  0.010748;0.457442;0.028684;,
  0.059813;0.526868;0.139197;,
  0.004588;0.532525;0.138964;,
  0.057431;0.470892;0.141333;,
  0.005781;0.477775;0.143545;,
  0.028875;0.632320;0.094462;,
  0.071095;0.679066;0.086638;,
  0.088968;0.678609;0.075831;,
  0.084823;0.614926;0.041415;,
  0.105967;0.662922;0.028267;,
  0.068771;0.627279;0.087470;,
  0.089970;0.646292;-0.014506;,
  0.077286;0.601712;0.007917;,
  0.045711;0.644777;-0.043346;,
  0.035603;0.593315;-0.016603;,
  0.133882;0.725004;-0.038863;,
  0.154061;0.681109;-0.023665;,
  0.086065;0.732099;-0.015223;,
  0.121546;0.631202;0.020747;,
  0.100655;0.675198;0.002846;,
  0.164954;0.635531;-0.000642;,
  0.110290;0.745288;0.039101;,
  0.100655;0.675198;0.002846;,
  0.125400;0.700555;0.058616;,
  0.142237;0.647174;0.067712;,
  0.121546;0.631202;0.020747;,
  0.120409;0.749758;0.041561;,
  0.178864;0.706781;0.032034;,
  0.158179;0.749543;0.017316;,
  0.185551;0.651406;0.046457;,
  0.151236;0.737529;-0.017931;,
  0.166402;0.616699;-0.010031;,
  0.126217;0.550000;0.005787;,
  0.115488;0.608941;0.015424;,
  0.158334;0.557503;-0.010325;,
  0.131971;0.509917;0.003731;,
  0.154804;0.507323;-0.008156;,
  0.115488;0.608941;0.015424;,
  0.158584;0.550712;0.052965;,
  0.143073;0.609379;0.072167;,
  0.126217;0.550000;0.005787;,
  0.155922;0.508658;0.035291;,
  0.131971;0.509917;0.003731;,
  0.183031;0.556773;0.040328;,
  0.193756;0.617166;0.046938;,
  0.171683;0.505334;0.025605;,
  0.094678;0.437204;0.018209;,
  0.148255;0.448246;0.034465;,
  0.109236;0.448558;0.006250;,
  0.133556;0.437034;0.045840;,
  0.100401;0.441095;0.003308;,
  0.109208;0.426969;0.001480;,
  0.105410;0.433305;0.009635;,
  0.099227;0.434703;-0.006381;,
  0.138972;0.479864;0.042907;,
  0.127383;0.448985;-0.007664;,
  0.143901;0.442838;0.042082;,
  0.115054;0.480735;-0.000674;,
  0.158680;0.431958;0.034252;,
  0.172561;0.474560;0.026320;,
  0.148564;0.476204;-0.019762;,
  0.143215;0.438544;-0.013733;,
  0.112941;0.797153;-0.014481;,
  0.127362;0.784544;-0.037447;,
  0.087493;0.791505;-0.023362;,
  0.092410;0.776221;-0.042820;,
  0.085201;0.728967;0.071093;,
  0.066246;0.782521;-0.052795;,
  0.129058;0.758400;-0.046283;,
  0.110671;0.730268;-0.037342;,
  0.100633;0.748353;-0.048539;,
  0.122604;0.740273;-0.031574;,
  0.099489;0.769709;0.040194;,
  0.053416;0.765920;0.044738;,
  0.103774;0.771660;0.035741;,
  -0.002254;0.756804;0.030735;,
  0.011252;0.789825;-0.017577;,
  0.085410;0.799512;0.007703;,
  0.103774;0.771660;0.035741;,
  0.105025;0.724973;0.000018;,
  0.106271;0.760189;0.032295;,
  0.086065;0.732099;-0.015223;,
  0.099050;0.712411;0.047684;,
  0.105467;0.693871;0.019010;,
  0.113287;0.715080;-0.026364;,
  0.098187;0.722324;0.061104;,
  0.115054;0.480735;-0.000674;,
  0.075968;0.802029;-0.060864;,
  0.062619;0.817793;-0.052939;,
  0.020408;0.801863;-0.046651;,
  0.037645;0.827443;-0.056901;,
  0.143215;0.438544;-0.013733;,
  0.094678;0.437204;0.018209;,
  0.133556;0.437034;0.045840;,
  0.106482;0.459453;-0.001616;,
  0.110696;0.442452;-0.020700;,
  0.106482;0.459453;-0.001616;,
  0.117349;0.447045;0.005074;,
  0.130359;0.435867;-0.012578;,
  0.130359;0.435867;-0.012578;,
  0.100401;0.441095;0.003308;,
  0.099227;0.434703;-0.006381;,
  0.109208;0.426969;0.001480;,
  0.171878;0.027548;0.035611;,
  0.169720;0.005307;-0.018105;,
  0.164909;0.023987;-0.012886;,
  0.180264;0.005824;0.032671;,
  0.070838;0.040778;0.103992;,
  0.089297;0.006945;0.071399;,
  0.068143;0.007520;0.115393;,
  0.089659;0.031864;0.068226;,
  0.088448;0.085543;0.097036;,
  0.106389;0.043792;0.125486;,
  0.110072;0.092318;0.106512;,
  0.125769;0.006965;0.097757;,
  0.097861;0.007494;0.133611;,
  0.128313;0.041872;0.095852;,
  0.122159;0.075194;0.055887;,
  0.128326;0.076894;0.090035;,
  0.136027;0.021100;-0.018527;,
  0.134542;0.005466;-0.027724;,
  0.180264;0.005824;0.032671;,
  0.134542;0.005466;-0.027724;,
  0.041095;0.369464;0.028060;,
  0.070566;0.276171;0.037418;,
  0.063466;0.205476;0.045187;,
  0.077510;0.149042;0.057562;,
  0.097605;0.068215;0.069594;,
  0.097605;0.068215;0.069594;,
  -0.011331;0.461079;0.075621;,
  0.092512;0.793693;-0.088606;,
  0.076256;0.772703;-0.084212;,
  0.084969;0.773771;-0.091210;,
  0.072778;0.789846;-0.070776;,
  0.082961;0.821649;-0.098867;,
  0.073712;0.843802;-0.101358;,
  0.060912;0.825601;-0.222431;,
  0.042829;0.796362;-0.223303;,
  0.041075;0.826015;-0.226270;,
  0.080033;0.760672;-0.174817;,
  0.063454;0.753095;-0.175506;,
  0.074823;0.777237;-0.198926;,
  0.090150;0.777372;-0.111622;,
  0.096509;0.806359;-0.113717;,
  0.090073;0.805598;-0.096428;,
  0.095391;0.833914;-0.141345;,
  0.096476;0.815913;-0.157983;,
  0.087168;0.795668;-0.200589;,
  0.094508;0.821954;-0.194648;,
  0.093648;0.789136;-0.162164;,
  0.091891;0.850272;-0.139745;,
  0.079805;0.871509;-0.140778;,
  0.040212;0.880175;-0.137161;,
  0.072186;0.874393;-0.188589;,
  0.038844;0.882837;-0.186361;,
  0.095012;0.782984;-0.140351;,
  0.081843;0.760705;-0.106661;,
  0.081883;0.758486;-0.142547;,
  0.068885;0.741020;-0.086723;,
  0.049114;0.749221;-0.077318;,
  0.049994;0.729930;-0.085924;,
  0.069137;0.791427;-0.214373;,
  0.080963;0.823843;-0.213037;,
  0.088278;0.856523;-0.192425;,
  0.074454;0.852917;-0.211339;,
  0.056733;0.859721;-0.214111;,
  0.039333;0.861658;-0.215071;,
  0.042338;0.856965;-0.104434;,
  0.088278;0.856523;-0.192425;,
  0.074454;0.852917;-0.211339;,
  0.102672;0.806967;-0.116632;,
  0.105823;0.831209;-0.157469;,
  0.111284;0.833242;-0.136986;,
  0.099725;0.820113;-0.141264;,
  0.111284;0.833242;-0.136986;,
  0.102672;0.806967;-0.116632;,
  0.105823;0.831209;-0.157469;,
  0.096476;0.815913;-0.157983;,
  0.098292;0.801908;-0.137152;,
  0.096509;0.806359;-0.113717;,
  0.080674;0.765504;-0.163635;,
  0.098292;0.801908;-0.137152;,
  0.066246;0.782521;-0.052795;,
  0.075968;0.802029;-0.060864;,
  0.092410;0.776221;-0.042820;,
  0.082961;0.821649;-0.098867;,
  0.038856;0.743804;-0.078987;,
  0.039046;0.720571;-0.072021;,
  0.030107;0.543683;-0.012254;,
  -0.033681;0.529538;0.121648;,
  -0.036628;0.496096;0.128690;,
  -0.026852;0.453056;0.119013;,
  0.051805;0.770794;-0.083980;,
  -0.011331;0.461079;0.075621;,
  0.056733;0.859721;-0.214111;,
  0.039333;0.861658;-0.215071;,
  0.068429;0.746187;-0.118295;,
  0.060276;0.746519;-0.141858;,
  0.060880;0.743186;-0.132817;,
  0.043782;0.781725;-0.218320;,
  0.045287;0.762329;-0.201922;,
  0.061326;0.758832;-0.164015;,
  -0.014311;0.629795;0.075130;,
  0.092410;0.776221;-0.042820;,
  0.169720;0.005307;-0.018105;,
  0.060848;0.736586;-0.112132;,
  0.068099;0.744248;-0.111982;,
  0.060299;0.741538;-0.115493;,
  0.048399;0.737423;-0.133208;,
  0.048468;0.731347;-0.144334;,
  0.060101;0.738258;-0.120773;,
  0.048660;0.740488;-0.115657;,
  0.049207;0.732793;-0.111177;,
  0.046876;0.745519;-0.176196;,
  0.047092;0.746138;-0.166047;,
  0.106271;0.760189;0.032295;,
  0.048869;0.734114;-0.121790;,
  0.095394;0.735689;0.011418;,
  0.105025;0.724973;0.000018;,
  0.113287;0.715080;-0.026364;,
  0.091891;0.850272;-0.139745;,
  0.108692;0.227287;0.036058;,
  0.079303;0.148262;0.012285;,
  0.066253;0.223820;-0.001832;,
  0.113719;0.153823;0.044347;,
  0.110076;0.285670;0.009043;,
  0.068569;0.278992;-0.011621;,
  0.093744;0.379432;0.021266;,
  0.042766;0.368765;0.000509;,
  0.070245;0.472244;0.034371;,
  0.028209;0.455941;0.010053;,
  0.053907;0.497323;0.032376;,
  0.085618;0.075930;0.017186;,
  0.122159;0.075194;0.055887;,
  0.051695;0.155238;0.121180;,
  -0.010459;0.102508;0.110190;,
  0.060731;0.085902;0.128097;,
  -0.010798;0.175906;0.105552;,
  -0.006541;0.242418;0.093185;,
  0.043364;0.222500;0.109004;,
  -0.008238;0.308512;0.091801;,
  0.041426;0.271377;0.103615;,
  0.015807;0.356205;0.114203;,
  -0.021362;0.384826;0.109856;,
  -0.035751;0.469001;0.128955;,
  0.095394;0.735689;0.011418;,
  -0.027591;0.733207;-0.094739;,
  0.005238;0.725166;-0.078470;,
  -0.038425;0.712659;-0.091059;,
  0.007042;0.759569;-0.078812;,
  -0.044160;0.695863;-0.083953;,
  -0.008827;0.661384;-0.070970;,
  -0.054106;0.673561;-0.060835;,
  0.001548;0.689045;-0.079075;,
  -0.005138;0.795305;-0.059271;,
  -0.061539;0.782522;-0.045118;,
  -0.034119;0.791190;-0.031196;,
  -0.041896;0.776492;-0.069979;,
  -0.085129;0.566320;0.034261;,
  -0.055768;0.578877;0.064315;,
  -0.076287;0.574368;0.029898;,
  -0.058213;0.569740;0.074090;,
  -0.047675;0.559023;-0.015940;,
  -0.071338;0.539290;0.003459;,
  -0.010172;0.546213;-0.028814;,
  -0.049095;0.509663;-0.008710;,
  -0.020356;0.496524;-0.002494;,
  -0.017463;0.577465;0.083671;,
  -0.020603;0.566015;0.092960;,
  -0.058577;0.676694;0.043837;,
  -0.009720;0.724657;0.055957;,
  -0.060334;0.719076;0.030375;,
  -0.013310;0.682864;0.068478;,
  -0.031414;0.473951;-0.015262;,
  -0.073199;0.374816;-0.037251;,
  -0.078308;0.468953;0.000939;,
  -0.026861;0.382167;-0.044616;,
  -0.018740;0.287234;-0.067941;,
  -0.064115;0.281474;-0.041878;,
  0.004441;0.471771;0.021298;,
  -0.034467;0.356752;0.061271;,
  0.004640;0.374296;-0.001453;,
  -0.045643;0.469738;0.120012;,
  -0.033190;0.277010;0.016319;,
  -0.011859;0.279073;-0.019782;,
  -0.102176;0.360781;0.018951;,
  -0.099449;0.447112;0.054480;,
  -0.069569;0.280864;-0.001743;,
  -0.079382;0.006307;-0.018886;,
  -0.105372;0.010322;0.035341;,
  -0.118975;0.008548;0.003296;,
  -0.058733;0.008426;0.021040;,
  -0.033883;0.226797;-0.045039;,
  -0.077967;0.154734;-0.024885;,
  -0.074747;0.228916;-0.033177;,
  -0.039054;0.153242;-0.037699;,
  -0.075934;0.075700;-0.016156;,
  -0.044215;0.074390;-0.024904;,
  -0.008470;0.209348;-0.004368;,
  -0.039203;0.163820;0.036118;,
  -0.023761;0.151938;-0.002020;,
  -0.032279;0.229058;0.042015;,
  -0.065679;0.087616;0.020116;,
  -0.055087;0.069088;0.009507;,
  -0.094791;0.164297;0.008450;,
  -0.096448;0.238806;0.010131;,
  -0.082843;0.092631;0.005186;,
  -0.082500;0.513365;0.013467;,
  0.004441;0.471771;0.021298;,
  -0.106835;0.525074;0.060946;,
  -0.071492;0.531706;0.103240;,
  -0.103226;0.466913;0.064757;,
  -0.072001;0.475641;0.105315;,
  -0.055525;0.627210;0.051970;,
  -0.079726;0.666760;0.016704;,
  -0.082543;0.664615;-0.003698;,
  -0.042901;0.607192;-0.022889;,
  -0.072495;0.618725;0.016349;,
  -0.053882;0.649879;-0.045854;,
  -0.008019;0.638297;-0.059943;,
  -0.009663;0.596447;-0.035859;,
  -0.073127;0.698520;-0.104859;,
  -0.034498;0.710147;-0.069247;,
  -0.097712;0.656707;-0.090291;,
  -0.080925;0.614758;-0.031529;,
  -0.115831;0.614828;-0.065323;,
  -0.054845;0.656017;-0.048436;,
  -0.073679;0.730260;-0.027150;,
  -0.094740;0.688363;-0.006872;,
  -0.054845;0.656017;-0.048436;,
  -0.114547;0.636160;0.004374;,
  -0.080925;0.614758;-0.031529;,
  -0.083989;0.734766;-0.028502;,
  -0.137637;0.689353;-0.048856;,
  -0.112734;0.730126;-0.062657;,
  -0.149405;0.636151;-0.029249;,
  -0.095741;0.713424;-0.092106;,
  -0.114353;0.595202;-0.072264;,
  -0.080971;0.532519;-0.036624;,
  -0.106717;0.536768;-0.062441;,
  -0.073504;0.592557;-0.031957;,
  -0.088525;0.494677;-0.031566;,
  -0.103925;0.487862;-0.052565;,
  -0.073504;0.592557;-0.031957;,
  -0.126055;0.537907;-0.001807;,
  -0.080971;0.532519;-0.036624;,
  -0.116921;0.599068;0.013374;,
  -0.121397;0.489654;-0.014113;,
  -0.088525;0.494677;-0.031566;,
  -0.145539;0.541443;-0.021856;,
  -0.157615;0.601782;-0.026657;,
  -0.130444;0.488245;-0.026323;,
  -0.044593;0.441239;0.007917;,
  -0.094592;0.429282;-0.016859;,
  -0.086535;0.419654;0.000848;,
  -0.052276;0.451245;-0.010104;,
  -0.041272;0.448316;-0.006534;,
  -0.039455;0.433849;-0.014770;,
  -0.031778;0.446473;-0.013059;,
  -0.044740;0.437668;-0.005907;,
  -0.108108;0.457011;-0.002520;,
  -0.056111;0.451212;-0.032650;,
  -0.066820;0.480481;-0.017239;,
  -0.093773;0.423064;-0.008681;,
  -0.093802;0.411843;-0.025179;,
  -0.117856;0.448272;-0.038017;,
  -0.075384;0.473345;-0.054434;,
  -0.058084;0.439437;-0.048586;,
  -0.068337;0.775770;-0.079757;,
  -0.062118;0.762179;-0.105662;,
  -0.041896;0.776492;-0.069979;,
  -0.030794;0.761669;-0.087210;,
  -0.087369;0.711300;0.001231;,
  -0.005416;0.776078;-0.080016;,
  -0.053171;0.736575;-0.111884;,
  -0.038425;0.712659;-0.091059;,
  -0.055855;0.716322;-0.098208;,
  -0.027591;0.733207;-0.094739;,
  -0.084720;0.748685;-0.026530;,
  -0.085462;0.750186;-0.032632;,
  -0.054635;0.753158;0.005809;,
  -0.002254;0.756804;0.030735;,
  0.011252;0.789825;-0.017577;,
  -0.061539;0.782522;-0.045118;,
  -0.085462;0.750186;-0.032632;,
  -0.056210;0.705598;-0.058787;,
  -0.034498;0.710147;-0.069247;,
  -0.083219;0.738277;-0.036482;,
  -0.077456;0.694341;-0.023771;,
  -0.058299;0.677106;-0.047287;,
  -0.044160;0.695863;-0.083953;,
  -0.088163;0.703246;-0.014337;,
  -0.066820;0.480481;-0.017239;,
  0.013219;0.810273;-0.080816;,
  0.016197;0.823893;-0.067699;,
  0.020408;0.801863;-0.046651;,
  0.037645;0.827443;-0.056901;,
  -0.058084;0.439437;-0.048586;,
  -0.044593;0.441239;0.007917;,
  -0.086535;0.419654;0.000848;,
  -0.050806;0.464523;-0.013218;,
  -0.034360;0.455049;-0.030846;,
  -0.050806;0.464523;-0.013218;,
  -0.056209;0.447917;-0.016656;,
  -0.049087;0.440473;-0.039008;,
  -0.049087;0.440473;-0.039008;,
  -0.041272;0.448316;-0.006534;,
  -0.031778;0.446473;-0.013059;,
  -0.039455;0.433849;-0.014770;,
  -0.010872;0.024018;-0.056362;,
  0.041698;0.001872;-0.044931;,
  -0.006942;0.001829;-0.062926;,
  0.036014;0.020812;-0.042056;,
  -0.093358;0.043344;0.032424;,
  -0.058733;0.008426;0.021040;,
  -0.055287;0.033274;0.019690;,
  -0.105372;0.010322;0.035341;,
  -0.065679;0.087616;0.020116;,
  -0.109303;0.044262;-0.006046;,
  -0.082843;0.092631;0.005186;,
  -0.079382;0.006307;-0.018886;,
  -0.076763;0.040998;-0.023164;,
  -0.118975;0.008548;0.003296;,
  -0.044215;0.074390;-0.024904;,
  -0.075934;0.075700;-0.016156;,
  0.037275;0.019645;-0.012538;,
  0.045988;0.004115;-0.008784;,
  -0.006942;0.001829;-0.062926;,
  0.045988;0.004115;-0.008784;,
  0.004640;0.374296;-0.001453;,
  -0.011859;0.279073;-0.019782;,
  -0.008470;0.209348;-0.004368;,
  -0.023761;0.151938;-0.002020;,
  -0.055087;0.069088;0.009507;,
  -0.055087;0.069088;0.009507;,
  0.000469;0.788477;-0.086328;,
  0.019188;0.769469;-0.082799;,
  0.024171;0.796232;-0.086231;,
  0.010075;0.769528;-0.089356;,
  0.006285;0.817304;-0.096969;,
  0.012840;0.840353;-0.099851;,
  0.021626;0.823374;-0.221459;,
  0.041075;0.826015;-0.226270;,
  0.012329;0.756836;-0.173141;,
  0.014440;0.773815;-0.197431;,
  0.029602;0.751177;-0.174668;,
  0.003520;0.772464;-0.109478;,
  -0.006166;0.800541;-0.111175;,
  0.001160;0.800560;-0.094227;,
  -0.009529;0.827969;-0.138747;,
  -0.009394;0.809914;-0.155362;,
  0.000026;0.790731;-0.198432;,
  -0.003772;0.783616;-0.159752;,
  -0.009932;0.816036;-0.192063;,
  -0.007824;0.844622;-0.137277;,
  0.001722;0.867085;-0.138845;,
  0.040212;0.880175;-0.137161;,
  0.006599;0.870677;-0.186965;,
  0.038844;0.882837;-0.186361;,
  -0.003355;0.777410;-0.137916;,
  0.012332;0.754545;-0.140826;,
  0.013890;0.756854;-0.104979;,
  0.029955;0.738814;-0.085759;,
  0.017719;0.788514;-0.213100;,
  0.002390;0.819391;-0.211092;,
  -0.007542;0.851094;-0.190053;,
  0.005651;0.849018;-0.209636;,
  0.039333;0.861658;-0.215071;,
  0.022332;0.857772;-0.213260;,
  0.042338;0.856965;-0.104434;,
  -0.007542;0.851094;-0.190053;,
  0.005651;0.849018;-0.209636;,
  -0.012494;0.800442;-0.113781;,
  -0.020372;0.824059;-0.154345;,
  -0.012269;0.813767;-0.138491;,
  -0.025011;0.825520;-0.133612;,
  -0.025011;0.825520;-0.133612;,
  -0.012494;0.800442;-0.113781;,
  -0.020372;0.824059;-0.154345;,
  -0.009394;0.809914;-0.155362;,
  -0.008588;0.795852;-0.134506;,
  -0.006166;0.800541;-0.111175;,
  0.011699;0.761596;-0.161927;,
  -0.008588;0.795852;-0.134506;,
  -0.005416;0.776078;-0.080016;,
  0.013219;0.810273;-0.080816;,
  -0.030794;0.761669;-0.087210;,
  0.006285;0.817304;-0.096969;,
  -0.033681;0.529538;0.121648;,
  -0.036628;0.496096;0.128690;,
  -0.026852;0.453056;0.119013;,
  -0.011331;0.461079;0.075621;,
  0.022332;0.857772;-0.213260;,
  0.039333;0.861658;-0.215071;,
  0.028268;0.743912;-0.117301;,
  0.035159;0.745096;-0.141236;,
  0.035381;0.741741;-0.132186;,
  0.031634;0.757149;-0.163280;,
  -0.014311;0.629795;0.075130;,
  -0.030794;0.761669;-0.087210;,
  0.041698;0.001872;-0.044931;,
  0.029126;0.742040;-0.111017;,
  0.037179;0.735245;-0.111546;,
  0.036999;0.740218;-0.114916;,
  0.037305;0.736967;-0.120209;,
  -0.083219;0.738277;-0.036482;,
  -0.057472;0.717235;-0.045009;,
  -0.056210;0.705598;-0.058787;,
  -0.044160;0.695863;-0.083953;,
  -0.007824;0.844622;-0.137277;,
  0.014504;0.222918;-0.036746;,
  0.041154;0.145575;-0.013560;,
  0.004846;0.146152;-0.032356;,
  0.038351;0.223266;-0.018325;,
  0.014916;0.283303;-0.048860;,
  0.039947;0.278860;-0.027851;,
  0.015873;0.373280;-0.019575;,
  0.028933;0.364333;-0.007686;,
  0.013789;0.460396;-0.000058;,
  0.020496;0.448523;0.007704;,
  0.020673;0.485952;0.006892;,
  -0.020356;0.496524;-0.002494;,
  0.045249;0.079218;-0.012998;,
  0.003093;0.073638;-0.029589;,
  -0.051282;0.086081;0.067077;,
  -0.094791;0.164297;0.008450;,
  -0.082833;0.092632;0.005195;,
  -0.048305;0.161082;0.060332;,
  -0.096448;0.238806;0.010131;,
  -0.046236;0.226317;0.051933;,
  -0.041764;0.273875;0.049681;,
  -0.069569;0.280864;-0.001743;,
  -0.102176;0.360781;0.018951;,
  -0.040916;0.352445;0.076965;,
  -0.036628;0.496096;0.128690;,
  -0.072001;0.475641;0.105315;,
  -0.057472;0.717235;-0.045009;,
  -0.031414;0.473951;-0.015262;,
  -0.026861;0.382167;-0.044616;,
  -0.018740;0.287234;-0.067941;,
  -0.033883;0.226797;-0.045039;,
  -0.039054;0.153242;-0.037699;,
  -0.044215;0.074390;-0.024904;,
  0.098539;0.368206;0.121374;,
  0.005781;0.477775;0.143545;,
  0.064585;0.452467;0.133874;,
  0.096108;0.282667;0.092083;,
  0.110109;0.238909;0.119516;,
  0.117129;0.164749;0.116649;,
  0.110072;0.092318;0.106512;,
  -0.099449;0.447112;0.054480;;
  916;
  3;0,1,2;,
  3;1,0,3;,
  3;4,5,6;,
  3;5,4,7;,
  3;8,9,10;,
  3;9,8,11;,
  3;12,13,14;,
  3;13,12,15;,
  3;16,12,17;,
  3;12,16,15;,
  3;18,19,20;,
  3;19,18,16;,
  3;6,21,22;,
  3;21,6,5;,
  3;14,23,24;,
  3;23,14,13;,
  3;25,26,27;,
  3;26,25,28;,
  3;29,30,31;,
  3;30,29,32;,
  3;30,33,31;,
  3;33,30,34;,
  3;35,36,37;,
  3;36,35,38;,
  3;38,39,36;,
  3;39,38,40;,
  3;37,41,42;,
  3;41,37,36;,
  3;36,43,41;,
  3;43,36,39;,
  3;42,30,32;,
  3;30,42,41;,
  3;41,34,30;,
  3;34,41,43;,
  3;44,45,46;,
  3;45,44,47;,
  3;48,49,50;,
  3;49,48,51;,
  3;50,52,53;,
  3;52,50,49;,
  3;54,55,56;,
  3;55,54,57;,
  3;57,58,55;,
  3;58,57,59;,
  3;56,60,61;,
  3;60,56,55;,
  3;55,62,60;,
  3;62,55,58;,
  3;61,49,51;,
  3;49,61,60;,
  3;60,52,49;,
  3;52,60,62;,
  3;32,19,63;,
  3;19,32,29;,
  3;64,65,66;,
  3;65,64,20;,
  3;14,67,12;,
  3;67,14,68;,
  3;68,69,67;,
  3;69,68,70;,
  3;70,42,69;,
  3;42,70,37;,
  3;48,34,51;,
  3;34,48,33;,
  3;51,43,61;,
  3;43,51,34;,
  3;43,56,61;,
  3;56,43,39;,
  3;39,54,56;,
  3;54,39,40;,
  3;12,63,17;,
  3;63,12,67;,
  3;67,32,63;,
  3;32,67,69;,
  3;69,42,32;,
  3;71,72,25;,
  3;73,74,75;,
  3;74,73,76;,
  3;74,77,75;,
  3;77,74,78;,
  3;79,78,80;,
  3;78,79,77;,
  3;81,82,83;,
  3;82,84,85;,
  3;84,82,86;,
  3;87,88,89;,
  3;88,90,89;,
  3;90,88,91;,
  3;92,93,94;,
  3;92,89,93;,
  3;92,87,89;,
  3;89,95,93;,
  3;95,89,90;,
  3;96,93,82;,
  3;93,86,82;,
  3;86,93,95;,
  3;97,98,99;,
  3;98,97,100;,
  3;100,101,98;,
  3;101,100,102;,
  3;103,104,105;,
  3;104,103,106;,
  3;106,107,104;,
  3;107,106,108;,
  3;105,109,110;,
  3;109,105,104;,
  3;104,111,109;,
  3;111,104,107;,
  3;110,100,97;,
  3;100,110,109;,
  3;109,102,100;,
  3;102,109,111;,
  3;112,113,114;,
  3;113,112,115;,
  3;116,117,118;,
  3;117,116,119;,
  3;120,121,122;,
  3;121,120,123;,
  3;120,124,125;,
  3;124,120,122;,
  3;126,124,127;,
  3;124,126,125;,
  3;95,97,86;,
  3;97,95,110;,
  3;86,99,84;,
  3;99,86,97;,
  3;90,103,105;,
  3;103,90,91;,
  3;105,95,90;,
  3;95,105,110;,
  3;128,96,129;,
  3;96,128,94;,
  3;129,130,128;,
  3;130,129,131;,
  3;72,28,25;,
  3;28,72,132;,
  3;10,133,8;,
  3;134,135,136;,
  3;135,134,137;,
  3;81,137,134;,
  3;138,11,139;,
  3;138,9,11;,
  3;138,140,9;,
  3;141,11,142;,
  3;11,141,139;,
  3;128,130,143;,
  3;94,144,92;,
  3;94,143,144;,
  3;94,128,143;,
  3;145,87,146;,
  3;87,145,147;,
  3;75,148,73;,
  3;148,75,149;,
  3;150,147,145;,
  3;7,149,75;,
  3;148,151,73;,
  3;102,152,101;,
  3;152,102,126;,
  3;102,125,126;,
  3;125,102,111;,
  3;111,120,125;,
  3;120,111,107;,
  3;120,108,123;,
  3;108,120,107;,
  3;8,153,154;,
  3;153,8,133;,
  3;154,155,8;,
  3;155,154,156;,
  3;122,114,113;,
  3;114,122,121;,
  3;121,112,114;,
  3;112,121,157;,
  3;158,124,159;,
  3;124,158,127;,
  3;159,122,113;,
  3;122,159,124;,
  3;126,160,152;,
  3;160,126,161;,
  3;162,121,123;,
  3;121,162,163;,
  3;121,164,157;,
  3;164,121,163;,
  3;165,126,127;,
  3;126,165,161;,
  3;161,166,160;,
  3;166,161,167;,
  3;162,118,163;,
  3;118,162,116;,
  3;163,117,164;,
  3;117,163,118;,
  3;165,167,161;,
  3;167,165,168;,
  3;169,170,171;,
  3;170,169,172;,
  3;173,174,175;,
  3;174,173,176;,
  3;177,178,179;,
  3;178,177,173;,
  3;180,178,181;,
  3;178,180,182;,
  3;183,169,171;,
  3;169,183,184;,
  3;174,185,186;,
  3;185,174,176;,
  3;46,187,44;,
  3;187,46,188;,
  3;180,169,182;,
  3;169,180,172;,
  3;20,29,65;,
  3;19,29,20;,
  3;29,31,189;,
  3;31,190,189;,
  3;190,31,33;,
  3;33,191,190;,
  3;191,33,48;,
  3;191,50,192;,
  3;50,191,48;,
  3;192,53,193;,
  3;53,192,50;,
  3;194,171,185;,
  3;171,194,183;,
  3;171,186,185;,
  3;186,171,170;,
  3;185,176,194;,
  3;194,173,177;,
  3;173,194,176;,
  3;178,175,181;,
  3;175,178,173;,
  3;179,182,184;,
  3;182,179,178;,
  3;182,169,184;,
  3;16,17,19;,
  3;17,63,19;,
  3;65,195,66;,
  3;196,197,198;,
  3;197,196,199;,
  3;200,154,153;,
  3;154,200,201;,
  3;202,203,204;,
  3;205,206,207;,
  3;196,208,209;,
  3;208,196,198;,
  3;210,209,211;,
  3;209,210,196;,
  3;212,213,214;,
  3;213,212,215;,
  3;212,214,211;,
  3;201,216,217;,
  3;216,201,200;,
  3;218,219,220;,
  3;219,218,217;,
  3;210,199,196;,
  3;213,205,207;,
  3;221,222,223;,
  3;198,197,224;,
  3;224,225,226;,
  3;225,224,197;,
  3;227,213,207;,
  3;228,229,214;,
  3;229,228,230;,
  3;220,231,232;,
  3;213,228,214;,
  3;156,201,233;,
  3;201,156,154;,
  3;233,217,218;,
  3;217,233,201;,
  3;219,217,234;,
  3;235,219,234;,
  3;236,237,238;,
  3;237,236,239;,
  3;209,240,211;,
  3;240,209,241;,
  3;211,242,212;,
  3;242,211,240;,
  3;243,239,244;,
  3;239,243,237;,
  3;244,236,245;,
  3;236,244,239;,
  3;246,221,223;,
  3;221,246,215;,
  3;221,212,247;,
  3;212,221,215;,
  3;199,248,2;,
  3;248,199,249;,
  3;133,10,250;,
  3;249,210,251;,
  3;210,249,199;,
  3;210,211,251;,
  3;252,1,253;,
  3;1,252,2;,
  3;20,254,18;,
  3;254,20,64;,
  3;24,68,14;,
  3;68,24,255;,
  3;68,256,70;,
  3;256,68,255;,
  3;256,37,70;,
  3;37,256,257;,
  3;258,2,252;,
  3;2,258,199;,
  3;257,259,37;,
  3;37,259,35;,
  3;260,204,261;,
  3;204,260,202;,
  3;262,263,223;,
  3;263,262,264;,
  3;197,258,225;,
  3;258,197,199;,
  3;265,203,227;,
  3;265,207,266;,
  3;207,265,227;,
  3;223,267,246;,
  3;267,223,263;,
  3;88,87,147;,
  3;83,82,85;,
  3;78,16,18;,
  3;16,78,74;,
  3;74,15,16;,
  3;15,74,76;,
  3;15,71,13;,
  3;71,15,76;,
  3;13,268,23;,
  3;268,13,71;,
  3;248,269,2;,
  3;2,269,0;,
  3;136,129,134;,
  3;129,136,131;,
  3;134,96,81;,
  3;96,134,129;,
  3;96,82,81;,
  3;93,96,94;,
  3;29,189,65;,
  3;205,215,246;,
  3;267,205,246;,
  3;205,267,206;,
  3;205,213,215;,
  3;187,188,270;,
  3;224,271,272;,
  3;222,221,208;,
  3;224,222,198;,
  3;272,273,262;,
  3;273,272,271;,
  3;263,274,275;,
  3;273,276,262;,
  3;277,271,278;,
  3;271,277,273;,
  3;222,272,262;,
  3;272,222,224;,
  3;222,208,198;,
  3;209,221,247;,
  3;221,209,208;,
  3;223,222,262;,
  3;266,206,279;,
  3;206,266,207;,
  3;206,280,279;,
  3;280,206,267;,
  3;280,263,275;,
  3;263,280,267;,
  3;264,262,276;,
  3;76,73,72;,
  3;138,281,140;,
  3;73,132,72;,
  3;132,73,151;,
  3;72,71,76;,
  3;271,226,278;,
  3;155,11,8;,
  3;276,277,282;,
  3;277,276,273;,
  3;274,276,282;,
  3;276,274,264;,
  3;28,141,26;,
  3;141,28,139;,
  3;139,132,138;,
