xof 0303txt 0032
template ColorRGBA {
 <35ff44e0-6c7c-11cf-8f52-0040333594a3>
 FLOAT red;
 FLOAT green;
 FLOAT blue;
 FLOAT alpha;
}

template ColorRGB {
 <d3e16e81-7835-11cf-8f52-0040333594a3>
 FLOAT red;
 FLOAT green;
 FLOAT blue;
}

template Material {
 <3d82ab4d-62da-11cf-ab39-0020af71e433>
 ColorRGBA faceColor;
 FLOAT power;
 ColorRGB specularColor;
 ColorRGB emissiveColor;
 [...]
}

template TextureFilename {
 <a42790e1-7810-11cf-8f52-0040333594a3>
 STRING filename;
}

template Frame {
 <3d82ab46-62da-11cf-ab39-0020af71e433>
 [...]
}

template Matrix4x4 {
 <f6f23f45-7686-11cf-8f52-0040333594a3>
 array FLOAT matrix[16];
}

template FrameTransformMatrix {
 <f6f23f41-7686-11cf-8f52-0040333594a3>
 Matrix4x4 frameMatrix;
}

template Vector {
 <3d82ab5e-62da-11cf-ab39-0020af71e433>
 FLOAT x;
 FLOAT y;
 FLOAT z;
}

template MeshFace {
 <3d82ab5f-62da-11cf-ab39-0020af71e433>
 DWORD nFaceVertexIndices;
 array DWORD faceVertexIndices[nFaceVertexIndices];
}

template Mesh {
 <3d82ab44-62da-11cf-ab39-0020af71e433>
 DWORD nVertices;
 array Vector vertices[nVertices];
 DWORD nFaces;
 array MeshFace faces[nFaces];
 [...]
}

template MeshMaterialList {
 <f6f23f42-7686-11cf-8f52-0040333594a3>
 DWORD nMaterials;
 DWORD nFaceIndexes;
 array DWORD faceIndexes[nFaceIndexes];
 [Material <3d82ab4d-62da-11cf-ab39-0020af71e433>]
}

template VertexElement {
 <f752461c-1e23-48f6-b9f8-8350850f336f>
 DWORD Type;
 DWORD Method;
 DWORD Usage;
 DWORD UsageIndex;
}

template DeclData {
 <bf22e553-292c-4781-9fea-62bd554bdd93>
 DWORD nElements;
 array VertexElement Elements[nElements];
 DWORD nDWords;
 array DWORD data[nDWords];
}

template XSkinMeshHeader {
 <3cf169ce-ff7c-44ab-93c0-f78f62d172e2>
 WORD nMaxSkinWeightsPerVertex;
 WORD nMaxSkinWeightsPerFace;
 WORD nBones;
}

template SkinWeights {
 <6f0d123b-bad2-4167-a0d0-80224f25fabb>
 STRING transformNodeName;
 DWORD nWeights;
 array DWORD vertexIndices[nWeights];
 array FLOAT weights[nWeights];
 Matrix4x4 matrixOffset;
}

template AnimTicksPerSecond {
 <9e415a43-7ba6-4a73-8743-b73d47e88476>
 DWORD AnimTicksPerSecond;
}

template Animation {
 <3d82ab4f-62da-11cf-ab39-0020af71e433>
 [...]
}

template AnimationSet {
 <3d82ab50-62da-11cf-ab39-0020af71e433>
 [Animation <3d82ab4f-62da-11cf-ab39-0020af71e433>]
}

template FloatKeys {
 <10dd46a9-775b-11cf-8f52-0040333594a3>
 DWORD nValues;
 array FLOAT values[nValues];
}

template TimedFloatKeys {
 <f406b180-7b3b-11cf-8f52-0040333594a3>
 DWORD time;
 FloatKeys tfkeys;
}

template AnimationKey {
 <10dd46a8-775b-11cf-8f52-0040333594a3>
 DWORD keyType;
 DWORD nKeys;
 array TimedFloatKeys keys[nKeys];
}


Material _03_-_Default {
 1.000000;1.000000;1.000000;1.000000;;
 9.999999;
 0.000000;0.000000;0.000000;;
 0.000000;0.000000;0.000000;;

 TextureFilename {
  "MaleBody_full.png";
 }
}

Frame Dummy01 {
 

 FrameTransformMatrix {
  1.000000,0.000000,0.000000,0.000000,0.000000,-0.000000,-1.000000,0.000000,0.000000,1.000000,-0.000000,0.000000,0.000000,0.000000,0.000000,1.000000;;
 }

 Frame Bip01 {
  

  FrameTransformMatrix {
   -0.159459,0.965993,0.203546,0.000000,0.000767,-0.206063,0.978538,0.000000,0.987204,0.156193,0.032118,0.000000,0.016667,0.040005,0.503054,1.000000;;
  }

  Frame Bip01_Pelvis {
   

   FrameTransformMatrix {
    0.138045,0.989927,-0.031436,0.000000,-0.000001,0.031740,0.999496,0.000000,0.990426,-0.137975,0.004383,0.000000,0.000000,0.000000,0.000000,1.000000;;
   }

   Frame Bip01_Spine {
    

    FrameTransformMatrix {
     0.907878,0.105889,0.405643,0.000000,-0.113248,0.993549,-0.005893,0.000000,-0.403651,-0.040588,0.914013,0.000000,0.051147,0.001642,-0.007202,1.000000;;
    }

    Frame Bip01_Spine1 {
     

     FrameTransformMatrix {
      0.931887,-0.007692,0.362668,0.000000,0.041921,0.995360,-0.086608,0.000000,-0.360319,0.095912,0.927886,0.000000,0.106510,-0.000008,-0.000079,1.000000;;
     }

     Frame Bip01_Neck {
      

      FrameTransformMatrix {
       0.932585,0.000001,0.360951,0.000000,-0.000001,1.000000,-0.000000,0.000000,-0.360951,-0.000000,0.932585,0.000000,0.130514,0.000000,0.004627,1.000000;;
      }

      Frame Bip01_Head {
       

       FrameTransformMatrix {
        0.992158,0.098637,0.076763,0.000000,-0.106183,0.989165,0.101375,0.000000,-0.065932,-0.108731,0.991882,0.000000,0.033674,0.000000,0.000000,1.000000;;
       }

       Frame Bip01_HeadNub {
        

        FrameTransformMatrix {
         1.000000,0.000000,0.000000,0.000000,0.000000,1.000000,0.000000,0.000000,0.000000,0.000000,1.000000,0.000000,0.169824,0.000000,0.000000,1.000000;;
        }
       }
      }

      Frame Bip01_L_Clavicle {
       

       FrameTransformMatrix {
        -0.539944,0.815218,0.209474,0.000000,0.760025,0.579154,-0.294861,0.000000,-0.361694,-0.000003,-0.932297,0.000000,-0.024084,0.015715,0.004360,1.000000;;
       }

       Frame Bip01_L_UpperArm {
        

        FrameTransformMatrix {
         0.629570,-0.549453,-0.549311,0.000000,0.713245,0.689094,0.128183,0.000000,0.308097,-0.472494,0.825728,0.000000,0.087086,-0.000000,0.000000,1.000000;;
        }

        Frame Bip01_L_Forearm {
         

         FrameTransformMatrix {
          0.912278,-0.000000,-0.409572,0.000000,0.000000,1.000000,-0.000000,0.000000,0.409572,0.000000,0.912278,0.000000,0.137062,-0.000000,0.000000,1.000000;;
         }

         Frame Bip01_L_Hand {
          

          FrameTransformMatrix {
           0.993738,0.000000,0.111739,0.000000,-0.111739,0.000796,0.993737,0.000000,-0.000089,-1.000000,0.000791,0.000000,0.137062,0.000000,0.000000,1.000000;;
          }

          Frame Bip01_L_Finger0 {
           

           FrameTransformMatrix {
            0.809036,-0.397227,0.433210,0.000000,0.558537,0.749101,-0.356210,0.000000,-0.183022,0.530151,0.827916,0.000000,0.057681,-0.023605,-0.000272,1.000000;;
           }

           Frame Bip01_L_Finger0Nub {
            

            FrameTransformMatrix {
             1.000000,0.000000,0.000000,0.000000,0.000000,1.000000,-0.000000,0.000000,-0.000000,0.000000,1.000000,0.000000,0.029435,0.000000,0.000000,1.000000;;
            }
           }
          }

          Frame Bip01_L_Finger1 {
           

           FrameTransformMatrix {
            0.986952,-0.000128,0.161015,0.000000,0.000000,1.000000,0.000796,0.000000,-0.161015,-0.000786,0.986952,0.000000,0.084102,0.000000,-0.000000,1.000000;;
           }

           Frame Bip01_L_Finger1Nub {
            

            FrameTransformMatrix {
             1.000000,0.000000,0.000000,0.000000,0.000000,1.000000,-0.000000,0.000000,0.000000,-0.000000,1.000000,0.000000,0.047988,0.000000,0.000000,1.000000;;
            }
           }
          }
         }
        }
       }
      }

      Frame Bip01_R_Clavicle {
       

       FrameTransformMatrix {
        -0.024197,-0.998739,-0.043986,0.000000,-0.932157,0.006641,0.361994,0.000000,-0.361246,0.049761,-0.931142,0.000000,-0.024084,-0.015714,0.004360,1.000000;;
       }

       Frame Bip01_R_UpperArm {
        

        FrameTransformMatrix {
         0.321255,0.922540,-0.213813,0.000000,-0.929499,0.350375,0.115188,0.000000,0.181180,0.161734,0.970060,0.000000,0.087086,0.000000,0.000000,1.000000;;
        }

        Frame Bip01_R_Forearm {
         

         FrameTransformMatrix {
          0.305147,-0.000000,-0.952305,0.000000,0.000000,1.000000,0.000000,0.000000,0.952305,0.000000,0.305147,0.000000,0.137062,0.000000,0.000000,1.000000;;
         }

         Frame Bip01_R_Hand {
          

          FrameTransformMatrix {
           0.993879,0.091302,0.062190,0.000000,0.005244,0.523330,-0.852114,0.000000,-0.110346,0.847225,0.519648,0.000000,0.137062,0.000000,0.000000,1.000000;;
          }

          Frame Bip01_R_Finger0 {
           

           FrameTransformMatrix {
            0.417774,-0.116941,0.900994,0.000000,-0.558537,0.749101,0.356210,0.000000,-0.716591,-0.652054,0.247639,0.000000,0.057681,0.023605,-0.000272,1.000000;;
           }

           Frame Bip01_R_Finger0Nub {
            

            FrameTransformMatrix {
             -1.000000,0.000000,-0.000000,0.000000,-0.000000,1.000000,0.000000,0.000000,-0.000000,0.000000,-1.000000,0.000000,0.029435,0.000000,-0.000000,1.000000;;
            }
           }
          }

          Frame Bip01_R_Finger1 {
           

           FrameTransformMatrix {
            0.352436,0.000745,0.935835,0.000000,0.000000,1.000000,-0.000796,0.000000,-0.935836,0.000281,0.352436,0.000000,0.084102,-0.000000,0.000000,1.000000;;
           }

           Frame Bip01_R_Finger1Nub {
            

            FrameTransformMatrix {
             -1.000000,0.000000,-0.000000,0.000000,0.000000,1.000000,0.000000,0.000000,0.000000,-0.000000,-1.000000,0.000000,0.047988,0.000000,-0.000000,1.000000;;
            }
           }
          }
         }
        }
       }
      }
     }

     Frame Bip01_BackPack {
      

      FrameTransformMatrix {
       0.180560,0.080500,-0.980264,0.000000,0.047560,0.994764,0.090451,0.000000,0.982413,-0.062954,0.175786,0.000000,0.063697,0.000003,-0.088856,1.000000;;
      }

      Frame Bip01_BackPackNub {
       

       FrameTransformMatrix {
        0.000796,0.000003,1.000000,0.000000,-0.000000,-1.000000,0.000003,0.000000,1.000000,-0.000000,-0.000796,0.000000,0.053240,-0.000000,0.000000,1.000000;;
       }
      }
     }
    }

    Frame Bip01_L_Thigh {
     

     FrameTransformMatrix {
      -0.948071,0.042324,0.315230,0.000000,-0.135527,-0.950385,-0.280002,0.000000,0.287739,-0.308184,0.906768,0.000000,-0.037841,0.058987,0.025053,1.000000;;
     }

     Frame Bip01_L_Calf {
      

      FrameTransformMatrix {
       0.983663,0.000000,-0.180021,0.000000,-0.000000,1.000000,0.000000,0.000000,0.180021,0.000000,0.983663,0.000000,0.237500,0.000000,-0.000000,1.000000;;
      }

      Frame Bip01_L_Foot {
       

       FrameTransformMatrix {
        0.981135,-0.010511,0.193038,0.000000,0.029465,0.994986,-0.095582,0.000000,-0.191065,0.099467,0.976525,0.000000,0.206841,-0.000000,-0.000000,1.000000;;
       }

       Frame Bip01_L_Toe0 {
        

        FrameTransformMatrix {
         -0.288016,-0.243480,0.926156,0.000000,0.000005,0.967137,0.254255,0.000000,-0.957626,0.073234,-0.278550,0.000000,0.065373,-0.000000,0.066450,1.000000;;
        }

        Frame Bip01_L_Toe0Nub {
         

         FrameTransformMatrix {
          -1.000000,-0.000000,0.000000,0.000000,0.000000,1.000000,0.000000,0.000000,-0.000000,0.000000,-1.000000,0.000000,0.006735,0.000000,-0.000000,1.000000;;
         }
        }
       }
      }
     }
    }

    Frame Bip01_R_Thigh {
     

     FrameTransformMatrix {
      -0.925786,-0.001721,0.378044,0.000000,0.040032,-0.994814,0.093504,0.000000,0.375922,0.101698,0.921054,0.000000,-0.049536,-0.050751,0.029536,1.000000;;
     }

     Frame Bip01_R_Calf {
      

      FrameTransformMatrix {
       0.736814,-0.000000,-0.676096,0.000000,0.000000,1.000000,0.000000,0.000000,0.676096,-0.000000,0.736814,0.000000,0.237500,0.000000,-0.000000,1.000000;;
      }

      Frame Bip01_R_Foot {
       

       FrameTransformMatrix {
        0.960309,-0.040022,-0.276053,0.000000,-0.038781,0.960886,-0.274215,0.000000,0.276230,0.274037,0.921195,0.000000,0.206841,-0.000000,0.000000,1.000000;;
       }

       Frame Bip01_R_Toe0 {
        

        FrameTransformMatrix {
         -0.080637,-0.347477,0.934215,0.000000,-0.051522,0.937467,0.344240,0.000000,-0.995411,-0.020374,-0.093497,0.000000,0.065373,-0.000000,0.066450,1.000000;;
        }

        Frame Bip01_R_Toe0Nub {
         

         FrameTransformMatrix {
          1.000000,0.000000,0.000000,0.000000,0.000000,1.000000,0.000000,0.000000,0.000000,0.000000,1.000000,0.000000,0.006735,0.000000,0.000000,1.000000;;
         }
        }
       }
      }
     }
    }
   }

   Frame Bip01_DressFront {
    

    FrameTransformMatrix {
     -0.996044,-0.077961,-0.042638,0.000000,-0.072626,0.990720,-0.114889,0.000000,0.051199,-0.111338,-0.992463,0.000000,-0.044009,0.001416,0.061086,1.000000;;
    }

    Frame Bip01_DressFront02 {
     

     FrameTransformMatrix {
      0.963361,-0.042375,0.264841,0.000000,0.040868,0.999102,0.011200,0.000000,-0.265078,0.000034,0.964227,0.000000,0.183359,-0.000000,-0.000127,1.000000;;
     }

     Frame Bip01_DressFrontNub {
      

      FrameTransformMatrix {
       0.000796,0.000003,1.000000,0.000000,0.000000,-1.000000,0.000003,0.000000,1.000000,0.000000,-0.000796,0.000000,0.165302,0.000000,-0.000000,1.000000;;
      }
     }
    }
   }

   Frame Bip01_DressBack {
    

    FrameTransformMatrix {
     -0.993656,-0.000001,-0.112465,0.000000,-0.000001,1.000000,-0.000001,0.000000,0.112465,-0.000001,-0.993656,0.000000,-0.047748,0.000000,-0.078280,1.000000;;
    }

    Frame Bip01_DressBack02 {
     

     FrameTransformMatrix {
      0.966499,-0.158749,0.201691,0.000000,0.216460,0.926396,-0.308115,0.000000,-0.137933,0.341451,0.929724,0.000000,0.176174,-0.000037,-0.000101,1.000000;;
     }

     Frame Bip01_DressBackNub {
      

      FrameTransformMatrix {
       0.000796,0.000003,1.000000,0.000000,0.000000,-1.000000,0.000003,0.000000,1.000000,-0.000000,-0.000796,0.000000,0.136508,0.000000,0.000000,1.000000;;
      }
     }
    }
   }
  }

  Frame Bip01_Prop1 {
   

   FrameTransformMatrix {
    0.422404,-0.045727,-0.905253,0.000000,0.725946,-0.580963,0.368083,0.000000,-0.542750,-0.812645,-0.212206,0.000000,0.130698,-0.008482,-0.129965,1.000000;;
   }
  }

  Frame Bip01_Prop2 {
   

   FrameTransformMatrix {
    -0.073895,0.286878,0.955113,0.000000,0.997075,0.040017,0.065122,0.000000,-0.019538,0.957131,-0.288996,0.000000,0.059434,-0.085443,0.148517,1.000000;;
   }
  }
 }
}

Frame Translation_Data {
 

 FrameTransformMatrix {
  1.000000,0.000000,0.000000,0.000000,0.000000,-0.000000,-1.000000,0.000000,0.000000,1.000000,-0.000000,0.000000,0.000000,0.000000,0.000000,1.000000;;
 }
}

Frame Body {
 

 FrameTransformMatrix {
  1.000000,0.000000,0.000000,0.000000,0.000000,1.000000,0.000000,0.000000,0.000000,0.000000,1.000000,0.000000,0.000000,0.000000,0.000000,1.000000;;
 }

 Mesh Body {
  617;
  0.072839;0.705767;-0.153399;,
  0.040593;0.709818;-0.158725;,
  0.034296;0.742735;-0.163925;,
  0.078475;0.689914;-0.145777;,
  0.093423;0.688258;-0.147382;,
  0.063643;0.650165;-0.138029;,
  0.049382;0.674991;-0.153387;,
  0.102308;0.669497;-0.117982;,
  0.035898;0.782119;-0.147778;,
  0.086825;0.775534;-0.113696;,
  0.080300;0.751337;-0.128524;,
  0.056679;0.785997;-0.113107;,
  0.102270;0.554898;-0.010645;,
  0.065500;0.562226;0.014150;,
  0.065483;0.545976;0.019181;,
  0.095166;0.565868;-0.012338;,
  0.081203;0.565996;-0.065788;,
  0.097717;0.542393;-0.051785;,
  0.049149;0.560179;-0.091380;,
  0.079071;0.519534;-0.080935;,
  0.050804;0.509649;-0.086287;,
  0.009432;0.644897;-0.138120;,
  0.008342;0.673920;-0.153183;,
  0.023226;0.558407;0.020499;,
  0.024202;0.539085;0.024918;,
  0.074773;0.680153;-0.015038;,
  0.020092;0.724241;-0.025004;,
  0.023538;0.683708;-0.005944;,
  0.076320;0.723570;-0.035291;,
  0.055340;0.465345;-0.086272;,
  0.101254;0.362468;-0.073993;,
  0.054595;0.365191;-0.082415;,
  0.101318;0.463833;-0.065936;,
  0.051293;0.271029;-0.079185;,
  0.097148;0.270981;-0.052584;,
  0.018680;0.467735;-0.043067;,
  0.063539;0.370155;0.026264;,
  0.042083;0.437719;0.019139;,
  0.023556;0.367873;-0.038293;,
  0.066936;0.277730;0.006025;,
  0.045096;0.272397;-0.029925;,
  0.130937;0.365827;-0.016521;,
  0.118612;0.446717;-0.009072;,
  0.103110;0.278376;-0.012828;,
  0.107571;0.000034;-0.001371;,
  0.098595;0.000808;0.058219;,
  0.068047;0.000367;0.020141;,
  0.127860;0.000512;0.039283;,
  0.064894;0.217268;-0.050027;,
  0.106443;0.145740;-0.023570;,
  0.067329;0.144588;-0.035792;,
  0.105969;0.218876;-0.038832;,
  0.103240;0.068755;-0.004287;,
  0.072017;0.067241;-0.019689;,
  0.039391;0.204759;-0.007629;,
  0.068902;0.162075;0.036683;,
  0.064578;0.227801;0.036432;,
  0.052490;0.147266;0.000002;,
  0.085664;0.082573;0.030634;,
  0.070470;0.061599;0.011712;,
  0.124081;0.157733;0.008536;,
  0.128629;0.231943;0.003123;,
  0.106575;0.086673;0.018383;,
  0.106042;0.513697;-0.049783;,
  0.008900;0.500197;-0.092450;,
  0.018680;0.467735;-0.043067;,
  0.012856;0.464911;-0.081251;,
  0.116380;0.504942;0.003133;,
  0.070775;0.498870;0.034201;,
  0.116963;0.458073;-0.003979;,
  0.077863;0.458997;0.028517;,
  0.070918;0.627712;0.000694;,
  0.104361;0.670154;-0.033200;,
  0.113813;0.666502;-0.051384;,
  0.085108;0.604097;-0.071430;,
  0.101652;0.645227;-0.097965;,
  0.099257;0.618839;-0.026495;,
  0.063891;0.627784;-0.123514;,
  0.058670;0.591088;-0.093190;,
  0.007884;0.630790;-0.125040;,
  0.009730;0.586240;-0.089306;,
  0.123900;0.672239;-0.140501;,
  0.141910;0.625500;-0.133009;,
  0.070191;0.671688;-0.137235;,
  0.101675;0.561658;-0.124320;,
  0.083580;0.611816;-0.133593;,
  0.149003;0.572659;-0.123821;,
  0.069853;0.665536;-0.076623;,
  0.083580;0.611816;-0.133593;,
  0.081668;0.616633;-0.067725;,
  0.099636;0.565209;-0.070016;,
  0.101675;0.561658;-0.124320;,
  0.077618;0.668774;-0.069029;,
  0.140040;0.630637;-0.067080;,
  0.121522;0.676154;-0.074716;,
  0.146828;0.576111;-0.069464;,
  0.130194;0.676762;-0.111585;,
  0.157517;0.553557;-0.134036;,
  0.124630;0.482313;-0.146546;,
  0.102370;0.537463;-0.134500;,
  0.159058;0.495032;-0.145943;,
  0.136401;0.442815;-0.151702;,
  0.162263;0.445330;-0.152404;,
  0.102370;0.537463;-0.134500;,
  0.134043;0.476557;-0.090402;,
  0.103595;0.529093;-0.072102;,
  0.124630;0.482313;-0.146546;,
  0.144578;0.437653;-0.113267;,
  0.136401;0.442815;-0.151702;,
  0.160351;0.486651;-0.090227;,
  0.158445;0.545130;-0.071494;,
  0.163673;0.438262;-0.115300;,
  0.173701;0.316820;-0.183077;,
  0.148614;0.332103;-0.134150;,
  0.154259;0.327019;-0.181700;,
  0.167793;0.322117;-0.136044;,
  0.145416;0.365515;-0.192833;,
  0.160790;0.359716;-0.189600;,
  0.150360;0.357205;-0.187150;,
  0.154171;0.367777;-0.200204;,
  0.136130;0.402960;-0.119638;,
  0.158495;0.386502;-0.173249;,
  0.153605;0.370143;-0.123311;,
  0.134092;0.410845;-0.168687;,
  0.173082;0.365939;-0.124353;,
  0.173066;0.411016;-0.118143;,
  0.171740;0.420334;-0.169265;,
  0.177960;0.382440;-0.172197;,
  0.110647;0.732432;-0.114983;,
  0.114588;0.713230;-0.137493;,
  0.080300;0.751337;-0.128524;,
  0.078665;0.731502;-0.146898;,
  0.111418;0.717055;-0.054923;,
  0.044612;0.760469;-0.164397;,
  0.101938;0.691260;-0.144502;,
  0.078475;0.689914;-0.145777;,
  0.072839;0.705767;-0.153399;,
  0.092826;0.678742;-0.132296;,
  0.106434;0.746396;-0.087458;,
  0.072114;0.755933;-0.067341;,
  0.108099;0.746447;-0.092681;,
  0.015105;0.752988;-0.056404;,
  0.009995;0.778220;-0.110663;,
  0.086825;0.775534;-0.113696;,
  0.108099;0.746447;-0.092681;,
  0.090486;0.696945;-0.117113;,
  0.105969;0.731173;-0.092441;,
  0.070191;0.671688;-0.137235;,
  0.111275;0.696674;-0.079173;,
  0.101942;0.674844;-0.104414;,
  0.093423;0.688258;-0.147382;,
  0.117654;0.707810;-0.068508;,
  0.134092;0.410845;-0.168687;,
  0.039654;0.776328;-0.186408;,
  0.032136;0.795646;-0.176663;,
  0.007284;0.786049;-0.143248;,
  0.006815;0.804953;-0.172551;,
  0.177960;0.382440;-0.172197;,
  0.173701;0.316820;-0.183077;,
  0.167793;0.322117;-0.136044;,
  0.137728;0.382721;-0.186270;,
  0.161367;0.385943;-0.196356;,
  0.137728;0.382721;-0.186270;,
  0.148705;0.372613;-0.176568;,
  0.171842;0.380970;-0.177343;,
  0.171842;0.380970;-0.177343;,
  0.145416;0.365515;-0.192833;,
  0.154171;0.367777;-0.200204;,
  0.160790;0.359716;-0.189600;,
  0.071588;0.020715;-0.069850;,
  0.022041;-0.001205;-0.091046;,
  0.024812;0.017470;-0.084500;,
  0.072394;-0.001038;-0.078628;,
  0.089728;0.034115;0.050781;,
  0.068047;0.000367;0.020141;,
  0.098595;0.000808;0.058219;,
  0.065531;0.025301;0.018381;,
  0.085664;0.082573;0.030634;,
  0.124489;0.036809;0.027991;,
  0.106575;0.086673;0.018383;,
  0.107571;0.000034;-0.001371;,
  0.127860;0.000512;0.039283;,
  0.107215;0.034937;-0.004576;,
  0.072017;0.067241;-0.019689;,
  0.103240;0.068755;-0.004287;,
  0.007229;0.014777;-0.060880;,
  -0.001825;-0.000796;-0.063472;,
  0.072394;-0.001038;-0.078628;,
  -0.001825;-0.000796;-0.063472;,
  0.023556;0.367873;-0.038293;,
  0.045096;0.272397;-0.029925;,
  0.039391;0.204759;-0.007629;,
  0.052490;0.147266;0.000002;,
  0.070470;0.061599;0.011712;,
  0.070470;0.061599;0.011712;,
  0.021268;0.449086;-0.032439;,
  0.049025;0.757315;-0.200419;,
  0.029214;0.739153;-0.199073;,
  0.038030;0.739750;-0.205998;,
  0.030531;0.760225;-0.191899;,
  0.044755;0.787810;-0.205887;,
  0.039676;0.811371;-0.204617;,
  0.024721;0.815438;-0.326739;,
  0.001664;0.790443;-0.331866;,
  0.005314;0.820015;-0.330033;,
  0.031445;0.741345;-0.290498;,
  0.013777;0.737075;-0.292027;,
  0.029494;0.762227;-0.311542;,
  0.043931;0.745594;-0.225684;,
  0.055433;0.772923;-0.223272;,
  0.048834;0.770564;-0.206190;,
  0.059517;0.804304;-0.246128;,
  0.057461;0.789309;-0.265440;,
  0.044975;0.778170;-0.310515;,
  0.056894;0.801412;-0.300624;,
  0.049878;0.764498;-0.273770;,
  0.059015;0.820552;-0.241868;,
  0.050969;0.843499;-0.239243;,
  0.013565;0.858431;-0.233438;,
  0.044359;0.855340;-0.285809;,
  0.013073;0.869158;-0.281545;,
  0.049943;0.754780;-0.253250;,
  0.032714;0.730110;-0.223262;,
  0.032625;0.733711;-0.259036;,
  0.016264;0.710127;-0.206438;,
  -0.001773;0.720123;-0.195422;,
  -0.004324;0.702623;-0.207008;,
  0.026580;0.779501;-0.324406;,
  0.044053;0.808627;-0.318180;,
  0.056990;0.835725;-0.292789;,
  0.042886;0.837741;-0.311733;,
  0.026706;0.847969;-0.313003;,
  0.009949;0.853124;-0.313266;,
  0.011217;0.830268;-0.204879;,
  0.056990;0.835725;-0.292789;,
  0.042886;0.837741;-0.311733;,
  0.061626;0.772876;-0.226185;,
  0.069412;0.802396;-0.262699;,
  0.074994;0.800102;-0.242276;,
  0.061288;0.790118;-0.248340;,
  0.074994;0.800102;-0.242276;,
  0.061626;0.772876;-0.226185;,
  0.069412;0.802396;-0.262699;,
  0.057461;0.789309;-0.265440;,
  0.056561;0.772046;-0.247150;,
  0.055433;0.772923;-0.223272;,
  0.032863;0.744124;-0.278706;,
  0.056561;0.772046;-0.247150;,
  0.044612;0.760469;-0.164397;,
  0.039654;0.776328;-0.186408;,
  0.078665;0.731502;-0.146898;,
  0.044755;0.787810;-0.205887;,
  0.006035;0.721968;-0.169539;,
  0.007267;0.700148;-0.159960;,
  0.005806;0.556215;-0.088408;,
  0.029409;0.493607;0.040060;,
  0.030728;0.459787;0.034482;,
  0.040712;0.449917;0.037102;,
  0.002128;0.735405;-0.190816;,
  0.021268;0.449086;-0.032439;,
  0.026706;0.847969;-0.313003;,
  0.009949;0.853124;-0.313266;,
  0.016988;0.720293;-0.236767;,
  0.009208;0.725861;-0.259795;,
  0.009132;0.721065;-0.251416;,
  -0.000079;0.775266;-0.329299;,
  -0.002225;0.753537;-0.316236;,
  0.012632;0.741180;-0.279725;,
  0.024211;0.628851;0.009105;,
  0.078665;0.731502;-0.146898;,
  0.022041;-0.001205;-0.091046;,
  0.007752;0.711344;-0.232049;,
  0.016265;0.717457;-0.230838;,
  0.008131;0.716789;-0.234566;,
  -0.004181;0.717773;-0.252450;,
  -0.005126;0.713650;-0.264400;,
  0.007385;0.714489;-0.240296;,
  -0.003505;0.717884;-0.234644;,
  -0.004390;0.709598;-0.231460;,
  -0.003891;0.732806;-0.293556;,
  -0.003644;0.731738;-0.283445;,
  0.105969;0.731173;-0.092441;,
  -0.004403;0.712644;-0.241717;,
  0.087751;0.709596;-0.105921;,
  0.090486;0.696945;-0.117113;,
  0.093423;0.688258;-0.147382;,
  0.059015;0.820552;-0.241868;,
  0.064894;0.217268;-0.050027;,
  0.032808;0.151790;-0.044756;,
  0.022591;0.226868;-0.062204;,
  0.067329;0.144588;-0.035792;,
  0.051293;0.271029;-0.079185;,
  0.021946;0.278178;-0.078799;,
  0.054595;0.365191;-0.082415;,
  0.012761;0.371422;-0.076382;,
  0.055340;0.465345;-0.086272;,
  0.010019;0.460106;-0.081783;,
  0.050804;0.509649;-0.086287;,
  0.032649;0.080410;-0.030965;,
  0.072017;0.067241;-0.019689;,
  0.083437;0.155289;0.058909;,
  0.042584;0.096372;0.117384;,
  0.087988;0.085964;0.069167;,
  0.043388;0.164366;0.091787;,
  0.040807;0.225411;0.060525;,
  0.074778;0.227949;0.046927;,
  0.043539;0.279689;0.038879;,
  0.074166;0.279483;0.036351;,
  0.069222;0.371349;0.040055;,
  0.037455;0.365079;0.043864;,
  0.032772;0.432285;0.036352;,
  0.087751;0.709596;-0.105921;,
  -0.062377;0.720109;-0.154424;,
  -0.025709;0.708561;-0.153065;,
  -0.072158;0.701736;-0.143608;,
  -0.021627;0.741675;-0.159151;,
  -0.075501;0.686023;-0.134028;,
  -0.043744;0.649771;-0.127267;,
  -0.077936;0.668836;-0.099919;,
  -0.032149;0.673445;-0.146426;,
  -0.021951;0.781022;-0.142839;,
  -0.067172;0.777931;-0.104604;,
  -0.036687;0.784227;-0.105136;,
  -0.059714;0.767664;-0.132289;,
  -0.062217;0.544369;0.014289;,
  -0.019198;0.558755;0.027019;,
  -0.055954;0.559674;0.010622;,
  -0.017454;0.540668;0.031754;,
  -0.059465;0.560230;-0.044416;,
  -0.068490;0.531755;-0.026590;,
  -0.036585;0.556665;-0.078355;,
  -0.057081;0.511212;-0.060035;,
  -0.030154;0.504467;-0.074015;,
  0.023226;0.558407;0.020499;,
  0.024202;0.539085;0.024918;,
  -0.028479;0.681794;-0.002731;,
  0.020092;0.724241;-0.025004;,
  -0.036999;0.723155;-0.023935;,
  0.023538;0.683708;-0.005944;,
  -0.042545;0.460224;-0.075251;,
  -0.087407;0.359432;-0.046883;,
  -0.074577;0.458164;-0.035997;,
  -0.050816;0.361026;-0.077116;,
  -0.053891;0.256720;-0.078537;,
  -0.080248;0.266615;-0.035883;,
  0.007374;0.458440;-0.055258;,
  -0.004928;0.357233;0.021857;,
  -0.002032;0.358796;-0.054041;,
  0.018193;0.436190;0.022760;,
  -0.024488;0.275947;-0.003592;,
  -0.023872;0.263319;-0.041778;,
  -0.084753;0.359133;0.017833;,
  -0.064648;0.437807;0.021595;,
  -0.065120;0.279359;-0.002304;,
  -0.063425;0.082690;0.162045;,
  -0.010680;0.108402;0.175790;,
  -0.043448;0.117292;0.183684;,
  -0.022395;0.068528;0.150175;,
  -0.053499;0.212077;-0.022527;,
  -0.078564;0.171817;0.050229;,
  -0.082950;0.229450;0.002887;,
  -0.051303;0.154981;0.024656;,
  -0.068173;0.112959;0.101330;,
  -0.053307;0.092400;0.078842;,
  -0.010432;0.210933;0.004829;,
  -0.014838;0.199613;0.071977;,
  -0.020139;0.167449;0.044201;,
  -0.008544;0.255689;0.037997;,
  -0.032726;0.132503;0.106579;,
  -0.033013;0.099750;0.097842;,
  -0.076773;0.200041;0.076420;,
  -0.080383;0.263948;0.038210;,
  -0.056523;0.138304;0.105803;,
  -0.072209;0.502287;-0.022762;,
  0.007374;0.458440;-0.055258;,
  -0.065291;0.493314;0.030672;,
  -0.012162;0.493561;0.046773;,
  -0.061576;0.448242;0.025110;,
  -0.013044;0.451358;0.041170;,
  -0.023064;0.629644;0.013351;,
  -0.061710;0.672793;-0.013406;,
  -0.075040;0.669503;-0.028874;,
  -0.057117;0.607021;-0.052276;,
  -0.058046;0.622072;-0.005310;,
  -0.074361;0.648024;-0.076986;,
  -0.044006;0.629499;-0.110654;,
  -0.038150;0.593078;-0.080150;,
  -0.119339;0.699693;-0.141866;,
  -0.065769;0.698625;-0.136884;,
  -0.139597;0.660858;-0.116442;,
  -0.100751;0.616056;-0.078365;,
  -0.147871;0.626239;-0.084010;,
  -0.081957;0.646081;-0.109421;,
  -0.066659;0.717966;-0.079117;,
  -0.080851;0.677519;-0.051318;,
  -0.081957;0.646081;-0.109421;,
  -0.103447;0.620818;-0.031077;,
  -0.100751;0.616056;-0.078365;,
  -0.074383;0.724317;-0.073786;,
  -0.138518;0.692614;-0.058416;,
  -0.117807;0.730259;-0.083454;,
  -0.150468;0.630765;-0.036641;,
  -0.125866;0.715941;-0.117585;,
  -0.150061;0.623628;-0.101463;,
  -0.107705;0.563893;-0.132309;,
  -0.142906;0.574133;-0.134151;,
  -0.094244;0.610979;-0.096480;,
  -0.112926;0.527340;-0.150452;,
  -0.138787;0.530669;-0.159017;,
  -0.094244;0.610979;-0.096480;,
  -0.126157;0.536699;-0.085469;,
  -0.107705;0.563893;-0.132309;,
  -0.105478;0.580148;-0.042481;,
  -0.132795;0.509122;-0.123040;,
  -0.112926;0.527340;-0.150452;,
  -0.153048;0.544981;-0.086997;,
  -0.160963;0.592839;-0.047450;,
  -0.147028;0.510060;-0.128795;,
  -0.085982;0.426576;-0.195583;,
  -0.127547;0.443092;-0.160140;,
  -0.125722;0.423537;-0.169381;,
  -0.087428;0.446576;-0.186540;,
  -0.088948;0.463855;-0.179038;,
  -0.097159;0.454844;-0.190520;,
  -0.084588;0.462762;-0.189804;,
  -0.096342;0.455437;-0.179563;,
  -0.129917;0.477121;-0.135199;,
  -0.109144;0.481813;-0.191693;,
  -0.095842;0.498632;-0.164324;,
  -0.138178;0.450793;-0.160387;,
  -0.151529;0.450855;-0.175215;,
  -0.158610;0.491217;-0.155434;,
  -0.123751;0.514817;-0.185931;,
  -0.123908;0.481385;-0.205049;,
  -0.087830;0.770543;-0.129641;,
  -0.095442;0.753564;-0.153032;,
  -0.059714;0.767664;-0.132289;,
  -0.059319;0.749504;-0.150766;,
  -0.075094;0.716371;-0.036232;,
  -0.032534;0.759006;-0.157810;,
  -0.093238;0.726900;-0.158125;,
  -0.072158;0.701736;-0.143608;,
  -0.093631;0.709917;-0.143662;,
  -0.062377;0.720109;-0.154424;,
  -0.082645;0.748588;-0.073791;,
  -0.085599;0.749454;-0.079123;,
  -0.043002;0.753750;-0.057513;,
  0.015105;0.752988;-0.056404;,
  0.009995;0.778220;-0.110663;,
  -0.067172;0.777931;-0.104604;,
  -0.085599;0.749454;-0.079123;,
  -0.074869;0.700127;-0.107430;,
  -0.065769;0.698625;-0.136884;,
  -0.086256;0.737471;-0.081576;,
  -0.079490;0.695974;-0.060056;,
  -0.075054;0.674195;-0.086677;,
  -0.075501;0.686023;-0.134028;,
  -0.083751;0.707072;-0.048325;,
  -0.095842;0.498632;-0.164324;,
  -0.030353;0.779404;-0.181944;,
  -0.019655;0.797922;-0.173361;,
  0.007284;0.786049;-0.143248;,
  0.006815;0.804953;-0.172551;,
  -0.123908;0.481385;-0.205049;,
  -0.085982;0.426576;-0.195583;,
  -0.125722;0.423537;-0.169381;,
  -0.091814;0.483192;-0.175029;,
  -0.089502;0.478853;-0.200461;,
  -0.091814;0.483192;-0.175029;,
  -0.105010;0.472080;-0.179408;,
  -0.111085;0.474082;-0.203174;,
  -0.111085;0.474082;-0.203174;,
  -0.088948;0.463855;-0.179038;,
  -0.084588;0.462762;-0.189804;,
  -0.097159;0.454844;-0.190520;,
  -0.096842;0.035186;0.106922;,
  -0.082769;-0.020117;0.095601;,
  -0.103431;0.019031;0.122622;,
  -0.079997;-0.004524;0.083416;,
  -0.012549;0.117307;0.141724;,
  -0.022395;0.068528;0.150175;,
  -0.023267;0.079848;0.127764;,
  -0.010680;0.108402;0.175790;,
  -0.032726;0.132503;0.106579;,
  -0.051830;0.129405;0.148480;,
  -0.056523;0.138304;0.105803;,
  -0.063425;0.082690;0.162045;,
  -0.067155;0.100198;0.131908;,
  -0.043448;0.117292;0.183684;,
  -0.053307;0.092400;0.078842;,
  -0.068173;0.112959;0.101330;,
  -0.050469;-0.005075;0.084866;,
  -0.046416;-0.020945;0.092798;,
  -0.103431;0.019031;0.122622;,
  -0.046416;-0.020945;0.092798;,
  -0.002032;0.358796;-0.054041;,
  -0.023872;0.263319;-0.041778;,
  -0.010432;0.210933;0.004829;,
  -0.020139;0.167449;0.044201;,
  -0.033013;0.099750;0.097842;,
  -0.033013;0.099750;0.097842;,
  -0.042463;0.768397;-0.197011;,
  -0.027510;0.746024;-0.196961;,
  -0.023699;0.762608;-0.188441;,
  -0.036412;0.748768;-0.203226;,
  -0.031458;0.797042;-0.203049;,
  -0.020829;0.818700;-0.202364;,
  -0.014329;0.820168;-0.325285;,
  0.005314;0.820015;-0.330033;,
  -0.035850;0.749497;-0.287992;,
  -0.030524;0.769498;-0.309307;,
  -0.019871;0.741151;-0.290774;,
  -0.042176;0.756024;-0.222477;,
  -0.046622;0.785286;-0.219471;,
  -0.039542;0.781269;-0.202899;,
  -0.044770;0.816937;-0.242244;,
  -0.047770;0.802056;-0.261521;,
  -0.041640;0.788662;-0.307289;,
  -0.046954;0.776228;-0.270164;,
  -0.046915;0.813987;-0.296758;,
  -0.040098;0.832558;-0.238177;,
  -0.026642;0.852900;-0.236353;,
  0.013565;0.858431;-0.233438;,
  -0.020831;0.863237;-0.283381;,
  0.013073;0.869158;-0.281545;,
  -0.047829;0.766624;-0.249609;,
  -0.036506;0.742085;-0.256461;,
  -0.034829;0.738291;-0.220747;,
  -0.022430;0.714814;-0.204997;,
  -0.024527;0.785692;-0.322503;,
  -0.034046;0.818088;-0.315271;,
  -0.038251;0.847262;-0.289242;,
  -0.025501;0.846025;-0.309186;,
  0.009949;0.853124;-0.313266;,
  -0.007488;0.852111;-0.311729;,
  0.011217;0.830268;-0.204879;,
  -0.038251;0.847262;-0.289242;,
  -0.025501;0.846025;-0.309186;,
  -0.052844;0.786742;-0.221922;,
  -0.056021;0.817591;-0.258027;,
  -0.050030;0.803603;-0.244194;,
  -0.060477;0.816512;-0.237230;,
  -0.060477;0.816512;-0.237230;,
  -0.052844;0.786742;-0.221922;,
  -0.056021;0.817591;-0.258027;,
  -0.047770;0.802056;-0.261521;,
  -0.049674;0.784914;-0.243193;,
  -0.046622;0.785286;-0.219471;,
  -0.035696;0.752429;-0.276152;,
  -0.049674;0.784914;-0.243193;,
  -0.032534;0.759006;-0.157810;,
  -0.030353;0.779404;-0.181944;,
  -0.059319;0.749504;-0.150766;,
  -0.031458;0.797042;-0.203049;,
  0.029409;0.493607;0.040060;,
  0.030728;0.459787;0.034482;,
  0.040712;0.449917;0.037102;,
  0.021268;0.449086;-0.032439;,
  -0.007488;0.852111;-0.311729;,
  0.009949;0.853124;-0.313266;,
  -0.022930;0.725128;-0.235281;,
  -0.015757;0.728885;-0.258865;,
  -0.016213;0.724135;-0.250472;,
  -0.016881;0.744755;-0.278626;,
  0.024211;0.628851;0.009105;,
  -0.059319;0.749504;-0.150766;,
  -0.082769;-0.020117;0.095601;,
  -0.022472;0.722149;-0.229395;,
  -0.015774;0.714194;-0.231173;,
  -0.015028;0.719594;-0.233703;,
  -0.015274;0.717233;-0.239452;,
  -0.086256;0.737471;-0.081576;,
  -0.069006;0.712775;-0.096588;,
  -0.074869;0.700127;-0.107430;,
  -0.075501;0.686023;-0.134028;,
  -0.040098;0.832558;-0.238177;,
  -0.016158;0.217535;-0.062333;,
  0.000538;0.153982;-0.042912;,
  -0.025407;0.151520;-0.025942;,
  0.002741;0.227668;-0.064988;,
  -0.018509;0.271610;-0.091562;,
  0.005685;0.281080;-0.089872;,
  -0.004166;0.367053;-0.088399;,
  0.007382;0.369722;-0.088501;,
  0.002706;0.456042;-0.090832;,
  0.008441;0.455595;-0.092034;,
  0.008900;0.500197;-0.092450;,
  -0.030154;0.504467;-0.074015;,
  -0.001843;0.090120;-0.027710;,
  -0.028465;0.087085;0.004028;,
  -0.006840;0.143057;0.140615;,
  -0.076773;0.200041;0.076420;,
  -0.056510;0.138304;0.105802;,
  -0.010014;0.203205;0.095985;,
  -0.080383;0.263948;0.038210;,
  -0.015520;0.261544;0.052752;,
  -0.015331;0.285311;0.026851;,
  -0.065120;0.279359;-0.002304;,
  -0.084753;0.359133;0.017833;,
  -0.002750;0.356623;0.039216;,
  0.030728;0.459787;0.034482;,
  -0.013044;0.451358;0.041170;,
  -0.069006;0.712775;-0.096588;,
  -0.042545;0.460225;-0.075251;,
  -0.050816;0.361026;-0.077116;,
  -0.053891;0.256720;-0.078537;,
  -0.053499;0.212077;-0.022527;,
  -0.051303;0.154981;0.024656;,
  -0.053307;0.092400;0.078842;,
  0.130937;0.365827;-0.016521;,
  0.077863;0.458997;0.028517;,
  0.118612;0.446717;-0.009072;,
  0.103110;0.278376;-0.012828;,
  0.128629;0.231943;0.003123;,
  0.124081;0.157733;0.008536;,
  0.106575;0.086673;0.018383;,
  -0.064648;0.437807;0.021595;;
  916;
  3;0,1,2;,
  3;1,0,3;,
  3;4,5,6;,
  3;5,4,7;,
  3;8,9,10;,
  3;9,8,11;,
  3;12,13,14;,
  3;13,12,15;,
  3;16,12,17;,
  3;12,16,15;,
  3;18,19,20;,
  3;19,18,16;,
  3;6,21,22;,
  3;21,6,5;,
  3;14,23,24;,
  3;23,14,13;,
  3;25,26,27;,
  3;26,25,28;,
  3;29,30,31;,
  3;30,29,32;,
  3;30,33,31;,
  3;33,30,34;,
  3;35,36,37;,
  3;36,35,38;,
  3;38,39,36;,
  3;39,38,40;,
  3;37,41,42;,
  3;41,37,36;,
  3;36,43,41;,
  3;43,36,39;,
  3;42,30,32;,
  3;30,42,41;,
  3;41,34,30;,
  3;34,41,43;,
  3;44,45,46;,
  3;45,44,47;,
  3;48,49,50;,
  3;49,48,51;,
  3;50,52,53;,
  3;52,50,49;,
  3;54,55,56;,
  3;55,54,57;,
  3;57,58,55;,
  3;58,57,59;,
  3;56,60,61;,
  3;60,56,55;,
  3;55,62,60;,
  3;62,55,58;,
  3;61,49,51;,
  3;49,61,60;,
  3;60,52,49;,
  3;52,60,62;,
  3;32,19,63;,
  3;19,32,29;,
  3;64,65,66;,
  3;65,64,20;,
  3;14,67,12;,
  3;67,14,68;,
  3;68,69,67;,
  3;69,68,70;,
  3;70,42,69;,
  3;42,70,37;,
  3;48,34,51;,
  3;34,48,33;,
  3;51,43,61;,
  3;43,51,34;,
  3;43,56,61;,
  3;56,43,39;,
  3;39,54,56;,
  3;54,39,40;,
  3;12,63,17;,
  3;63,12,67;,
  3;67,32,63;,
  3;32,67,69;,
  3;69,42,32;,
  3;71,72,25;,
  3;73,74,75;,
  3;74,73,76;,
  3;74,77,75;,
  3;77,74,78;,
  3;79,78,80;,
  3;78,79,77;,
  3;81,82,83;,
  3;82,84,85;,
  3;84,82,86;,
  3;87,88,89;,
  3;88,90,89;,
  3;90,88,91;,
  3;92,93,94;,
  3;92,89,93;,
  3;92,87,89;,
  3;89,95,93;,
  3;95,89,90;,
  3;96,93,82;,
  3;93,86,82;,
  3;86,93,95;,
  3;97,98,99;,
  3;98,97,100;,
  3;100,101,98;,
  3;101,100,102;,
  3;103,104,105;,
  3;104,103,106;,
  3;106,107,104;,
  3;107,106,108;,
  3;105,109,110;,
  3;109,105,104;,
  3;104,111,109;,
  3;111,104,107;,
  3;110,100,97;,
  3;100,110,109;,
  3;109,102,100;,
  3;102,109,111;,
  3;112,113,114;,
  3;113,112,115;,
  3;116,117,118;,
  3;117,116,119;,
  3;120,121,122;,
  3;121,120,123;,
  3;120,124,125;,
  3;124,120,122;,
  3;126,124,127;,
  3;124,126,125;,
  3;95,97,86;,
  3;97,95,110;,
  3;86,99,84;,
  3;99,86,97;,
  3;90,103,105;,
  3;103,90,91;,
  3;105,95,90;,
  3;95,105,110;,
  3;128,96,129;,
  3;96,128,94;,
  3;129,130,128;,
  3;130,129,131;,
  3;72,28,25;,
  3;28,72,132;,
  3;10,133,8;,
  3;134,135,136;,
  3;135,134,137;,
  3;81,137,134;,
  3;138,11,139;,
  3;138,9,11;,
  3;138,140,9;,
  3;141,11,142;,
  3;11,141,139;,
  3;128,130,143;,
  3;94,144,92;,
  3;94,143,144;,
  3;94,128,143;,
  3;145,87,146;,
  3;87,145,147;,
  3;75,148,73;,
  3;148,75,149;,
  3;150,147,145;,
  3;7,149,75;,
  3;148,151,73;,
  3;102,152,101;,
  3;152,102,126;,
  3;102,125,126;,
  3;125,102,111;,
  3;111,120,125;,
  3;120,111,107;,
  3;120,108,123;,
  3;108,120,107;,
  3;8,153,154;,
  3;153,8,133;,
  3;154,155,8;,
  3;155,154,156;,
  3;122,114,113;,
  3;114,122,121;,
  3;121,112,114;,
  3;112,121,157;,
  3;158,124,159;,
  3;124,158,127;,
  3;159,122,113;,
  3;122,159,124;,
  3;126,160,152;,
  3;160,126,161;,
  3;162,121,123;,
  3;121,162,163;,
  3;121,164,157;,
  3;164,121,163;,
  3;165,126,127;,
  3;126,165,161;,
  3;161,166,160;,
  3;166,161,167;,
  3;162,118,163;,
  3;118,162,116;,
  3;163,117,164;,
  3;117,163,118;,
  3;165,167,161;,
  3;167,165,168;,
  3;169,170,171;,
  3;170,169,172;,
  3;173,174,175;,
  3;174,173,176;,
  3;177,178,179;,
  3;178,177,173;,
  3;180,178,181;,
  3;178,180,182;,
  3;183,169,171;,
  3;169,183,184;,
  3;174,185,186;,
  3;185,174,176;,
  3;46,187,44;,
  3;187,46,188;,
  3;180,169,182;,
  3;169,180,172;,
  3;20,29,65;,
  3;19,29,20;,
  3;29,31,189;,
  3;31,190,189;,
  3;190,31,33;,
  3;33,191,190;,
  3;191,33,48;,
  3;191,50,192;,
  3;50,191,48;,
  3;192,53,193;,
  3;53,192,50;,
  3;194,171,185;,
  3;171,194,183;,
  3;171,186,185;,
  3;186,171,170;,
  3;185,176,194;,
  3;194,173,177;,
  3;173,194,176;,
  3;178,175,181;,
  3;175,178,173;,
  3;179,182,184;,
  3;182,179,178;,
  3;182,169,184;,
  3;16,17,19;,
  3;17,63,19;,
  3;65,195,66;,
  3;196,197,198;,
  3;197,196,199;,
  3;200,154,153;,
  3;154,200,201;,
  3;202,203,204;,
  3;205,206,207;,
  3;196,208,209;,
  3;208,196,198;,
  3;210,209,211;,
  3;209,210,196;,
  3;212,213,214;,
  3;213,212,215;,
  3;212,214,211;,
  3;201,216,217;,
  3;216,201,200;,
  3;218,219,220;,
  3;219,218,217;,
  3;210,199,196;,
  3;213,205,207;,
  3;221,222,223;,
  3;198,197,224;,
  3;224,225,226;,
  3;225,224,197;,
  3;227,213,207;,
  3;228,229,214;,
  3;229,228,230;,
  3;220,231,232;,
  3;213,228,214;,
  3;156,201,233;,
  3;201,156,154;,
  3;233,217,218;,
  3;217,233,201;,
  3;219,217,234;,
  3;235,219,234;,
  3;236,237,238;,
  3;237,236,239;,
  3;209,240,211;,
  3;240,209,241;,
  3;211,242,212;,
  3;242,211,240;,
  3;243,239,244;,
  3;239,243,237;,
  3;244,236,245;,
  3;236,244,239;,
  3;246,221,223;,
  3;221,246,215;,
  3;221,212,247;,
  3;212,221,215;,
  3;199,248,2;,
  3;248,199,249;,
  3;133,10,250;,
  3;249,210,251;,
  3;210,249,199;,
  3;210,211,251;,
  3;252,1,253;,
  3;1,252,2;,
  3;20,254,18;,
  3;254,20,64;,
  3;24,68,14;,
  3;68,24,255;,
  3;68,256,70;,
  3;256,68,255;,
  3;256,37,70;,
  3;37,256,257;,
  3;258,2,252;,
  3;2,258,199;,
  3;257,259,37;,
  3;37,259,35;,
  3;260,204,261;,
  3;204,260,202;,
  3;262,263,223;,
  3;263,262,264;,
  3;197,258,225;,
  3;258,197,199;,
  3;265,203,227;,
  3;265,207,266;,
  3;207,265,227;,
  3;223,267,246;,
  3;267,223,263;,
  3;88,87,147;,
  3;83,82,85;,
  3;78,16,18;,
  3;16,78,74;,
  3;74,15,16;,
  3;15,74,76;,
  3;15,71,13;,
  3;71,15,76;,
  3;13,268,23;,
  3;268,13,71;,
  3;248,269,2;,
  3;2,269,0;,
  3;136,129,134;,
  3;129,136,131;,
  3;134,96,81;,
  3;96,134,129;,
  3;96,82,81;,
  3;93,96,94;,
  3;29,189,65;,
  3;205,215,246;,
  3;267,205,246;,
  3;205,267,206;,
  3;205,213,215;,
  3;187,188,270;,
  3;224,271,272;,
  3;222,221,208;,
  3;224,222,198;,
  3;272,273,262;,
  3;273,272,271;,
  3;263,274,275;,
  3;273,276,262;,
  3;277,271,278;,
  3;271,277,273;,
  3;222,272,262;,
  3;272,222,224;,
  3;222,208,198;,
  3;209,221,247;,
  3;221,209,208;,
  3;223,222,262;,
  3;266,206,279;,
  3;206,266,207;,
  3;206,280,279;,
  3;280,206,267;,
  3;280,263,275;,
  3;263,280,267;,
  3;264,262,276;,
  3;76,73,72;,
  3;138,281,140;,
  3;73,132,72;,
  3;132,73,151;,
  3;72,71,76;,
