xof 0303txt 0032
template ColorRGBA {
 <35ff44e0-6c7c-11cf-8f52-0040333594a3>
 FLOAT red;
 FLOAT green;
 FLOAT blue;
 FLOAT alpha;
}

template ColorRGB {
 <d3e16e81-7835-11cf-8f52-0040333594a3>
 FLOAT red;
 FLOAT green;
 FLOAT blue;
}

template Material {
 <3d82ab4d-62da-11cf-ab39-0020af71e433>
 ColorRGBA faceColor;
 FLOAT power;
 ColorRGB specularColor;
 ColorRGB emissiveColor;
 [...]
}

template TextureFilename {
 <a42790e1-7810-11cf-8f52-0040333594a3>
 STRING filename;
}

template Frame {
 <3d82ab46-62da-11cf-ab39-0020af71e433>
 [...]
}

template Matrix4x4 {
 <f6f23f45-7686-11cf-8f52-0040333594a3>
 array FLOAT matrix[16];
}

template FrameTransformMatrix {
 <f6f23f41-7686-11cf-8f52-0040333594a3>
 Matrix4x4 frameMatrix;
}

template Vector {
 <3d82ab5e-62da-11cf-ab39-0020af71e433>
 FLOAT x;
 FLOAT y;
 FLOAT z;
}

template MeshFace {
 <3d82ab5f-62da-11cf-ab39-0020af71e433>
 DWORD nFaceVertexIndices;
 array DWORD faceVertexIndices[nFaceVertexIndices];
}

template Mesh {
 <3d82ab44-62da-11cf-ab39-0020af71e433>
 DWORD nVertices;
 array Vector vertices[nVertices];
 DWORD nFaces;
 array MeshFace faces[nFaces];
 [...]
}

template MeshNormals {
 <f6f23f43-7686-11cf-8f52-0040333594a3>
 DWORD nNormals;
 array Vector normals[nNormals];
 DWORD nFaceNormals;
 array MeshFace faceNormals[nFaceNormals];
}

template MeshMaterialList {
 <f6f23f42-7686-11cf-8f52-0040333594a3>
 DWORD nMaterials;
 DWORD nFaceIndexes;
 array DWORD faceIndexes[nFaceIndexes];
 [Material <3d82ab4d-62da-11cf-ab39-0020af71e433>]
}

template Coords2d {
 <f6f23f44-7686-11cf-8f52-0040333594a3>
 FLOAT u;
 FLOAT v;
}

template MeshTextureCoords {
 <f6f23f40-7686-11cf-8f52-0040333594a3>
 DWORD nTextureCoords;
 array Coords2d textureCoords[nTextureCoords];
}

template XSkinMeshHeader {
 <3cf169ce-ff7c-44ab-93c0-f78f62d172e2>
 WORD nMaxSkinWeightsPerVertex;
 WORD nMaxSkinWeightsPerFace;
 WORD nBones;
}

template SkinWeights {
 <6f0d123b-bad2-4167-a0d0-80224f25fabb>
 STRING transformNodeName;
 DWORD nWeights;
 array DWORD vertexIndices[nWeights];
 array FLOAT weights[nWeights];
 Matrix4x4 matrixOffset;
}

template AnimTicksPerSecond {
 <9e415a43-7ba6-4a73-8743-b73d47e88476>
 DWORD AnimTicksPerSecond;
}

template Animation {
 <3d82ab4f-62da-11cf-ab39-0020af71e433>
 [...]
}

template AnimationSet {
 <3d82ab50-62da-11cf-ab39-0020af71e433>
 [Animation <3d82ab4f-62da-11cf-ab39-0020af71e433>]
}

template FloatKeys {
 <10dd46a9-775b-11cf-8f52-0040333594a3>
 DWORD nValues;
 array FLOAT values[nValues];
}

template TimedFloatKeys {
 <f406b180-7b3b-11cf-8f52-0040333594a3>
 DWORD time;
 FloatKeys tfkeys;
}

template AnimationKey {
 <10dd46a8-775b-11cf-8f52-0040333594a3>
 DWORD keyType;
 DWORD nKeys;
 array TimedFloatKeys keys[nKeys];
}


Material Material__130 {
 1.000000;1.000000;1.000000;1.000000;;
 10.000000;
 0.000000;0.000000;0.000000;;
 0.000000;0.000000;0.000000;;

 TextureFilename {
  "Objects_Hammer.png";
 }
}

Material _02_-_Default {
 1.000000;1.000000;1.000000;1.000000;;
 100.000000;
 0.200000;0.200000;0.200000;;
 0.000000;0.000000;0.000000;;

 TextureFilename {
  "MaleBody02a.png";
 }
}

Frame Dummy01 {
 

 FrameTransformMatrix {
  1.000000,0.000000,0.000000,0.000000,0.000000,-0.000000,-1.000000,0.000000,0.000000,1.000000,-0.000000,0.000000,0.000000,0.000000,0.000000,1.000000;;
 }

 Frame Bip01 {
  

  FrameTransformMatrix {
   -0.195455,0.850569,-0.488190,0.000000,0.000001,0.497791,0.867297,0.000000,0.980713,0.169517,-0.097297,0.000000,0.033760,-0.129668,0.463825,1.000000;;
  }

  Frame Bip01_Pelvis {
   

   FrameTransformMatrix {
    -0.003002,0.998829,-0.048290,0.000000,0.061964,0.048383,0.996905,0.000000,0.998074,0.000000,-0.062037,0.000000,0.000000,0.000000,0.000000,1.000000;;
   }

   Frame Bip01_Spine {
    

    FrameTransformMatrix {
     0.923087,0.121412,0.364924,0.000000,-0.121977,0.992298,-0.021598,0.000000,-0.364735,-0.024576,0.930787,0.000000,0.051604,0.002500,-0.000079,1.000000;;
    }

    Frame Bip01_Spine1 {
     

     FrameTransformMatrix {
      0.969453,0.038871,0.242178,0.000000,-0.102989,0.960617,0.258085,0.000000,-0.222608,-0.275142,0.935277,0.000000,0.106499,0.000023,-0.000079,1.000000;;
     }

     Frame Bip01_Neck {
      

      FrameTransformMatrix {
       0.868807,0.273901,0.412496,0.000000,-0.247527,0.961758,-0.117271,0.000000,-0.428842,-0.000218,0.903379,0.000000,0.130516,0.000000,0.004628,1.000000;;
      }

      Frame Bip01_Head {
       

       FrameTransformMatrix {
        0.933816,-0.168103,-0.315798,0.000000,0.107361,0.973720,-0.200856,0.000000,0.341263,0.153658,0.927323,0.000000,0.033674,-0.000000,0.000000,1.000000;;
       }
      }

      Frame Bip01_L_Clavicle {
       

       FrameTransformMatrix {
        0.286316,0.930634,0.227909,0.000000,0.894074,-0.173988,-0.412747,0.000000,-0.344463,0.321944,-0.881872,0.000000,-0.018487,0.021606,0.006124,1.000000;;
       }

       Frame Bip01_L_UpperArm {
        

        FrameTransformMatrix {
         0.713134,-0.210399,-0.668710,0.000000,0.443900,0.873825,0.198453,0.000000,0.542581,-0.438364,0.716550,0.000000,0.087086,0.000000,0.000000,1.000000;;
        }

        Frame Bip01_L_Forearm {
         

         FrameTransformMatrix {
          0.944164,-0.000000,-0.329477,0.000000,0.000000,1.000000,0.000000,0.000000,0.329477,0.000000,0.944164,0.000000,0.137062,0.000000,0.000000,1.000000;;
         }

         Frame Bip01_L_Hand {
          

          FrameTransformMatrix {
           0.186588,0.885591,-0.425339,0.000000,-0.144294,0.452951,0.879781,0.000000,0.971784,-0.102783,0.212300,0.000000,0.137062,0.000000,0.000000,1.000000;;
          }

          Frame Bip01_L_Finger0 {
           

           FrameTransformMatrix {
            0.358643,-0.477419,0.802152,0.000000,0.800266,0.599645,-0.000908,0.000000,-0.480573,0.642260,0.597121,0.000000,0.057681,-0.023605,-0.000272,1.000000;;
           }
          }

          Frame Bip01_L_Finger1 {
           

           FrameTransformMatrix {
            0.778534,0.028084,0.626973,0.000000,0.100470,0.980537,-0.168679,0.000000,-0.619508,0.194314,0.760560,0.000000,0.084102,-0.000000,0.000000,1.000000;;
           }
          }
         }
        }
       }
      }

      Frame Bip01_R_Clavicle {
       

       FrameTransformMatrix {
        -0.414006,-0.862011,0.292465,0.000000,-0.785504,0.500673,0.363745,0.000000,-0.459981,-0.079140,-0.884395,0.000000,-0.027096,-0.008621,0.006131,1.000000;;
       }

       Frame Bip01_R_UpperArm {
        

        FrameTransformMatrix {
         0.289272,0.458782,-0.840143,0.000000,-0.702316,0.698084,0.139391,0.000000,0.650441,0.549724,0.524146,0.000000,0.087086,0.000000,-0.000000,1.000000;;
        }

        Frame Bip01_R_Forearm {
         

         FrameTransformMatrix {
          0.737156,0.000000,-0.675722,0.000000,0.000000,1.000000,0.000000,0.000000,0.675722,0.000000,0.737156,0.000000,0.137062,0.000000,0.000000,1.000000;;
         }

         Frame Bip01_R_Hand {
          

          FrameTransformMatrix {
           0.933470,0.237376,0.268859,0.000000,0.324051,-0.236962,-0.915882,0.000000,-0.153700,0.942073,-0.298119,0.000000,0.137062,-0.000000,-0.000000,1.000000;;
          }

          Frame Bip01_R_Finger0 {
           

           FrameTransformMatrix {
            0.298707,0.415006,0.859386,0.000000,-0.833642,0.551815,0.023282,0.000000,-0.464560,-0.723375,0.510798,0.000000,0.057681,0.023605,-0.000272,1.000000;;
           }
          }

          Frame Bip01_R_Finger1 {
           

           FrameTransformMatrix {
            0.409234,0.000727,0.912429,0.000000,0.000000,1.000000,-0.000796,0.000000,-0.912429,0.000326,0.409234,0.000000,0.084102,0.000000,-0.000000,1.000000;;
           }
          }
         }
        }
       }
      }
     }

     Frame Bip01_BackPack {
      

      FrameTransformMatrix {
       0.190104,-0.000002,-0.981764,0.000000,0.000003,1.000000,-0.000002,0.000000,0.981764,-0.000002,0.190105,0.000000,0.063697,-0.000000,-0.088856,1.000000;;
      }
     }
    }

    Frame Bip01_L_Thigh {
     

     FrameTransformMatrix {
      -0.070727,0.176692,0.981722,0.000000,-0.126441,-0.977836,0.166883,0.000000,0.989449,-0.112326,0.091501,0.000000,-0.041205,0.058612,0.017600,1.000000;;
     }

     Frame Bip01_L_Calf {
      

      FrameTransformMatrix {
       0.626041,-0.000000,-0.779790,0.000000,0.000000,1.000000,0.000000,0.000000,0.779790,-0.000000,0.626041,0.000000,0.237500,-0.000000,0.000000,1.000000;;
      }

      Frame Bip01_L_Foot {
       

       FrameTransformMatrix {
        0.956177,0.029169,0.291334,0.000000,-0.004902,0.996481,-0.083681,0.000000,-0.292749,0.078585,0.952955,0.000000,0.206841,0.000000,0.000000,1.000000;;
       }

       Frame Bip01_L_Toe0 {
        

        FrameTransformMatrix {
         0.000000,-0.239518,0.970892,0.000000,-0.000000,0.970892,0.239518,0.000000,-1.000000,-0.000000,-0.000000,0.000000,0.065373,-0.000000,0.066450,1.000000;;
        }
       }
      }
     }
    }

    Frame Bip01_R_Thigh {
     

     FrameTransformMatrix {
      -0.506992,0.002622,0.861947,0.000000,-0.178634,-0.978604,-0.102095,0.000000,0.843237,-0.205735,0.496613,0.000000,-0.054615,-0.050988,0.020314,1.000000;;
     }

     Frame Bip01_R_Calf {
      

      FrameTransformMatrix {
       0.729075,0.000000,-0.684433,0.000000,-0.000000,1.000000,0.000000,0.000000,0.684433,-0.000000,0.729076,0.000000,0.237500,0.000000,0.000000,1.000000;;
      }

      Frame Bip01_R_Foot {
       

       FrameTransformMatrix {
        0.832638,-0.144147,0.534729,0.000000,0.120620,0.989556,0.078934,0.000000,-0.540522,-0.001224,0.841329,0.000000,0.206841,0.000000,0.000000,1.000000;;
       }

       Frame Bip01_R_Toe0 {
        

        FrameTransformMatrix {
         -0.000000,-0.366720,0.930331,0.000000,0.000001,0.930331,0.366720,0.000000,-1.000000,0.000001,0.000000,0.000000,0.065373,0.000000,0.066450,1.000000;;
        }
       }
      }
     }
    }
   }

   Frame Bip01_DressFront {
    

    FrameTransformMatrix {
     -0.333053,-0.000002,0.942908,0.000000,-0.000004,1.000000,0.000000,0.000000,-0.942908,-0.000004,-0.333053,0.000000,-0.009590,-0.003411,0.074843,1.000000;;
    }

    Frame Bip01_DressFront02 {
     

     FrameTransformMatrix {
      0.705287,0.000002,0.708922,0.000000,-0.000002,1.000000,-0.000001,0.000000,-0.708922,-0.000001,0.705287,0.000000,0.183418,-0.000000,-0.000093,1.000000;;
     }
    }
   }

   Frame Bip01_DressBack {
    

    FrameTransformMatrix {
     -0.583654,-0.017156,0.811822,0.000000,0.181875,0.971614,0.151290,0.000000,-0.791372,0.235951,-0.563965,0.000000,-0.047621,-0.000033,-0.078340,1.000000;;
    }

    Frame Bip01_DressBack02 {
     

     FrameTransformMatrix {
      0.860453,0.000001,0.509530,0.000000,-0.000001,1.000000,-0.000000,0.000000,-0.509530,-0.000000,0.860453,0.000000,0.176214,0.000000,-0.000094,1.000000;;
     }
    }
   }
  }

  Frame Bip01_Prop1 {
   

   FrameTransformMatrix {
    -0.326932,-0.033516,0.944453,0.000000,0.786379,0.544621,0.291540,0.000000,-0.524140,0.838012,-0.151698,0.000000,0.255280,-0.025742,-0.105290,1.000000;;
   }

   Frame Hammer {
    

    FrameTransformMatrix {
     1.000000,-0.000000,0.000000,0.000000,-0.000000,1.000000,-0.000000,0.000000,-0.000000,0.000000,1.000000,0.000000,0.000000,-0.000000,0.000000,1.000000;;
    }

    Mesh Hammer {
     334;
     0.000009;0.201697;-0.064698;,
     -0.009026;0.206150;-0.046963;,
     -0.009026;0.206150;-0.064698;,
     0.000009;0.201697;-0.046963;,
     -0.009026;0.206150;-0.064698;,
     -0.012768;0.216900;-0.046963;,
     -0.012768;0.216900;-0.064698;,
     -0.009026;0.206150;-0.046963;,
     -0.009026;0.227650;-0.046963;,
     -0.009026;0.227650;-0.064698;,
     -0.009026;0.227650;-0.064698;,
     0.000009;0.232103;-0.046963;,
     0.000009;0.232103;-0.064698;,
     -0.009026;0.227650;-0.046963;,
     0.009043;0.227650;-0.046963;,
     0.009043;0.227650;-0.064698;,
     0.009043;0.227650;-0.064698;,
     0.012785;0.216900;-0.046963;,
     0.012785;0.216900;-0.064698;,
     0.009043;0.227650;-0.046963;,
     0.009043;0.206150;-0.046963;,
     0.009043;0.206150;-0.064698;,
     0.009043;0.206150;-0.064698;,
     0.009043;0.206150;-0.046963;,
     0.012785;0.216900;-0.064698;,
     0.000009;0.232103;-0.064698;,
     0.009043;0.227650;-0.064698;,
     -0.012768;0.216900;-0.064698;,
     -0.009026;0.227650;-0.064698;,
     0.000009;0.201697;-0.064698;,
     -0.009026;0.206150;-0.064698;,
     0.009043;0.206150;-0.064698;,
     0.000009;0.201697;-0.046963;,
     -0.006692;0.208927;-0.038258;,
     -0.009026;0.206150;-0.046963;,
     0.000009;0.205625;-0.038258;,
     -0.009026;0.206150;-0.046963;,
     -0.009468;0.216900;-0.038258;,
     -0.012768;0.216900;-0.046963;,
     -0.006692;0.208927;-0.038258;,
     -0.012768;0.216900;-0.046963;,
     -0.006692;0.224873;-0.038258;,
     -0.009026;0.227650;-0.046963;,
     -0.009468;0.216900;-0.038258;,
     -0.009026;0.227650;-0.046963;,
     0.000009;0.228176;-0.038258;,
     0.000009;0.232103;-0.046963;,
     -0.006692;0.224873;-0.038258;,
     0.000009;0.232103;-0.046963;,
     0.006709;0.224873;-0.038258;,
     0.009043;0.227650;-0.046963;,
     0.000009;0.228176;-0.038258;,
     0.009043;0.227650;-0.046963;,
     0.009485;0.216900;-0.038258;,
     0.012785;0.216900;-0.046963;,
     0.006709;0.224873;-0.038258;,
     0.012785;0.216900;-0.046963;,
     0.006709;0.208927;-0.038258;,
     0.009043;0.206150;-0.046963;,
     0.009485;0.216900;-0.038258;,
     0.009043;0.206150;-0.046963;,
     0.000009;0.205625;-0.038258;,
     0.000009;0.201697;-0.046963;,
     0.006709;0.208927;-0.038258;,
     -0.008555;0.206710;-0.024096;,
     0.000009;0.202489;-0.026821;,
     -0.012103;0.216900;-0.024096;,
     -0.008555;0.206710;-0.024096;,
     -0.008555;0.227090;-0.024096;,
     0.000009;0.231311;-0.024096;,
     -0.008555;0.227090;-0.024096;,
     0.008573;0.227090;-0.024096;,
     0.012120;0.216900;-0.024096;,
     0.008573;0.227090;-0.024096;,
     0.008573;0.206710;-0.024096;,
     0.008573;0.206710;-0.024096;,
     -0.013482;0.200880;-0.019172;,
     0.000009;0.198494;-0.022494;,
     -0.013577;0.216900;-0.019172;,
     -0.013482;0.200880;-0.019172;,
     -0.009848;0.233014;-0.019172;,
     0.000009;0.235191;-0.019172;,
     -0.009848;0.233014;-0.019172;,
     0.009882;0.233014;-0.019172;,
     0.013577;0.216900;-0.019172;,
     0.009882;0.233014;-0.019172;,
     0.013516;0.200880;-0.019172;,
     0.013516;0.200880;-0.019172;,
     0.000008;-0.014733;-0.016875;,
     -0.010436;-0.014531;0.011594;,
     -0.010436;-0.014531;-0.013343;,
     0.000008;-0.014733;0.015127;,
     -0.013577;0.216900;0.017424;,
     -0.013482;0.200880;0.017424;,
     -0.009848;0.233014;0.017424;,
     0.000009;0.235191;0.017424;,
     -0.009848;0.233014;0.017424;,
     0.009882;0.233014;0.017424;,
     0.013577;0.216900;0.017424;,
     0.009882;0.233014;0.017424;,
     0.013516;0.200880;0.017424;,
     0.010470;-0.014531;-0.013345;,
     0.000008;-0.014733;0.015127;,
     0.000008;-0.014733;-0.016875;,
     0.000008;-0.014733;0.015127;,
     0.010470;-0.014531;-0.013345;,
     0.010470;-0.014531;0.011596;,
     -0.013482;0.188402;-0.019172;,
     0.000009;0.188225;-0.019172;,
     -0.013482;0.188402;0.017424;,
     -0.013482;0.188402;-0.019172;,
     -0.013482;0.200880;0.017424;,
     0.000009;0.188225;0.017424;,
     0.000009;0.200703;0.017424;,
     -0.013482;0.188402;0.017424;,
     0.013516;0.188402;0.017424;,
     0.013516;0.200880;0.017424;,
     0.013516;0.188402;-0.019172;,
     0.013516;0.188402;0.017424;,
     0.013516;0.188402;-0.019172;,
     -0.013482;0.209809;0.021905;,
     0.000009;0.209632;0.021905;,
     -0.013482;0.209809;0.021905;,
     -0.013577;0.216900;0.017424;,
     -0.013482;0.200880;0.017424;,
     -0.013577;0.216900;0.017424;,
     -0.013482;0.209809;0.021905;,
     -0.013577;0.221685;0.033927;,
     -0.009848;0.230168;0.033927;,
     -0.013577;0.221685;0.033927;,
     0.000009;0.231314;0.033927;,
     -0.009848;0.230168;0.033927;,
     0.009882;0.230168;0.033927;,
     0.013577;0.221685;0.033927;,
     0.009882;0.230168;0.033927;,
     0.013516;0.209809;0.021905;,
     0.013516;0.209809;0.021905;,
     -0.013577;0.221685;0.033927;,
     0.000000;0.221685;0.033927;,
     -0.009848;0.226898;0.052679;,
     -0.013577;0.221130;0.049778;,
     -0.004920;0.227288;0.052875;,
     -0.009848;0.226898;0.052679;,
     0.013577;0.221130;0.049778;,
     0.009882;0.226898;0.052679;,
     -0.009848;0.216067;0.072975;,
     -0.013577;0.214525;0.070074;,
     -0.009848;0.216067;0.072975;,
     0.013577;0.214525;0.070074;,
     0.009882;0.216067;0.072975;,
     0.000009;0.188225;-0.019172;,
     -0.010564;0.188364;-0.015700;,
     -0.013482;0.188402;-0.019172;,
     -0.010564;0.188364;-0.015700;,
     0.000009;0.188225;-0.019172;,
     0.000009;0.188225;-0.015700;,
     -0.013482;0.188402;-0.019172;,
     -0.010564;0.188364;0.013951;,
     -0.013482;0.188402;0.017424;,
     -0.010564;0.188364;-0.015700;,
     -0.013482;0.188402;0.017424;,
     0.000009;0.188225;0.013951;,
     0.000009;0.188225;0.017424;,
     0.000009;0.188225;0.013951;,
     -0.013482;0.188402;0.017424;,
     -0.010564;0.188364;0.013951;,
     0.000009;0.188225;0.017424;,
     0.010598;0.188364;0.013951;,
     0.013516;0.188402;0.017424;,
     0.010598;0.188364;0.013951;,
     0.000009;0.188225;0.017424;,
     0.000009;0.188225;0.013951;,
     0.013516;0.188402;0.017424;,
     0.010598;0.188364;-0.015700;,
     0.013516;0.188402;-0.019172;,
     0.010598;0.188364;0.013951;,
     0.013516;0.188402;-0.019172;,
     0.000009;0.188225;-0.015700;,
     0.000009;0.188225;-0.019172;,
     0.000009;0.188225;-0.015700;,
     0.013516;0.188402;-0.019172;,
     0.010598;0.188364;-0.015700;,
     0.000009;0.188225;-0.015700;,
     -0.008118;0.167712;-0.009521;,
     -0.010564;0.188364;-0.015700;,
     0.000009;0.167573;-0.011727;,
     -0.010564;0.188364;-0.015700;,
     -0.008118;0.167712;0.007772;,
     -0.010564;0.188364;0.013951;,
     -0.008118;0.167712;-0.009521;,
     -0.010564;0.188364;0.013951;,
     0.000009;0.167573;0.009978;,
     0.000009;0.188225;0.013951;,
     -0.008118;0.167712;0.007772;,
     0.008153;0.167712;0.007772;,
     0.010598;0.188364;0.013951;,
     0.010598;0.188364;0.013951;,
     0.008153;0.167712;-0.009521;,
     0.010598;0.188364;-0.015700;,
     0.008153;0.167712;0.007772;,
     0.010598;0.188364;-0.015700;,
     0.008153;0.167712;-0.009521;,
     -0.006513;0.139118;-0.007203;,
     0.000010;0.138979;-0.008818;,
     -0.006513;0.139118;0.005454;,
     -0.006513;0.139118;-0.007203;,
     0.000010;0.138979;0.007069;,
     -0.006513;0.139118;0.005454;,
     0.006547;0.139118;0.005454;,
     0.006547;0.139118;-0.007203;,
     0.006547;0.139118;0.005454;,
     0.006547;0.139118;-0.007203;,
     -0.006513;0.123931;-0.007203;,
     0.000010;0.123791;-0.008818;,
     -0.006513;0.123931;0.005454;,
     -0.006513;0.123931;-0.007203;,
     0.000010;0.123791;0.007069;,
     -0.006513;0.123931;0.005454;,
     0.006547;0.123931;0.005454;,
     0.006547;0.123931;-0.007203;,
     0.006547;0.123931;0.005454;,
     0.006547;0.123931;-0.007203;,
     -0.006513;0.095336;-0.009521;,
     0.000010;0.095197;-0.011727;,
     -0.006513;0.095336;0.007772;,
     -0.006513;0.095336;-0.009521;,
     0.000010;0.095197;0.009978;,
     -0.006513;0.095336;0.007772;,
     0.006547;0.095336;0.007772;,
     0.006547;0.095336;-0.009521;,
     0.006547;0.095336;0.007772;,
     0.006547;0.095336;-0.009521;,
     0.000010;0.095197;-0.011727;,
     -0.009431;0.095399;-0.012144;,
     -0.006513;0.095336;-0.009521;,
     -0.009431;0.095399;-0.012144;,
     0.000010;0.095197;-0.011727;,
     0.000009;0.095216;-0.015336;,
     -0.006513;0.095336;-0.009521;,
     -0.009431;0.095399;0.010395;,
     -0.006513;0.095336;0.007772;,
     -0.009431;0.095399;-0.012144;,
     -0.006513;0.095336;0.007772;,
     0.000009;0.095216;0.013588;,
     0.000010;0.095197;0.009978;,
     0.000009;0.095216;0.013588;,
     -0.006513;0.095336;0.007772;,
     -0.009431;0.095399;0.010395;,
     0.000010;0.095197;0.009978;,
     0.009465;0.095399;0.010396;,
     0.006547;0.095336;0.007772;,
     0.009465;0.095399;0.010396;,
     0.000010;0.095197;0.009978;,
     0.000009;0.095216;0.013588;,
     0.006547;0.095336;0.007772;,
     0.009464;0.095399;-0.012145;,
     0.006547;0.095336;-0.009521;,
     0.009465;0.095399;0.010396;,
     0.006547;0.095336;-0.009521;,
     0.000009;0.095216;-0.015336;,
     0.000010;0.095197;-0.011727;,
     0.000009;0.095216;-0.015336;,
     0.006547;0.095336;-0.009521;,
     0.009464;0.095399;-0.012145;,
     0.000009;0.095216;-0.015336;,
     -0.008448;0.066798;-0.010971;,
     -0.009431;0.095399;-0.012144;,
     0.000010;0.066634;-0.013832;,
     -0.009431;0.095399;-0.012144;,
     -0.008448;0.066798;0.009223;,
     -0.009431;0.095399;0.010395;,
     -0.008448;0.066798;-0.010971;,
     -0.009431;0.095399;0.010395;,
     0.000010;0.066634;0.012083;,
     0.000009;0.095216;0.013588;,
     -0.008448;0.066798;0.009223;,
     0.008481;0.066798;0.009224;,
     0.009465;0.095399;0.010396;,
     0.009465;0.095399;0.010396;,
     0.008481;0.066798;-0.010973;,
     0.009464;0.095399;-0.012145;,
     0.008481;0.066798;0.009224;,
     0.009464;0.095399;-0.012145;,
     0.008481;0.066798;-0.010973;,
     -0.007773;0.038199;-0.010166;,
     0.000010;0.038049;-0.012798;,
     -0.007773;0.038199;0.008417;,
     -0.007773;0.038199;-0.010166;,
     0.000010;0.038049;0.011050;,
     -0.007773;0.038199;0.008417;,
     0.007806;0.038199;0.008418;,
     0.007806;0.038199;-0.010167;,
     0.007806;0.038199;0.008418;,
     0.007806;0.038199;-0.010167;,
     -0.010436;-0.014531;-0.013343;,
     0.000008;-0.014733;-0.016875;,
     -0.010436;-0.014531;0.011594;,
     -0.010436;-0.014531;-0.013343;,
     0.000008;-0.014733;0.015127;,
     -0.010436;-0.014531;0.011594;,
     0.010470;-0.014531;0.011596;,
     0.010470;-0.014531;-0.013345;,
     0.010470;-0.014531;0.011596;,
     0.010470;-0.014531;-0.013345;,
     0.009882;0.226898;0.052679;,
     0.004945;0.227288;0.052875;,
     0.009882;0.216067;0.072975;,
     0.013577;0.221685;0.033927;,
     0.009882;0.216067;0.072975;,
     0.009912;0.214525;0.070074;,
     0.013577;0.214525;0.070074;,
     -0.009912;0.214525;0.070074;,
     -0.009848;0.216067;0.072975;,
     -0.013577;0.214525;0.070074;,
     0.013577;0.214525;0.070074;,
     0.004692;0.221130;0.049778;,
     0.013577;0.221130;0.049778;,
     0.009912;0.214525;0.070074;,
     -0.004692;0.221130;0.049778;,
     -0.013577;0.221130;0.049778;,
     -0.009912;0.214525;0.070074;,
     -0.013577;0.214525;0.070074;,
     0.000009;0.231314;0.033927;,
     -0.004692;0.221130;0.049778;,
     0.000000;0.221685;0.033927;,
     -0.004920;0.227288;0.052875;,
     -0.009912;0.214525;0.070074;,
     -0.009848;0.216067;0.072975;,
     0.009912;0.214525;0.070074;,
     0.004945;0.227288;0.052875;,
     0.004692;0.221130;0.049778;,
     0.009882;0.216067;0.072975;,
     0.000009;0.231314;0.033927;,
     0.000000;0.221685;0.033927;;
     258;
     3;0,1,2;,
     3;1,0,3;,
     3;4,5,6;,
     3;5,4,7;,
     3;6,8,9;,
     3;8,6,5;,
     3;10,11,12;,
     3;11,10,13;,
     3;12,14,15;,
     3;14,12,11;,
     3;16,17,18;,
     3;17,16,19;,
     3;18,20,21;,
     3;20,18,17;,
     3;22,3,0;,
     3;3,22,23;,
     3;24,25,26;,
     3;25,27,28;,
     3;27,29,30;,
     3;25,29,27;,
     3;24,29,25;,
     3;31,29,24;,
     3;32,33,34;,
     3;33,32,35;,
     3;36,37,38;,
     3;37,36,39;,
     3;40,41,42;,
     3;41,40,43;,
     3;44,45,46;,
     3;45,44,47;,
     3;48,49,50;,
     3;49,48,51;,
     3;52,53,54;,
     3;53,52,55;,
     3;56,57,58;,
     3;57,56,59;,
     3;60,61,62;,
     3;61,60,63;,
     3;35,64,33;,
     3;64,35,65;,
     3;39,66,37;,
     3;66,39,67;,
     3;43,68,41;,
     3;68,43,66;,
     3;47,69,45;,
     3;69,47,70;,
     3;51,71,49;,
     3;71,51,69;,
     3;55,72,53;,
     3;72,55,73;,
     3;59,74,57;,
     3;74,59,72;,
     3;63,65,61;,
     3;65,63,75;,
     3;65,76,64;,
     3;76,65,77;,
     3;67,78,66;,
     3;78,67,79;,
     3;66,80,68;,
     3;80,66,78;,
     3;70,81,69;,
     3;81,70,82;,
     3;69,83,71;,
     3;83,69,81;,
     3;73,84,72;,
     3;84,73,85;,
     3;72,86,74;,
     3;86,72,84;,
     3;75,77,65;,
     3;77,75,87;,
     3;88,89,90;,
     3;89,88,91;,
     3;79,92,78;,
     3;92,79,93;,
     3;78,94,80;,
     3;94,78,92;,
     3;82,95,81;,
     3;95,82,96;,
     3;81,97,83;,
     3;97,81,95;,
     3;85,98,84;,
     3;98,85,99;,
     3;84,100,86;,
     3;100,84,98;,
     3;101,102,103;,
     3;104,105,106;,
     3;77,107,76;,
     3;107,77,108;,
     3;79,109,93;,
     3;109,79,110;,
     3;111,112,113;,
     3;112,111,114;,
     3;113,115,116;,
     3;115,113,112;,
     3;100,117,86;,
     3;117,100,118;,
     3;87,108,77;,
     3;108,87,119;,
     3;113,120,111;,
     3;120,113,121;,
     3;122,123,124;,
     3;125,126,127;,
     3;92,128,94;,
     3;128,92,129;,
     3;96,130,95;,
     3;130,96,131;,
     3;95,132,97;,
     3;132,95,130;,
     3;99,133,98;,
     3;133,99,134;,
     3;98,135,100;,
     3;135,98,133;,
     3;116,121,113;,
     3;121,116,136;,
     3;137,121,138;,
     3;121,137,120;,
     3;129,139,128;,
     3;139,129,140;,
     3;131,141,130;,
     3;141,131,142;,
     3;134,143,133;,
     3;143,134,144;,
     3;140,145,139;,
     3;145,140,146;,
     3;142,147,141;,
     3;144,148,143;,
     3;148,144,149;,
     3;150,151,152;,
     3;153,154,155;,
     3;156,157,158;,
     3;157,156,159;,
     3;160,161,162;,
     3;163,164,165;,
     3;166,167,168;,
     3;169,170,171;,
     3;172,173,174;,
     3;173,172,175;,
     3;176,177,178;,
     3;179,180,181;,
     3;182,183,184;,
     3;183,182,185;,
     3;186,187,188;,
     3;187,186,189;,
     3;190,191,192;,
     3;191,190,193;,
     3;192,194,195;,
     3;194,192,191;,
     3;196,197,198;,
     3;197,196,199;,
     3;200,185,182;,
     3;185,200,201;,
     3;185,202,183;,
     3;202,185,203;,
     3;189,204,187;,
     3;204,189,205;,
     3;193,206,191;,
     3;206,193,207;,
     3;191,208,194;,
     3;208,191,206;,
     3;199,209,197;,
     3;209,199,210;,
     3;201,203,185;,
     3;203,201,211;,
     3;203,212,202;,
     3;212,203,213;,
     3;205,214,204;,
     3;214,205,215;,
     3;207,216,206;,
     3;216,207,217;,
     3;206,218,208;,
     3;218,206,216;,
     3;210,219,209;,
     3;219,210,220;,
     3;211,213,203;,
     3;213,211,221;,
     3;213,222,212;,
     3;222,213,223;,
     3;215,224,214;,
     3;224,215,225;,
     3;217,226,216;,
     3;226,217,227;,
     3;216,228,218;,
     3;228,216,226;,
     3;220,229,219;,
     3;229,220,230;,
     3;221,223,213;,
     3;223,221,231;,
     3;232,233,234;,
     3;235,236,237;,
     3;238,239,240;,
     3;239,238,241;,
     3;242,243,244;,
     3;245,246,247;,
     3;248,249,250;,
     3;251,252,253;,
     3;254,255,256;,
     3;255,254,257;,
     3;258,259,260;,
     3;261,262,263;,
     3;264,265,266;,
     3;265,264,267;,
     3;268,269,270;,
     3;269,268,271;,
     3;272,273,274;,
     3;273,272,275;,
     3;274,276,277;,
     3;276,274,273;,
     3;278,279,280;,
     3;279,278,281;,
     3;282,267,264;,
     3;267,282,283;,
     3;267,284,265;,
     3;284,267,285;,
     3;271,286,269;,
     3;286,271,287;,
     3;275,288,273;,
     3;288,275,289;,
     3;273,290,276;,
     3;290,273,288;,
     3;281,291,279;,
     3;291,281,292;,
     3;283,285,267;,
     3;285,283,293;,
     3;285,294,284;,
     3;294,285,295;,
     3;287,296,286;,
     3;296,287,297;,
     3;289,298,288;,
     3;298,289,299;,
     3;288,300,290;,
     3;300,288,298;,
     3;292,301,291;,
     3;301,292,302;,
     3;293,295,285;,
     3;295,293,303;,
     3;130,304,132;,
     3;304,130,305;,
     3;305,306,304;,
     3;307,121,136;,
     3;121,307,138;,
     3;308,309,310;,
     3;311,312,313;,
     3;314,315,316;,
     3;315,314,317;,
     3;316,138,307;,
     3;138,316,315;,
     3;137,318,319;,
     3;318,137,138;,
     3;319,320,321;,
     3;320,319,318;,
     3;322,323,324;,
     3;323,322,325;,
     3;325,326,323;,
     3;326,325,327;,
     3;328,329,330;,
     3;329,328,331;,
     3;330,332,333;,
     3;332,330,329;;

     MeshNormals {
      334;
      -0.000000;-1.000000;0.000000;,
      -0.749205;-0.662338;0.000000;,
      -0.749205;-0.662338;0.000000;,
      -0.000000;-1.000000;0.000000;,
      -0.749205;-0.662338;0.000000;,
      -1.000000;-0.000000;0.000000;,
      -1.000000;-0.000000;0.000000;,
      -0.749205;-0.662338;0.000000;,
      -0.749205;0.662338;-0.000000;,
      -0.749205;0.662338;-0.000000;,
      -0.749205;0.662338;-0.000000;,
      -0.000000;1.000000;-0.000000;,
      -0.000000;1.000000;-0.000000;,
      -0.749205;0.662338;-0.000000;,
      0.749205;0.662338;-0.000001;,
      0.749206;0.662338;-0.000001;,
      0.749206;0.662338;-0.000001;,
      1.000000;-0.000000;-0.000000;,
      1.000000;0.000000;-0.000000;,
      0.749205;0.662338;-0.000001;,
      0.749206;-0.662338;-0.000000;,
      0.749205;-0.662338;-0.000000;,
      0.749205;-0.662338;-0.000000;,
      0.749206;-0.662338;-0.000000;,
      -0.000000;-0.000000;-1.000000;,
      -0.000000;-0.000000;-1.000000;,
      -0.000000;-0.000001;-1.000000;,
      -0.000000;-0.000000;-1.000000;,
      -0.000000;-0.000001;-1.000000;,
      -0.000000;0.000000;-1.000000;,
      0.000001;0.000001;-1.000000;,
      -0.000002;0.000001;-1.000000;,
      -0.409799;-0.831466;0.375138;,
      -0.439953;-0.892645;0.098112;,
      -0.409799;-0.831466;0.375138;,
      -0.451500;-0.887412;0.092992;,
      -0.889122;-0.309517;0.337137;,
      -0.940633;-0.327449;0.089366;,
      -0.889122;-0.309517;0.337137;,
      -0.940392;-0.327365;0.092172;,
      -0.889122;0.309517;0.337137;,
      -0.940392;0.327365;0.092171;,
      -0.889122;0.309517;0.337137;,
      -0.940633;0.327449;0.089366;,
      -0.409798;0.831467;0.375138;,
      -0.439794;0.892323;0.101688;,
      -0.409798;0.831467;0.375137;,
      -0.439953;0.892645;0.098112;,
      0.409798;0.831467;0.375137;,
      0.439951;0.892646;0.098112;,
      0.409798;0.831467;0.375137;,
      0.439792;0.892324;0.101688;,
      0.889122;0.309517;0.337136;,
      0.940634;0.327449;0.089365;,
      0.889123;0.309517;0.337136;,
      0.940392;0.327365;0.092171;,
      0.889122;-0.309517;0.337136;,
      0.940392;-0.327365;0.092172;,
      0.889122;-0.309517;0.337136;,
      0.940633;-0.327449;0.089365;,
      0.409799;-0.831466;0.375137;,
      0.440745;-0.894254;0.077807;,
      0.409799;-0.831467;0.375137;,
      0.451638;-0.888152;0.084905;,
      -0.486197;-0.591011;-0.643676;,
      0.038304;-0.859617;-0.509501;,
      -0.966798;-0.023472;-0.254460;,
      -0.868507;-0.183266;-0.460552;,
      -0.863454;0.300581;-0.405090;,
      -0.043647;0.874218;-0.483568;,
      -0.346713;0.815053;-0.464197;,
      0.383952;0.779023;-0.495685;,
      0.955915;0.069244;-0.285364;,
      0.904856;0.263335;-0.334499;,
      0.772334;-0.268861;-0.575512;,
      0.426076;-0.688302;-0.587112;,
      -0.311778;-0.211370;-0.926346;,
      0.079966;-0.468484;-0.879846;,
      -0.980424;0.055972;-0.188776;,
      -0.986533;-0.003416;-0.163528;,
      -0.958142;0.241670;-0.153493;,
      -0.024450;0.941305;-0.336670;,
      -0.194686;0.881511;-0.430158;,
      0.249554;0.886690;-0.389236;,
      0.979826;0.125576;-0.155471;,
      0.961997;0.220599;-0.160925;,
      0.987778;-0.033618;-0.152197;,
      0.194835;-0.274160;-0.941741;,
      -0.019385;-0.999812;0.000000;,
      -0.019385;-0.999812;0.000000;,
      -0.019385;-0.999812;0.000000;,
      -0.019385;-0.999812;0.000000;,
      -0.986756;0.162174;-0.003585;,
      -0.999996;-0.002973;0.000000;,
      -0.974082;0.225448;0.018345;,
      -0.008155;0.994554;0.103900;,
      -0.197770;0.974658;0.104543;,
      0.214536;0.973073;0.084283;,
      0.994944;0.099677;-0.012298;,
      0.967816;0.251467;-0.009861;,
      0.999997;-0.002146;0.000977;,
      0.019342;-0.999813;-0.000000;,
      0.019342;-0.999813;-0.000000;,
      0.019342;-0.999813;-0.000000;,
      0.019350;-0.999813;0.000003;,
      0.019350;-0.999813;0.000003;,
      0.019350;-0.999813;0.000003;,
      -0.143275;-0.131367;-0.980926;,
      0.074866;-0.236398;-0.968768;,
      -1.000000;-0.000000;0.000000;,
      -1.000000;-0.000000;0.000000;,
      -0.003057;-0.232301;0.972639;,
      0.000000;0.000001;1.000000;,
      -0.000002;-0.228648;0.973509;,
      -0.000001;0.000001;1.000000;,
      0.000001;0.000001;1.000000;,
      0.003054;-0.232299;0.972640;,
      1.000000;-0.000000;-0.000000;,
      1.000000;-0.000000;-0.000000;,
      -0.000000;-0.000001;-1.000000;,
      -0.007750;-0.588922;0.808153;,
      -0.000003;-0.585623;0.810583;,
      -0.999912;-0.005946;0.011848;,
      -0.999912;-0.005946;0.011848;,
      -0.999912;-0.005946;0.011848;,
      -0.999930;-0.011353;0.003292;,
      -0.999930;-0.011353;0.003292;,
      -0.999930;-0.011353;0.003292;,
      -0.934703;0.355300;0.009564;,
      -0.908390;0.416702;-0.034460;,
      -0.010856;0.980785;0.194788;,
      -0.111385;0.978607;0.172980;,
      0.130045;0.973435;0.188450;,
      0.950259;0.311361;0.007849;,
      0.909274;0.412746;0.053489;,
      0.999972;-0.005154;0.005439;,
      0.007740;-0.588827;0.808222;,
      -0.002174;-0.931065;0.364848;,
      0.000000;-0.913203;0.407505;,
      -0.873020;0.465549;0.145257;,
      -0.845576;0.521397;0.114661;,
      -0.091795;0.948210;0.304092;,
      -0.087346;0.942360;0.322999;,
      0.872100;0.477837;0.105419;,
      0.848020;0.510566;0.142073;,
      -0.635353;0.726851;0.260795;,
      -0.535478;0.803084;0.261378;,
      -0.088127;0.878800;0.468981;,
      0.647104;0.679442;0.345853;,
      0.593764;0.709879;0.378835;,
      -0.013156;-0.999914;0.000005;,
      -0.013156;-0.999914;0.000005;,
      -0.013156;-0.999914;0.000005;,
      -0.013158;-0.999914;0.000000;,
      -0.013158;-0.999914;0.000000;,
      -0.013158;-0.999914;0.000000;,
      -0.013151;-0.999914;0.000000;,
      -0.013151;-0.999914;0.000000;,
      -0.013151;-0.999914;0.000000;,
      -0.013151;-0.999914;0.000000;,
      -0.013156;-0.999914;0.000000;,
      -0.013156;-0.999914;0.000000;,
      -0.013156;-0.999914;0.000000;,
      -0.013158;-0.999914;-0.000006;,
      -0.013158;-0.999914;-0.000006;,
      -0.013158;-0.999914;-0.000006;,
      0.013139;-0.999914;-0.000001;,
      0.013139;-0.999914;-0.000001;,
      0.013139;-0.999914;-0.000001;,
      0.013140;-0.999914;-0.000000;,
      0.013140;-0.999914;-0.000000;,
      0.013140;-0.999914;-0.000000;,
      0.013138;-0.999914;-0.000000;,
      0.013138;-0.999914;-0.000000;,
      0.013138;-0.999914;-0.000000;,
      0.013138;-0.999914;-0.000000;,
      0.013139;-0.999914;-0.000000;,
      0.013139;-0.999914;-0.000000;,
      0.013139;-0.999914;-0.000000;,
      0.013140;-0.999914;0.000002;,
      0.013140;-0.999914;0.000002;,
      0.013140;-0.999914;0.000002;,
      -0.031174;-0.226912;-0.973416;,
      -0.224241;-0.155931;-0.961978;,
      -0.003778;-0.287069;-0.957902;,
      -0.019441;-0.168304;-0.985543;,
      -0.993060;-0.117610;0.000000;,
      -0.995918;-0.090263;0.000000;,
      -0.993060;-0.117610;0.000000;,
      -0.995918;-0.090263;0.000000;,
      -0.065779;-0.219466;0.973400;,
      0.018912;-0.168331;0.985549;,
      0.031165;-0.226890;0.973422;,
      -0.258161;-0.205230;0.944052;,
      0.223744;-0.155961;0.962089;,
      0.003773;-0.287070;0.957902;,
      0.993061;-0.117604;-0.000000;,
      0.995917;-0.090276;-0.000000;,
      0.993061;-0.117604;-0.000000;,
      0.995917;-0.090276;-0.000000;,
      0.065759;-0.219507;-0.973392;,
      0.257650;-0.205221;-0.944193;,
      -0.242944;-0.049846;-0.968759;,
      0.000748;-0.049040;-0.998797;,
      -0.999587;-0.028733;0.000000;,
      -0.999587;-0.028733;0.000000;,
      -0.001239;-0.049040;0.998796;,
      -0.240986;-0.047075;0.969386;,
      0.242468;-0.049842;0.968878;,
      0.999587;-0.028749;-0.000000;,
      0.999587;-0.028749;-0.000000;,
      0.240504;-0.047070;-0.969506;,
      -0.239352;0.038502;-0.970169;,
      -0.003560;0.047238;-0.998877;,
      -1.000000;-0.000002;0.000000;,
      -1.000000;-0.000002;0.000000;,
      0.003067;0.047239;0.998879;,
      -0.245134;0.046666;0.968366;,
      0.238880;0.038509;0.970285;,
      1.000000;0.000002;-0.000000;,
      1.000000;0.000002;-0.000000;,
      0.244656;0.046672;-0.968486;,
      -0.305867;0.093524;-0.947470;,
      -0.006105;0.092554;-0.995689;,
      -1.000000;-0.000001;0.000000;,
      -1.000000;-0.000001;0.000000;,
      0.005491;0.092555;0.995693;,
      -0.317993;0.076600;0.944994;,
      0.305267;0.093539;0.947662;,
      1.000000;0.000001;-0.000000;,
      1.000000;0.000001;-0.000000;,
      0.317386;0.076616;-0.945196;,
      0.021327;0.999773;-0.000000;,
      0.021327;0.999773;-0.000000;,
      0.021327;0.999773;-0.000000;,
      0.021103;0.999764;0.005078;,
      0.021103;0.999764;0.005078;,
      0.021103;0.999764;0.005078;,
      0.021327;0.999773;-0.000000;,
      0.021327;0.999773;-0.000000;,
      0.021327;0.999773;-0.000000;,
      0.021327;0.999773;-0.000000;,
      0.023040;0.999722;-0.005077;,
      0.023040;0.999722;-0.005077;,
      0.023040;0.999722;-0.005077;,
      0.019915;0.999800;-0.001571;,
      0.019915;0.999800;-0.001571;,
      0.019915;0.999800;-0.001571;,
      -0.021286;0.999773;-0.000002;,
      -0.021286;0.999773;-0.000002;,
      -0.021286;0.999773;-0.000002;,
      -0.021061;0.999765;-0.005087;,
      -0.021061;0.999765;-0.005087;,
      -0.021061;0.999765;-0.005087;,
      -0.021287;0.999773;0.000000;,
      -0.021287;0.999773;0.000000;,
      -0.021287;0.999773;0.000000;,
      -0.021287;0.999773;0.000000;,
      -0.023004;0.999722;0.005088;,
      -0.023004;0.999722;0.005088;,
      -0.023004;0.999722;0.005088;,
      -0.019876;0.999801;0.001570;,
      -0.019876;0.999801;0.001570;,
      -0.019876;0.999801;0.001570;,
      -0.000324;-0.052562;-0.998618;,
      -0.320837;-0.042182;-0.946195;,
      -0.320857;-0.049788;-0.945818;,
      -0.000320;-0.044329;-0.999017;,
      -0.999411;-0.034330;0.000000;,
      -0.999577;-0.029081;0.000000;,
      -0.999411;-0.034330;0.000000;,
      -0.999577;-0.029081;0.000000;,
      -0.320862;-0.049788;0.945817;,
      -0.000320;-0.044329;0.999017;,
      -0.000323;-0.052562;0.998618;,
      -0.320842;-0.042181;0.946193;,
      0.320235;-0.042182;0.946399;,
      0.320256;-0.049788;0.946022;,
      0.999410;-0.034354;-0.000000;,
      0.999576;-0.029102;-0.000000;,
      0.999410;-0.034354;-0.000000;,
      0.999576;-0.029102;-0.000000;,
      0.320251;-0.049789;-0.946024;,
      0.320231;-0.042182;-0.946400;,
      -0.319999;0.019059;-0.947226;,
      -0.000320;0.021385;-0.999771;,
      -0.999905;0.013794;0.000000;,
      -0.999905;0.013794;0.000000;,
      -0.000320;0.021385;0.999771;,
      -0.320003;0.019060;0.947225;,
      0.319397;0.019061;0.947429;,
      0.999905;0.013801;-0.000000;,
      0.999905;0.013801;-0.000000;,
      0.319393;0.019060;-0.947431;,
      -0.318262;0.073019;-0.945186;,
      -0.000313;0.077015;-0.997030;,
      -0.998727;0.050433;0.000000;,
      -0.998727;0.050433;0.000000;,
      -0.000314;0.077017;0.997030;,
      -0.318266;0.073020;0.945185;,
      0.317665;0.073019;0.945387;,
      0.998726;0.050463;-0.000001;,
      0.998726;0.050463;-0.000001;,
      0.317662;0.073018;-0.945389;,
      0.091726;0.940231;0.327950;,
      0.087040;0.946368;0.311147;,
      0.087975;0.878812;0.468988;,
      0.002174;-0.930961;0.365113;,
      -0.000001;-0.882948;0.469471;,
      -0.000001;-0.882948;0.469471;,
      -0.000001;-0.882948;0.469471;,
      0.000002;-0.882948;0.469471;,
      0.000002;-0.882948;0.469471;,
      0.000002;-0.882948;0.469471;,
      0.000001;-0.950903;-0.309488;,
      0.000000;-0.988537;-0.150979;,
      -0.000000;-0.984756;-0.173941;,
      0.000001;-0.950903;-0.309488;,
      -0.000000;-0.988537;-0.150979;,
      -0.000000;-0.984756;-0.173941;,
      -0.000001;-0.950903;-0.309488;,
      -0.000002;-0.950903;-0.309488;,
      0.962220;-0.021686;0.271407;,
      0.968883;-0.067733;0.238070;,
