xof 0303txt 0032
template ColorRGBA {
 <35ff44e0-6c7c-11cf-8f52-0040333594a3>
 FLOAT red;
 FLOAT green;
 FLOAT blue;
 FLOAT alpha;
}

template ColorRGB {
 <d3e16e81-7835-11cf-8f52-0040333594a3>
 FLOAT red;
 FLOAT green;
 FLOAT blue;
}

template Material {
 <3d82ab4d-62da-11cf-ab39-0020af71e433>
 ColorRGBA faceColor;
 FLOAT power;
 ColorRGB specularColor;
 ColorRGB emissiveColor;
 [...]
}

template TextureFilename {
 <a42790e1-7810-11cf-8f52-0040333594a3>
 STRING filename;
}

template Frame {
 <3d82ab46-62da-11cf-ab39-0020af71e433>
 [...]
}

template Matrix4x4 {
 <f6f23f45-7686-11cf-8f52-0040333594a3>
 array FLOAT matrix[16];
}

template FrameTransformMatrix {
 <f6f23f41-7686-11cf-8f52-0040333594a3>
 Matrix4x4 frameMatrix;
}

template Vector {
 <3d82ab5e-62da-11cf-ab39-0020af71e433>
 FLOAT x;
 FLOAT y;
 FLOAT z;
}

template MeshFace {
 <3d82ab5f-62da-11cf-ab39-0020af71e433>
 DWORD nFaceVertexIndices;
 array DWORD faceVertexIndices[nFaceVertexIndices];
}

template Mesh {
 <3d82ab44-62da-11cf-ab39-0020af71e433>
 DWORD nVertices;
 array Vector vertices[nVertices];
 DWORD nFaces;
 array MeshFace faces[nFaces];
 [...]
}

template MeshNormals {
 <f6f23f43-7686-11cf-8f52-0040333594a3>
 DWORD nNormals;
 array Vector normals[nNormals];
 DWORD nFaceNormals;
 array MeshFace faceNormals[nFaceNormals];
}

template MeshMaterialList {
 <f6f23f42-7686-11cf-8f52-0040333594a3>
 DWORD nMaterials;
 DWORD nFaceIndexes;
 array DWORD faceIndexes[nFaceIndexes];
 [Material <3d82ab4d-62da-11cf-ab39-0020af71e433>]
}

template Coords2d {
 <f6f23f44-7686-11cf-8f52-0040333594a3>
 FLOAT u;
 FLOAT v;
}

template MeshTextureCoords {
 <f6f23f40-7686-11cf-8f52-0040333594a3>
 DWORD nTextureCoords;
 array Coords2d textureCoords[nTextureCoords];
}

template XSkinMeshHeader {
 <3cf169ce-ff7c-44ab-93c0-f78f62d172e2>
 WORD nMaxSkinWeightsPerVertex;
 WORD nMaxSkinWeightsPerFace;
 WORD nBones;
}

template SkinWeights {
 <6f0d123b-bad2-4167-a0d0-80224f25fabb>
 STRING transformNodeName;
 DWORD nWeights;
 array DWORD vertexIndices[nWeights];
 array FLOAT weights[nWeights];
 Matrix4x4 matrixOffset;
}

template AnimTicksPerSecond {
 <9e415a43-7ba6-4a73-8743-b73d47e88476>
 DWORD AnimTicksPerSecond;
}

template Animation {
 <3d82ab4f-62da-11cf-ab39-0020af71e433>
 [...]
}

template AnimationSet {
 <3d82ab50-62da-11cf-ab39-0020af71e433>
 [Animation <3d82ab4f-62da-11cf-ab39-0020af71e433>]
}

template FloatKeys {
 <10dd46a9-775b-11cf-8f52-0040333594a3>
 DWORD nValues;
 array FLOAT values[nValues];
}

template TimedFloatKeys {
 <f406b180-7b3b-11cf-8f52-0040333594a3>
 DWORD time;
 FloatKeys tfkeys;
}

template AnimationKey {
 <10dd46a8-775b-11cf-8f52-0040333594a3>
 DWORD keyType;
 DWORD nKeys;
 array TimedFloatKeys keys[nKeys];
}


Material Material__234 {
 1.000000;1.000000;1.000000;1.000000;;
 9.999999;
 0.000000;0.000000;0.000000;;
 0.000000;0.000000;0.000000;;

 TextureFilename {
  "Objects_Handgun.png";
 }
}

Material _01_-_Default {
 1.000000;1.000000;1.000000;1.000000;;
 100.000000;
 0.200000;0.200000;0.200000;;
 0.000000;0.000000;0.000000;;

 TextureFilename {
  "Dress_Crafted.png";
 }
}

Frame Dummy01 {
 

 FrameTransformMatrix {
  1.000000,0.000000,0.000000,0.000000,0.000000,-0.000000,-1.000000,0.000000,0.000000,1.000000,-0.000000,0.000000,0.000000,0.000000,0.000000,1.000000;;
 }

 Frame Bip01 {
  

  FrameTransformMatrix {
   -0.471688,0.860167,0.193967,0.000000,0.117267,-0.156828,0.980639,0.000000,0.873933,0.485301,-0.026895,0.000000,-0.018073,-0.025440,0.475093,1.000000;;
  }

  Frame Bip01_Pelvis {
   

   FrameTransformMatrix {
    -0.049730,0.997092,-0.057742,0.000000,-0.046873,0.055420,0.997362,0.000000,0.997662,0.052306,0.043981,0.000000,0.000000,0.000000,0.000000,1.000000;;
   }

   Frame Bip01_Spine {
    

    FrameTransformMatrix {
     0.986506,0.007094,0.163572,0.000000,-0.042679,0.975662,0.215085,0.000000,-0.158065,-0.219163,0.962800,0.000000,0.051497,0.002880,0.002619,1.000000;;
    }

    Frame Bip01_Spine1 {
     

     FrameTransformMatrix {
      0.964854,0.080206,0.250248,0.000000,-0.090663,0.995414,0.030524,0.000000,-0.246652,-0.052139,0.967701,0.000000,0.106501,0.000004,-0.000082,1.000000;;
     }

     Frame Bip01_Neck {
      

      FrameTransformMatrix {
       0.955825,0.129345,0.263948,0.000000,0.021022,0.865595,-0.500303,0.000000,-0.293184,0.483751,0.824638,0.000000,0.130512,-0.000013,0.004630,1.000000;;
      }

      Frame Bip01_Head {
       

       FrameTransformMatrix {
        0.924836,0.005054,-0.380332,0.000000,-0.073164,0.983603,-0.164839,0.000000,0.373262,0.180276,0.910041,0.000000,0.033674,0.000000,0.000000,1.000000;;
       }
      }

      Frame Bip01_L_Clavicle {
       

       FrameTransformMatrix {
        0.068058,0.946702,0.314839,0.000000,0.956129,0.028234,-0.291583,0.000000,-0.284931,0.320871,-0.903247,0.000000,-0.022159,0.015425,0.010836,1.000000;;
       }

       Frame Bip01_L_UpperArm {
        

        FrameTransformMatrix {
         0.302933,-0.572326,-0.762020,0.000000,0.922900,0.375585,0.084801,0.000000,0.237669,-0.728958,0.641976,0.000000,0.087086,0.000000,0.000000,1.000000;;
        }

        Frame Bip01_L_Forearm {
         

         FrameTransformMatrix {
          0.049762,0.000000,-0.998761,0.000000,0.000000,1.000000,0.000000,0.000000,0.998761,0.000000,0.049762,0.000000,0.137062,0.000000,0.000000,1.000000;;
         }

         Frame Bip01_L_Hand {
          

          FrameTransformMatrix {
           0.758832,0.469708,0.451164,0.000000,-0.462372,-0.099336,0.881104,0.000000,0.458679,-0.877215,0.141800,0.000000,0.137062,-0.000000,0.000000,1.000000;;
          }

          Frame Bip01_L_Finger0 {
           

           FrameTransformMatrix {
            0.616910,-0.785389,-0.050870,0.000000,0.787019,0.616011,0.033661,0.000000,0.004899,-0.060802,0.998138,0.000000,0.057681,-0.023605,-0.000272,1.000000;;
           }
          }

          Frame Bip01_L_Finger1 {
           

           FrameTransformMatrix {
            -0.416577,-0.268901,0.868421,0.000000,-0.384803,0.917615,0.099546,0.000000,-0.823644,-0.292703,-0.485732,0.000000,0.084102,0.000000,0.000000,1.000000;;
           }
          }
         }
        }
       }
      }

      Frame Bip01_R_Clavicle {
       

       FrameTransformMatrix {
        0.122300,-0.979098,-0.162509,0.000000,-0.947877,-0.163767,0.273331,0.000000,-0.294232,0.120610,-0.948093,0.000000,-0.026224,-0.011780,-0.004368,1.000000;;
       }

       Frame Bip01_R_UpperArm {
        

        FrameTransformMatrix {
         -0.131748,0.186737,-0.973536,0.000000,-0.671846,0.705304,0.226207,0.000000,0.728880,0.683868,0.032536,0.000000,0.087086,0.000000,-0.000000,1.000000;;
        }

        Frame Bip01_R_Forearm {
         

         FrameTransformMatrix {
          0.533854,0.000000,-0.845577,0.000000,0.000000,1.000000,-0.000000,0.000000,0.845577,-0.000000,0.533854,0.000000,0.137062,-0.000000,-0.000000,1.000000;;
         }

         Frame Bip01_R_Hand {
          

          FrameTransformMatrix {
           0.823258,-0.150439,0.547371,0.000000,0.345711,-0.631941,-0.693639,0.000000,0.450256,0.760275,-0.468242,0.000000,0.137062,0.000000,0.000000,1.000000;;
          }

          Frame Bip01_R_Finger0 {
           

           FrameTransformMatrix {
            -0.119180,0.310912,0.942937,0.000000,-0.869175,0.426392,-0.250449,0.000000,-0.479928,-0.849426,0.219420,0.000000,0.057681,0.023605,-0.000272,1.000000;;
           }
          }

          Frame Bip01_R_Finger1 {
           

           FrameTransformMatrix {
            0.077369,0.000794,0.997002,0.000000,0.000000,1.000000,-0.000796,0.000000,-0.997002,0.000062,0.077369,0.000000,0.084102,-0.000000,0.000000,1.000000;;
           }
          }
         }
        }
       }
      }
     }

     Frame Bip01_BackPack {
      

      FrameTransformMatrix {
       0.160852,0.269783,-0.949391,0.000000,-0.058700,0.962829,0.263656,0.000000,0.985231,0.013320,0.170710,0.000000,0.063697,-0.000001,-0.088855,1.000000;;
      }
     }
    }

    Frame Bip01_L_Thigh {
     

     FrameTransformMatrix {
      -0.988752,-0.137146,-0.059669,0.000000,0.118352,-0.961375,0.248498,0.000000,-0.091445,0.238641,0.966793,0.000000,-0.050859,0.052706,-0.005854,1.000000;;
     }

     Frame Bip01_L_Calf {
      

      FrameTransformMatrix {
       0.708310,0.000000,-0.705902,0.000000,0.000000,1.000000,0.000000,0.000000,0.705902,0.000000,0.708310,0.000000,0.237500,0.000000,0.000000,1.000000;;
      }

      Frame Bip01_L_Foot {
       

       FrameTransformMatrix {
        0.971661,0.056734,0.229470,0.000000,-0.093588,0.983775,0.153059,0.000000,-0.217063,-0.170198,0.961206,0.000000,0.206841,-0.000000,0.000000,1.000000;;
       }

       Frame Bip01_L_Toe0 {
        

        FrameTransformMatrix {
         -0.829103,0.023564,0.558599,0.000000,0.168694,0.963091,0.209758,0.000000,-0.533039,0.268143,-0.802477,0.000000,0.065373,0.000000,0.066450,1.000000;;
        }
       }
      }
     }
    }

    Frame Bip01_R_Thigh {
     

     FrameTransformMatrix {
      -0.915279,0.069123,0.396846,0.000000,-0.072202,-0.997364,0.007197,0.000000,0.396298,-0.022066,0.917857,0.000000,-0.051642,-0.055057,0.018353,1.000000;;
     }

     Frame Bip01_R_Calf {
      

      FrameTransformMatrix {
       0.704522,0.000000,-0.709683,0.000000,0.000000,1.000000,-0.000000,0.000000,0.709683,0.000000,0.704521,0.000000,0.237500,0.000000,-0.000000,1.000000;;
      }

      Frame Bip01_R_Foot {
       

       FrameTransformMatrix {
        0.959999,0.036117,0.277663,0.000000,-0.037125,0.999309,-0.001628,0.000000,-0.277530,-0.008745,0.960677,0.000000,0.206841,0.000000,-0.000000,1.000000;;
       }

       Frame Bip01_R_Toe0 {
        

        FrameTransformMatrix {
         0.782560,-0.159191,0.601879,0.000000,-0.162131,0.881289,0.443895,0.000000,-0.601093,-0.444958,0.663852,0.000000,0.065373,0.000000,0.066450,1.000000;;
        }
       }
      }
     }
    }
   }

   Frame Bip01_DressFront {
    

    FrameTransformMatrix {
     -0.962899,-0.058064,0.263541,0.000000,-0.049155,0.997979,0.040280,0.000000,-0.265347,0.025831,-0.963807,0.000000,-0.043963,0.001395,0.061082,1.000000;;
    }

    Frame Bip01_DressFront02 {
     

     FrameTransformMatrix {
      0.839849,-0.060839,0.539400,0.000000,0.057651,0.998076,0.022810,0.000000,-0.539750,0.011940,0.841741,0.000000,0.183395,-0.000002,-0.000111,1.000000;;
     }
    }
   }

   Frame Bip01_DressBack {
    

    FrameTransformMatrix {
     -0.953727,-0.256307,0.157200,0.000000,-0.298488,0.870018,-0.392396,0.000000,-0.036193,-0.421161,-0.906264,0.000000,-0.047727,0.000059,-0.078292,1.000000;;
    }

    Frame Bip01_DressBack02 {
     

     FrameTransformMatrix {
      0.599868,0.119546,0.791118,0.000000,-0.199374,0.979919,0.003101,0.000000,-0.774860,-0.159588,0.611656,0.000000,0.176243,0.000017,-0.000067,1.000000;;
     }
    }
   }
  }

  Frame Bip01_Prop1 {
   

   FrameTransformMatrix {
    0.491252,-0.090907,-0.866261,0.000000,0.842093,-0.204597,0.499018,0.000000,-0.222599,-0.974616,-0.023957,0.000000,0.265674,0.241697,0.085375,1.000000;;
   }

   Frame Handgun {
    

    FrameTransformMatrix {
     1.000001,0.000000,-0.000000,0.000000,-0.000000,1.000000,0.000001,0.000000,0.000000,-0.000000,1.000000,0.000000,0.000000,0.000000,0.000000,1.000000;;
    }

    Mesh Handgun {
     212;
     -0.000000;-0.003020;-0.017601;,
     0.011175;-0.015911;-0.009397;,
     -0.000000;-0.016566;-0.009881;,
     0.011175;-0.003020;-0.017601;,
     -0.000000;-0.016566;-0.009881;,
     0.004598;-0.015257;-0.006519;,
     -0.000000;-0.015257;-0.006519;,
     0.011175;-0.015911;-0.009397;,
     -0.000000;-0.015257;-0.006519;,
     0.004598;0.003994;-0.005845;,
     -0.000000;0.002633;-0.004471;,
     0.004598;-0.015257;-0.006519;,
     0.004598;0.007333;-0.001099;,
     -0.000000;0.005321;-0.000540;,
     0.004598;0.005957;0.005537;,
     -0.000000;0.004346;0.005537;,
     0.004598;0.000349;0.012604;,
     -0.000000;-0.001034;0.012604;,
     0.004598;-0.007852;0.027956;,
     -0.000000;-0.009235;0.027956;,
     0.004598;-0.012978;0.059318;,
     -0.000000;-0.014361;0.059318;,
     0.004598;0.030079;0.065981;,
     -0.000000;0.033758;0.065981;,
     0.004598;0.028541;0.055217;,
     -0.000000;0.032220;0.055217;,
     0.000000;0.049701;-0.003217;,
     0.004598;0.043150;0.011391;,
     0.006483;0.048019;-0.003217;,
     -0.000000;0.044156;0.011391;,
     0.000000;0.087164;-0.003217;,
     0.002962;0.085835;-0.003217;,
     0.006483;0.100214;-0.003217;,
     0.000000;0.151431;-0.003217;,
     0.006483;0.151431;-0.003217;,
     0.006483;0.151431;-0.024102;,
     0.000000;0.151431;-0.036535;,
     0.006483;0.023070;-0.036535;,
     0.000000;0.023070;-0.036535;,
     0.006483;0.151431;-0.036535;,
     0.006483;0.009336;-0.041849;,
     0.000000;0.009336;-0.041849;,
     0.000000;0.009336;-0.041849;,
     0.006483;0.007525;-0.036535;,
     0.000000;0.007525;-0.036535;,
     0.006483;0.009336;-0.041849;,
     0.000000;0.151431;-0.036535;,
     0.006483;0.151431;-0.036535;,
     0.006483;0.151431;-0.003217;,
     0.004598;0.139636;-0.017665;,
     0.006483;0.151431;-0.024102;,
     0.006483;0.135102;-0.003217;,
     0.011175;0.104276;-0.017643;,
     0.011175;0.028356;-0.030595;,
     0.011175;0.144350;-0.030538;,
     0.006483;0.023070;-0.036535;,
     0.006483;0.007525;-0.036535;,
     0.006483;0.009336;-0.041849;,
     0.006483;0.023070;-0.036535;,
     0.006483;0.151431;-0.036535;,
     0.004598;0.144352;-0.030598;,
     0.009196;-0.005354;0.060240;,
     0.009196;0.022586;0.053734;,
     0.009196;0.024767;0.064967;,
     0.011175;0.003994;-0.008240;,
     0.011175;-0.015911;-0.009397;,
     0.009196;0.013757;-0.003568;,
     0.009196;0.011308;0.007798;,
     0.009196;0.006673;0.015017;,
     0.009196;-0.000234;0.029567;,
     0.009196;0.040742;-0.004001;,
     0.004598;0.144352;-0.030598;,
     0.011175;0.144350;-0.030538;,
     0.006483;0.151431;-0.036535;,
     0.006483;0.151431;-0.036535;,
     0.011175;0.028356;-0.030595;,
     0.006483;0.023070;-0.036535;,
     0.009758;0.139636;-0.017665;,
     0.011175;0.139636;-0.017665;,
     0.004598;0.139636;-0.017665;,
     0.011175;0.048997;-0.008640;,
     0.009298;0.104783;-0.008593;,
     0.009758;0.139636;-0.017665;,
     0.009298;0.136134;-0.008559;,
     0.009298;0.108917;-0.017643;,
     0.009196;0.031664;0.024867;,
     0.011175;-0.003020;-0.017601;,
     0.011175;0.005390;-0.017605;,
     0.011175;0.100142;-0.008593;,
     0.006483;0.100214;-0.003217;,
     0.000000;0.151431;-0.003217;,
     0.011175;0.139636;-0.017665;,
     0.011175;0.104276;-0.017643;,
     0.009298;0.136134;-0.008559;,
     0.006483;0.135102;-0.003217;,
     0.004598;0.038280;0.026000;,
     -0.000000;0.039942;0.027632;,
     0.003685;0.044435;0.018150;,
     -0.000000;0.044435;0.017181;,
     0.002828;0.049083;0.019733;,
     -0.000000;0.049083;0.018764;,
     0.002828;0.048014;0.023312;,
     -0.000000;0.048014;0.024218;,
     0.001908;0.072384;0.019515;,
     -0.000000;0.072384;0.019515;,
     0.001908;0.073598;0.021511;,
     -0.000000;0.073598;0.021511;,
     0.001908;0.079932;0.005088;,
     0.000000;0.079932;0.005088;,
     0.001908;0.082377;0.005208;,
     0.000000;0.082377;0.005207;,
     0.002962;0.076899;-0.003217;,
     0.000000;0.074116;-0.003217;,
     0.000000;0.087164;-0.003217;,
     0.000000;0.074116;-0.003217;,
     0.011175;0.005079;-0.030607;,
     0.011175;0.005390;-0.017605;,
     0.011175;0.005079;-0.030607;,
     0.006483;0.007525;-0.036535;,
     0.011175;0.144350;-0.030538;,
     0.011175;0.005079;-0.030607;,
     0.011175;0.139636;-0.017665;,
     -0.011175;-0.015911;-0.009397;,
     -0.011175;-0.003020;-0.017601;,
     -0.004598;-0.015257;-0.006519;,
     -0.011175;-0.015911;-0.009397;,
     -0.004598;0.003994;-0.005845;,
     -0.004598;-0.015257;-0.006519;,
     -0.004598;0.007333;-0.001099;,
     -0.004598;0.005957;0.005537;,
     -0.004598;0.000349;0.012604;,
     -0.004598;-0.007852;0.027956;,
     -0.004598;-0.012978;0.059318;,
     -0.004598;0.030079;0.065981;,
     -0.004598;0.028541;0.055217;,
     -0.004598;0.043150;0.011391;,
     -0.006483;0.048019;-0.003217;,
     -0.002962;0.085835;-0.003217;,
     0.000000;0.087164;-0.003217;,
     -0.006483;0.100214;-0.003217;,
     0.000000;0.151431;-0.003217;,
     -0.006483;0.151431;-0.024102;,
     -0.006483;0.151431;-0.003217;,
     -0.006483;0.023070;-0.036535;,
     -0.006483;0.151431;-0.036535;,
     -0.006483;0.009336;-0.041849;,
     -0.006483;0.007525;-0.036535;,
     -0.006483;0.009336;-0.041849;,
     -0.006483;0.151431;-0.036535;,
     -0.006483;0.151431;-0.003217;,
     -0.004598;0.139636;-0.017665;,
     -0.006483;0.135102;-0.003217;,
     -0.006483;0.151431;-0.024102;,
     -0.011175;0.104276;-0.017643;,
     -0.011175;0.144350;-0.030538;,
     -0.011175;0.044391;-0.030587;,
     -0.006483;0.007525;-0.036535;,
     -0.006483;0.023070;-0.036535;,
     -0.006483;0.009336;-0.041849;,
     -0.006483;0.023070;-0.036535;,
     -0.006483;0.151431;-0.036535;,
     -0.004598;0.144352;-0.030598;,
     -0.009196;-0.005354;0.060240;,
     -0.009196;0.024767;0.064967;,
     -0.009196;0.022586;0.053734;,
     -0.011175;0.003994;-0.008240;,
     -0.011175;-0.015911;-0.009397;,
     -0.009196;0.013757;-0.003568;,
     -0.009196;0.011308;0.007798;,
     -0.009196;0.006673;0.015017;,
     -0.009196;-0.000234;0.029567;,
     -0.009196;0.040742;-0.004001;,
     -0.004598;0.144352;-0.030598;,
     -0.006483;0.151431;-0.036535;,
     -0.011175;0.144350;-0.030538;,
     -0.006483;0.151431;-0.036535;,
     -0.006483;0.023070;-0.036535;,
     -0.011175;0.044391;-0.030587;,
     -0.004598;0.139636;-0.017665;,
     -0.009758;0.139636;-0.017665;,
     -0.011175;0.139636;-0.017665;,
     -0.011175;0.048997;-0.008640;,
     -0.009298;0.104783;-0.008593;,
     -0.009758;0.139636;-0.017665;,
     -0.009298;0.108917;-0.017643;,
     -0.009298;0.136134;-0.008559;,
     -0.009196;0.031664;0.024867;,
     -0.011175;-0.003020;-0.017601;,
     -0.011175;0.005390;-0.017605;,
     -0.011175;0.100142;-0.008593;,
     -0.006483;0.100214;-0.003217;,
     0.000000;0.151431;-0.003217;,
     -0.011175;0.139636;-0.017665;,
     -0.011175;0.104276;-0.017643;,
     -0.009298;0.136134;-0.008559;,
     -0.006483;0.135102;-0.003217;,
     -0.004598;0.038280;0.026000;,
     -0.000000;0.039942;0.027632;,
     -0.003685;0.044435;0.018150;,
     -0.002828;0.049083;0.019733;,
     -0.002828;0.048014;0.023312;,
     -0.001908;0.072384;0.019515;,
     -0.001908;0.073598;0.021511;,
     -0.001908;0.079932;0.005088;,
     -0.001908;0.082377;0.005207;,
     -0.002962;0.076899;-0.003217;,
     -0.011175;0.005079;-0.030607;,
     -0.011175;0.005079;-0.030607;,
     -0.006483;0.007525;-0.036535;,
     -0.011175;0.144350;-0.030538;,
     -0.011175;0.005079;-0.030607;,
     -0.011175;0.139636;-0.017665;;
     284;
     3;0,1,2;,
     3;1,0,3;,
     3;4,5,6;,
     3;5,4,7;,
     3;8,9,10;,
     3;9,8,11;,
     3;10,12,13;,
     3;12,10,9;,
     3;13,14,15;,
     3;14,13,12;,
     3;15,16,17;,
     3;16,15,14;,
     3;17,18,19;,
     3;18,17,16;,
     3;19,20,21;,
     3;20,19,18;,
     3;21,22,23;,
     3;22,21,20;,
     3;23,24,25;,
     3;24,23,22;,
     3;26,27,28;,
     3;27,26,29;,
     3;30,31,32;,
     3;33,34,35;,
     3;36,37,38;,
     3;37,36,39;,
     3;38,40,41;,
     3;40,38,37;,
     3;42,43,44;,
     3;43,42,45;,
     3;44,3,0;,
     3;3,44,43;,
     3;46,35,47;,
     3;48,49,50;,
     3;49,48,51;,
     3;52,53,54;,
     3;35,46,33;,
     3;55,56,57;,
     3;55,58,56;,
     3;59,58,55;,
     3;49,60,50;,
     3;61,62,63;,
     3;11,64,9;,
     3;64,11,65;,
     3;9,66,12;,
     3;66,9,64;,
     3;12,67,14;,
     3;67,12,66;,
     3;14,68,16;,
     3;68,14,67;,
     3;16,69,18;,
     3;69,16,68;,
     3;18,61,20;,
     3;61,18,69;,
     3;20,63,22;,
     3;63,20,61;,
     3;22,62,24;,
     3;62,22,63;,
     3;27,70,28;,
     3;71,72,73;,
     3;74,75,76;,
     3;50,60,59;,
     3;72,77,78;,
     3;72,79,77;,
     3;72,71,79;,
     3;28,70,80;,
     3;81,82,83;,
     3;82,81,84;,
     3;70,67,66;,
     3;62,69,85;,
     3;86,64,65;,
     3;64,86,87;,
     3;88,28,80;,
     3;28,88,89;,
     3;90,51,48;,
     3;91,84,92;,
     3;84,91,82;,
     3;92,81,88;,
     3;81,92,84;,
     3;88,81,89;,
     3;81,51,89;,
     3;51,81,83;,
     3;93,79,94;,
     3;79,93,77;,
     3;85,27,95;,
     3;27,85,70;,
     3;85,24,62;,
     3;24,85,95;,
     3;24,96,25;,
     3;96,24,95;,
     3;29,97,27;,
     3;97,29,98;,
     3;27,97,95;,
     3;98,99,97;,
     3;99,98,100;,
     3;97,101,95;,
     3;101,97,99;,
     3;95,102,96;,
     3;102,95,101;,
     3;100,103,99;,
     3;103,100,104;,
     3;99,105,101;,
     3;105,99,103;,
     3;101,106,102;,
     3;106,101,105;,
     3;104,107,103;,
     3;107,104,108;,
     3;103,109,105;,
     3;109,103,107;,
     3;105,110,106;,
     3;110,105,109;,
     3;108,111,107;,
     3;111,108,112;,
     3;107,31,109;,
     3;31,107,111;,
     3;109,113,110;,
     3;113,109,31;,
     3;28,114,26;,
     3;114,28,111;,
     3;31,89,32;,
     3;111,89,31;,
     3;89,111,28;,
     3;66,87,80;,
     3;115,116,86;,
     3;80,92,88;,
     3;76,117,118;,
     3;117,76,75;,
     3;53,52,116;,
     3;67,85,68;,
     3;67,70,85;,
     3;66,80,70;,
     3;87,66,64;,
     3;53,116,115;,
     3;80,87,92;,
     3;85,69,68;,
     3;62,61,69;,
     3;75,74,119;,
     3;120,3,43;,
     3;52,54,121;,
     3;0,122,123;,
     3;122,0,2;,
     3;4,124,125;,
     3;124,4,6;,
     3;8,126,127;,
     3;126,8,10;,
     3;10,128,126;,
     3;128,10,13;,
     3;13,129,128;,
     3;129,13,15;,
     3;15,130,129;,
     3;130,15,17;,
     3;17,131,130;,
     3;131,17,19;,
     3;19,132,131;,
     3;132,19,21;,
     3;21,133,132;,
     3;133,21,23;,
     3;23,134,133;,
     3;134,23,25;,
     3;26,135,29;,
     3;135,26,136;,
     3;137,138,139;,
     3;140,141,142;,
     3;36,143,144;,
     3;143,36,38;,
     3;38,145,143;,
     3;145,38,41;,
     3;42,146,147;,
     3;146,42,44;,
     3;44,123,146;,
     3;123,44,0;,
     3;141,46,148;,
     3;149,150,151;,
     3;150,149,152;,
     3;153,154,155;,
     3;141,140,46;,
     3;156,157,158;,
     3;159,157,156;,
     3;160,157,159;,
     3;150,152,161;,
     3;162,163,164;,
     3;127,165,166;,
     3;165,127,126;,
     3;126,167,165;,
     3;167,126,128;,
     3;128,168,167;,
     3;168,128,129;,
     3;129,169,168;,
     3;169,129,130;,
     3;130,170,169;,
     3;170,130,131;,
     3;131,162,170;,
     3;162,131,132;,
     3;132,163,162;,
     3;163,132,133;,
     3;133,164,163;,
     3;164,133,134;,
     3;135,136,171;,
     3;172,173,174;,
     3;175,176,177;,
     3;152,160,161;,
     3;174,178,172;,
     3;174,179,178;,
     3;174,180,179;,
     3;136,181,171;,
     3;182,183,184;,
     3;183,182,185;,
     3;171,167,168;,
     3;164,186,170;,
     3;165,187,166;,
     3;187,165,188;,
     3;189,136,190;,
     3;136,189,181;,
     3;151,191,149;,
     3;192,184,183;,
     3;184,192,193;,
     3;193,182,184;,
     3;182,193,189;,
     3;189,190,182;,
     3;182,151,185;,
     3;151,182,190;,
     3;194,178,179;,
     3;178,194,195;,
     3;186,135,171;,
     3;135,186,196;,
     3;186,134,196;,
     3;134,186,164;,
     3;134,197,196;,
     3;197,134,25;,
     3;29,198,98;,
     3;198,29,135;,
     3;135,196,198;,
     3;98,199,100;,
     3;199,98,198;,
     3;198,200,199;,
     3;200,198,196;,
     3;196,102,200;,
     3;102,196,197;,
     3;100,201,104;,
     3;201,100,199;,
     3;199,202,201;,
     3;202,199,200;,
     3;200,106,202;,
     3;106,200,102;,
     3;104,203,108;,
     3;203,104,201;,
     3;201,204,203;,
     3;204,201,202;,
     3;202,110,204;,
     3;110,202,106;,
     3;108,205,112;,
     3;205,108,203;,
     3;203,137,205;,
     3;137,203,204;,
     3;204,113,137;,
     3;113,204,110;,
     3;136,114,205;,
     3;114,136,26;,
     3;137,139,190;,
     3;205,190,136;,
     3;190,205,137;,
     3;165,181,188;,
     3;206,187,188;,
     3;181,189,193;,
     3;176,207,177;,
     3;207,176,208;,
     3;153,155,188;,
     3;168,169,186;,
     3;168,186,171;,
     3;167,181,165;,
     3;181,167,171;,
     3;155,206,188;,
     3;181,193,188;,
     3;186,169,170;,
     3;164,170,162;,
     3;177,209,175;,
     3;210,146,123;,
     3;153,211,154;,
     3;51,32,89;,
     3;51,30,32;,
     3;51,90,30;,
     3;138,190,139;,
     3;138,151,190;,
     3;191,151,138;;

     MeshNormals {
      212;
      0.000000;-0.720773;-0.693171;,
      0.040244;-0.511403;-0.858398;,
      0.000000;-0.495167;-0.868798;,
      0.015766;-0.725142;-0.688419;,
      -0.000000;-0.939393;0.342842;,
      0.031830;-0.945288;0.324681;,
      -0.000000;-0.931803;0.362965;,
      0.042104;-0.949110;0.312118;,
      -0.000001;-0.046762;0.998906;,
      0.428381;-0.362483;0.827705;,
      -0.000001;-0.488277;0.872689;,
      0.202545;-0.043084;0.978325;,
      0.677337;-0.723656;0.132427;,
      -0.000000;-0.980389;0.197071;,
      0.603397;-0.732234;-0.315824;,
      0.000000;-0.906995;-0.421142;,
      0.566196;-0.692975;-0.446327;,
      0.000000;-0.845733;-0.533606;,
      0.591525;-0.762633;-0.261704;,
      0.000000;-0.950147;-0.311803;,
      0.493377;-0.697832;0.519240;,
      0.000000;-0.846255;0.532777;,
      0.508298;0.481191;0.714204;,
      0.000000;0.816858;0.576839;,
      0.721249;0.691329;0.043166;,
      0.000000;0.997437;0.071558;,
      -0.000000;0.503015;0.864278;,
      0.632233;0.758639;0.157318;,
      0.637847;0.360557;0.680551;,
      0.000000;0.992419;0.122898;,
      -0.000001;0.415141;0.909757;,
      0.321853;0.244969;0.914549;,
      -0.003229;0.000147;0.999995;,
      -0.000000;1.000000;-0.000000;,
      -0.000003;1.000000;-0.000000;,
      -0.000002;1.000000;-0.000000;,
      -0.000000;-0.000000;-1.000000;,
      0.000000;0.183551;-0.983010;,
      -0.000000;0.183551;-0.983010;,
      0.000002;-0.000000;-1.000000;,
      0.000000;0.360866;-0.932618;,
      -0.000001;0.360866;-0.932618;,
      -0.000000;-0.946533;-0.322606;,
      0.025220;-0.904937;-0.424797;,
      -0.000000;-0.913771;-0.406229;,
      -0.000000;-0.946533;-0.322606;,
      -0.000000;1.000000;-0.000001;,
      -0.000000;1.000000;-0.000002;,
      0.731275;-0.050940;0.680178;,
      0.991413;-0.117052;-0.058297;,
      0.979535;-0.199354;-0.027723;,
      0.594188;-0.000167;0.804326;,
      1.000000;-0.000000;0.000001;,
      1.000000;-0.000000;0.000000;,
      1.000000;-0.000000;0.000000;,
      -0.544695;-0.000000;-0.838634;,
      1.000000;-0.000000;-0.000278;,
      1.000000;-0.000000;0.000000;,
      -0.000000;0.000000;-1.000000;,
      0.966328;-0.257314;0.000001;,
      0.972847;-0.229141;-0.032594;,
      0.751264;-0.295481;0.590164;,
      0.961238;0.274645;0.024302;,
      0.756561;0.241025;0.607884;,
      0.860163;-0.030505;0.509105;,
      0.668237;-0.043184;0.742694;,
      0.970376;-0.180624;0.160457;,
      0.955855;-0.271712;-0.111868;,
      0.948587;-0.270915;-0.163673;,
      0.956887;-0.274531;-0.094872;,
      0.938435;0.138351;0.316543;,
      -0.004832;0.828900;0.559377;,
      -0.004101;0.845810;0.533469;,
      -0.006746;0.643674;0.765270;,
      0.787545;0.000279;-0.616257;,
      0.784759;0.000099;-0.619801;,
      0.784592;0.000172;-0.620013;,
      -0.000000;0.937185;0.348833;,
      -0.000000;0.939002;0.343912;,
      0.018602;0.939412;0.342286;,
      0.944647;0.029065;0.326799;,
      0.926322;0.169198;0.336600;,
      0.592994;-0.001338;0.805206;,
      0.973117;-0.000252;0.230311;,
      0.721348;0.095157;0.686005;,
      0.954421;0.283515;0.093271;,
      1.000000;-0.000000;0.000000;,
      0.998302;0.032406;0.048402;,
      0.920264;0.144325;0.363709;,
      0.891258;0.072091;-0.447731;,
      -0.000000;0.000000;1.000000;,
      0.000060;0.000717;1.000000;,
      0.944703;0.233575;0.230171;,
      0.142100;0.946245;0.290565;,
      0.173650;0.945882;0.274141;,
      0.750394;0.572161;0.330969;,
      0.000000;0.738784;0.673942;,
      0.825818;0.518831;-0.220993;,
      0.000000;0.851241;-0.524775;,
      0.830385;0.164389;-0.532389;,
      0.000000;0.171896;-0.985115;,
      0.791340;0.201893;0.577079;,
      0.000000;0.227783;0.973712;,
      0.844605;-0.249972;-0.473452;,
      0.000000;-0.504056;-0.863671;,
      0.607744;0.438049;0.662390;,
      0.000000;0.543656;0.839308;,
      0.798105;-0.602216;0.019102;,
      0.000000;-0.999208;-0.039798;,
      0.683136;0.618574;0.388190;,
      -0.000000;0.875012;0.484102;,
      0.394991;-0.219904;0.891978;,
      -0.000000;-0.256400;0.966571;,
      -0.000001;0.415141;0.909757;,
      -0.000000;-0.256400;0.966571;,
      1.000000;-0.000000;0.000000;,
      1.000000;-0.000000;0.000000;,
      0.784302;0.000096;-0.620380;,
      0.784160;-0.000000;-0.620559;,
      0.787771;0.000301;-0.615968;,
      0.219810;-0.828104;-0.515682;,
      1.000000;-0.000000;0.000000;,
      -0.040243;-0.511403;-0.858398;,
      -0.015765;-0.725142;-0.688419;,
      -0.031830;-0.945288;0.324682;,
      -0.042104;-0.949110;0.312118;,
      -0.428382;-0.362483;0.827705;,
      -0.202546;-0.043083;0.978325;,
      -0.677337;-0.723656;0.132427;,
      -0.603397;-0.732234;-0.315824;,
      -0.566196;-0.692975;-0.446327;,
      -0.591525;-0.762633;-0.261704;,
      -0.493377;-0.697832;0.519240;,
      -0.508298;0.481192;0.714205;,
      -0.721249;0.691330;0.043166;,
      -0.632232;0.758639;0.157317;,
      -0.637847;0.360557;0.680551;,
      -0.321824;0.244960;0.914562;,
      -0.000001;0.415141;0.909757;,
      0.128493;-0.991219;0.031216;,
      -0.000000;1.000000;-0.000000;,
      0.000002;1.000000;-0.000000;,
      0.000003;1.000000;-0.000000;,
      0.000000;0.183551;-0.983010;,
      -0.000002;-0.000000;-1.000000;,
      -0.000001;0.360866;-0.932618;,
      -0.025221;-0.904937;-0.424797;,
      -0.000000;-0.946533;-0.322607;,
      -0.000000;1.000000;-0.000002;,
      -0.731276;-0.050940;0.680177;,
      -0.991413;-0.117051;-0.058297;,
      -0.594153;-0.000167;0.804352;,
      -0.979535;-0.199354;-0.027723;,
      -1.000000;0.000000;-0.000000;,
      -1.000000;0.000000;-0.000000;,
      -1.000000;0.000000;-0.000000;,
      -1.000000;0.000000;0.000166;,
      0.666838;0.000000;0.745203;,
      -1.000000;0.000000;-0.000000;,
      0.800000;-0.000000;0.600000;,
      -0.966328;-0.257314;0.000000;,
      -0.972847;-0.229141;-0.032594;,
      -0.751265;-0.295481;0.590163;,
      -0.756562;0.241025;0.607882;,
      -0.961238;0.274645;0.024302;,
      -0.846942;-0.094857;0.523156;,
      -0.668237;-0.043183;0.742694;,
      -0.945516;-0.187578;0.266108;,
      -0.955855;-0.271712;-0.111868;,
      -0.948587;-0.270914;-0.163673;,
      -0.956887;-0.274531;-0.094873;,
      -0.938435;0.138351;0.316542;,
      0.004832;0.828900;0.559377;,
      0.006745;0.643674;0.765270;,
      0.004100;0.845810;0.533469;,
      -0.787544;0.000276;-0.616258;,
      -0.784608;0.000232;-0.619992;,
      -0.785140;0.000040;-0.619319;,
      -0.018602;0.939412;0.342286;,
      -0.000000;0.937185;0.348833;,
      -0.000000;0.939002;0.343912;,
      -0.944583;0.031068;0.326799;,
      -0.926322;0.169198;0.336600;,
      -0.592994;-0.001338;0.805206;,
      -0.721345;0.095157;0.686008;,
      -0.973117;-0.000252;0.230310;,
      -0.954421;0.283516;0.093270;,
      -1.000000;0.000000;-0.000001;,
      -1.000000;0.000000;-0.000001;,
      -0.920264;0.144325;0.363709;,
      -0.416688;0.029292;0.908578;,
      -0.000000;0.000000;1.000000;,
      -0.000060;0.000717;1.000000;,
      -0.944703;0.233576;0.230171;,
      -0.142099;0.946245;0.290565;,
      -0.173650;0.945882;0.274141;,
      -0.750394;0.572161;0.330969;,
      0.000000;0.738784;0.673942;,
      -0.825818;0.518832;-0.220993;,
      -0.830384;0.164389;-0.532389;,
      -0.791341;0.201893;0.577078;,
      -0.844605;-0.249971;-0.473452;,
      -0.607744;0.438049;0.662389;,
      -0.798105;-0.602216;0.019101;,
      -0.683136;0.618575;0.388189;,
      -0.394991;-0.219904;0.891978;,
      -1.000000;0.000000;-0.000000;,
      -0.784301;0.000096;-0.620381;,
      -0.784159;-0.000000;-0.620560;,
      -0.787770;0.000302;-0.615969;,
      -0.219810;-0.828104;-0.515682;,
      -1.000000;0.000000;-0.000000;;
      284;
      3;0,1,2;,
      3;1,0,3;,
      3;4,5,6;,
      3;5,4,7;,
      3;8,9,10;,
      3;9,8,11;,
      3;10,12,13;,
      3;12,10,9;,
      3;13,14,15;,
      3;14,13,12;,
      3;15,16,17;,
      3;16,15,14;,
      3;17,18,19;,
      3;18,17,16;,
      3;19,20,21;,
      3;20,19,18;,
      3;21,22,23;,
      3;22,21,20;,
      3;23,24,25;,
      3;24,23,22;,
      3;26,27,28;,
      3;27,26,29;,
      3;30,31,32;,
      3;33,34,35;,
      3;36,37,38;,
      3;37,36,39;,
      3;38,40,41;,
      3;40,38,37;,
      3;42,43,44;,
      3;43,42,45;,
      3;44,3,0;,
      3;3,44,43;,
      3;46,35,47;,
      3;48,49,50;,
      3;49,48,51;,
      3;52,53,54;,
      3;35,46,33;,
      3;55,56,57;,
      3;55,58,56;,
      3;59,58,55;,
      3;49,60,50;,
      3;61,62,63;,
      3;11,64,9;,
      3;64,11,65;,
      3;9,66,12;,
      3;66,9,64;,
      3;12,67,14;,
      3;67,12,66;,
      3;14,68,16;,
      3;68,14,67;,
      3;16,69,18;,
      3;69,16,68;,
      3;18,61,20;,
      3;61,18,69;,
      3;20,63,22;,
      3;63,20,61;,
      3;22,62,24;,
      3;62,22,63;,
      3;27,70,28;,
      3;71,72,73;,
      3;74,75,76;,
      3;50,60,59;,
      3;72,77,78;,
      3;72,79,77;,
      3;72,71,79;,
      3;28,70,80;,
      3;81,82,83;,
      3;82,81,84;,
      3;70,67,66;,
      3;62,69,85;,
      3;86,64,65;,
      3;64,86,87;,
      3;88,28,80;,
      3;28,88,89;,
      3;90,51,48;,
      3;91,84,92;,
      3;84,91,82;,
      3;92,81,88;,
      3;81,92,84;,
      3;88,81,89;,
      3;81,51,89;,
      3;51,81,83;,
      3;93,79,94;,
      3;79,93,77;,
      3;85,27,95;,
      3;27,85,70;,
      3;85,24,62;,
      3;24,85,95;,
      3;24,96,25;,
      3;96,24,95;,
      3;29,97,27;,
      3;97,29,98;,
      3;27,97,95;,
      3;98,99,97;,
      3;99,98,100;,
      3;97,101,95;,
      3;101,97,99;,
      3;95,102,96;,
      3;102,95,101;,
      3;100,103,99;,
      3;103,100,104;,
      3;99,105,101;,
      3;105,99,103;,
      3;101,106,102;,
      3;106,101,105;,
      3;104,107,103;,
      3;107,104,108;,
      3;103,109,105;,
      3;109,103,107;,
      3;105,110,106;,
      3;110,105,109;,
      3;108,111,107;,
      3;111,108,112;,
      3;107,31,109;,
      3;31,107,111;,
      3;109,113,110;,
      3;113,109,31;,
      3;28,114,26;,
      3;114,28,111;,
      3;31,89,32;,
      3;111,89,31;,
      3;89,111,28;,
      3;66,87,80;,
      3;115,116,86;,
      3;80,92,88;,
      3;76,117,118;,
      3;117,76,75;,
      3;53,52,116;,
      3;67,85,68;,
      3;67,70,85;,
      3;66,80,70;,
      3;87,66,64;,
      3;53,116,115;,
      3;80,87,92;,
      3;85,69,68;,
      3;62,61,69;,
      3;75,74,119;,
      3;120,3,43;,
      3;52,54,121;,
      3;0,122,123;,
      3;122,0,2;,
      3;4,124,125;,
      3;124,4,6;,
      3;8,126,127;,
      3;126,8,10;,
      3;10,128,126;,
      3;128,10,13;,
      3;13,129,128;,
      3;129,13,15;,
      3;15,130,129;,
      3;130,15,17;,
      3;17,131,130;,
      3;131,17,19;,
      3;19,132,131;,
      3;132,19,21;,
      3;21,133,132;,
      3;133,21,23;,
      3;23,134,133;,
      3;134,23,25;,
      3;26,135,29;,
      3;135,26,136;,
      3;137,138,139;,
      3;140,141,142;,
      3;36,143,144;,
      3;143,36,38;,
      3;38,145,143;,
      3;145,38,41;,
      3;42,146,147;,
      3;146,42,44;,
      3;44,123,146;,
      3;123,44,0;,
      3;141,46,148;,
      3;149,150,151;,
      3;150,149,152;,
      3;153,154,155;,
      3;141,140,46;,
      3;156,157,158;,
      3;159,157,156;,
      3;160,157,159;,
      3;150,152,161;,
      3;162,163,164;,
      3;127,165,166;,
      3;165,127,126;,
      3;126,167,165;,
      3;167,126,128;,
      3;128,168,167;,
      3;168,128,129;,
      3;129,169,168;,
      3;169,129,130;,
      3;130,170,169;,
      3;170,130,131;,
      3;131,162,170;,
      3;162,131,132;,
      3;132,163,162;,
      3;163,132,133;,
      3;133,164,163;,
      3;164,133,134;,
      3;135,136,171;,
      3;172,173,174;,
      3;175,176,177;,
      3;152,160,161;,
      3;174,178,172;,
      3;174,179,178;,
      3;174,180,179;,
      3;136,181,171;,
      3;182,183,184;,
      3;183,182,185;,
      3;171,167,168;,
      3;164,186,170;,
      3;165,187,166;,
      3;187,165,188;,
      3;189,136,190;,
      3;136,189,181;,
      3;151,191,149;,
      3;192,184,183;,
      3;184,192,193;,
      3;193,182,184;,
      3;182,193,189;,
      3;189,190,182;,
      3;182,151,185;,
      3;151,182,190;,
      3;194,178,179;,
      3;178,194,195;,
      3;186,135,171;,
      3;135,186,196;,
      3;186,134,196;,
      3;134,186,164;,
      3;134,197,196;,
      3;197,134,25;,
      3;29,198,98;,
      3;198,29,135;,
      3;135,196,198;,
      3;98,199,100;,
      3;199,98,198;,
      3;198,200,199;,
      3;200,198,196;,
      3;196,102,200;,
      3;102,196,197;,
      3;100,201,104;,
      3;201,100,199;,
      3;199,202,201;,
      3;202,199,200;,
      3;200,106,202;,
      3;106,200,102;,
      3;104,203,108;,
      3;203,104,201;,
      3;201,204,203;,
      3;204,201,202;,
      3;202,110,204;,
      3;110,202,106;,
      3;108,205,112;,
      3;205,108,203;,
      3;203,137,205;,
      3;137,203,204;,
      3;204,113,137;,
      3;113,204,110;,
      3;136,114,205;,
      3;114,136,26;,
      3;137,139,190;,
      3;205,190,136;,
      3;190,205,137;,
      3;165,181,188;,
      3;206,187,188;,
      3;181,189,193;,
      3;176,207,177;,
      3;207,176,208;,
      3;153,155,188;,
      3;168,169,186;,
      3;168,186,171;,
      3;167,181,165;,
      3;181,167,171;,
      3;155,206,188;,
      3;181,193,188;,
      3;186,169,170;,
      3;164,170,162;,
      3;177,209,175;,
      3;210,146,123;,
      3;153,211,154;,
      3;51,32,89;,
      3;51,30,32;,
      3;51,90,30;,
      3;138,190,139;,
      3;138,151,190;,
      3;191,151,138;;
     }

     MeshMaterialList {
      1;
      284;
      0,
      0,
      0,
      0,
      0,
      0,
      0,
      0,
      0,
      0,
      0,
      0,
      0,
      0,
      0,
      0,
      0,
      0,
      0,
      0,
      0,
      0,
      0,
      0,
      0,
      0,
      0,
      0,
      0,
      0,
      0,
      0,
      0,
      0,
      0,
      0,
      0,
      0,
      0,
      0,
      0,
      0,
      0,
      0,
      0,
      0,
      0,
      0,
      0,
      0,
      0,
      0,
      0,
      0,
      0,
      0,
      0,
      0,
      0,
      0,
      0,
      0,
      0,
      0,
      0,
      0,
      0,
      0,
      0,
      0,
      0,
      0,
      0,
      0,
      0,
      0,
      0,
      0,
      0,
      0,
      0,
      0,
      0,
      0,
      0,
      0,
      0,
      0,
      0,
      0,
      0,
      0,
      0,
      0,
      0,
      0,
      0,
      0,
      0,
      0,
      0,
      0,
      0,
      0,
      0,
      0,
      0,
      0,
      0,
      0,
      0,
      0,
      0,
      0,
      0,
      0,
      0,
      0,
      0,
      0,
      0,
      0,
      0,
      0,
      0,
      0,
      0,
      0,
      0,
      0,
      0,
      0,
      0,
      0,
      0,
      0,
      0,
      0,
      0,
      0,
      0,
      0,
      0,
      0,
      0,
      0,
      0,
      0,
      0,
      0,
      0,
      0,
      0,
      0,
      0,
      0,
      0,
      0,
      0,
      0,
      0,
      0,
      0,
      0,
      0,
      0,
      0,
      0,
      0,
      0,
      0,
      0,
      0,
      0,
      0,
      0,
      0,
      0,
      0,
      0,
      0,
      0,
      0,
      0,
      0,
      0,
      0,
      0,
      0,
      0,
      0,
      0,
      0,
      0,
      0,
      0,
      0,
      0,
      0,
      0,
      0,
      0,
      0,
      0,
      0,
      0,
      0,
      0,
      0,
      0,
      0,
      0,
      0,
      0,
      0,
      0,
      0,
      0,
      0,
      0,
      0,
      0,
      0,
      0,
      0,
      0,
      0,
      0,
      0,
