xof 0303txt 0032
template ColorRGBA {
 <35ff44e0-6c7c-11cf-8f52-0040333594a3>
 FLOAT red;
 FLOAT green;
 FLOAT blue;
 FLOAT alpha;
}

template ColorRGB {
 <d3e16e81-7835-11cf-8f52-0040333594a3>
 FLOAT red;
 FLOAT green;
 FLOAT blue;
}

template Material {
 <3d82ab4d-62da-11cf-ab39-0020af71e433>
 ColorRGBA faceColor;
 FLOAT power;
 ColorRGB specularColor;
 ColorRGB emissiveColor;
 [...]
}

template TextureFilename {
 <a42790e1-7810-11cf-8f52-0040333594a3>
 STRING filename;
}

template Frame {
 <3d82ab46-62da-11cf-ab39-0020af71e433>
 [...]
}

template Matrix4x4 {
 <f6f23f45-7686-11cf-8f52-0040333594a3>
 array FLOAT matrix[16];
}

template FrameTransformMatrix {
 <f6f23f41-7686-11cf-8f52-0040333594a3>
 Matrix4x4 frameMatrix;
}

template Vector {
 <3d82ab5e-62da-11cf-ab39-0020af71e433>
 FLOAT x;
 FLOAT y;
 FLOAT z;
}

template MeshFace {
 <3d82ab5f-62da-11cf-ab39-0020af71e433>
 DWORD nFaceVertexIndices;
 array DWORD faceVertexIndices[nFaceVertexIndices];
}

template Mesh {
 <3d82ab44-62da-11cf-ab39-0020af71e433>
 DWORD nVertices;
 array Vector vertices[nVertices];
 DWORD nFaces;
 array MeshFace faces[nFaces];
 [...]
}

template MeshNormals {
 <f6f23f43-7686-11cf-8f52-0040333594a3>
 DWORD nNormals;
 array Vector normals[nNormals];
 DWORD nFaceNormals;
 array MeshFace faceNormals[nFaceNormals];
}

template MeshMaterialList {
 <f6f23f42-7686-11cf-8f52-0040333594a3>
 DWORD nMaterials;
 DWORD nFaceIndexes;
 array DWORD faceIndexes[nFaceIndexes];
 [Material <3d82ab4d-62da-11cf-ab39-0020af71e433>]
}

template Coords2d {
 <f6f23f44-7686-11cf-8f52-0040333594a3>
 FLOAT u;
 FLOAT v;
}

template MeshTextureCoords {
 <f6f23f40-7686-11cf-8f52-0040333594a3>
 DWORD nTextureCoords;
 array Coords2d textureCoords[nTextureCoords];
}

template XSkinMeshHeader {
 <3cf169ce-ff7c-44ab-93c0-f78f62d172e2>
 WORD nMaxSkinWeightsPerVertex;
 WORD nMaxSkinWeightsPerFace;
 WORD nBones;
}

template SkinWeights {
 <6f0d123b-bad2-4167-a0d0-80224f25fabb>
 STRING transformNodeName;
 DWORD nWeights;
 array DWORD vertexIndices[nWeights];
 array FLOAT weights[nWeights];
 Matrix4x4 matrixOffset;
}

template AnimTicksPerSecond {
 <9e415a43-7ba6-4a73-8743-b73d47e88476>
 DWORD AnimTicksPerSecond;
}

template Animation {
 <3d82ab4f-62da-11cf-ab39-0020af71e433>
 [...]
}

template AnimationSet {
 <3d82ab50-62da-11cf-ab39-0020af71e433>
 [Animation <3d82ab4f-62da-11cf-ab39-0020af71e433>]
}

template FloatKeys {
 <10dd46a9-775b-11cf-8f52-0040333594a3>
 DWORD nValues;
 array FLOAT values[nValues];
}

template TimedFloatKeys {
 <f406b180-7b3b-11cf-8f52-0040333594a3>
 DWORD time;
 FloatKeys tfkeys;
}

template AnimationKey {
 <10dd46a8-775b-11cf-8f52-0040333594a3>
 DWORD keyType;
 DWORD nKeys;
 array TimedFloatKeys keys[nKeys];
}


Material Material__152 {
 0.588235;0.588235;0.588235;1.000000;;
 9.999999;
 0.000000;0.000000;0.000000;;
 0.000000;0.000000;0.000000;;
}

Material _01_-_Default {
 1.000000;1.000000;1.000000;1.000000;;
 100.000000;
 0.200000;0.200000;0.200000;;
 0.000000;0.000000;0.000000;;

 TextureFilename {
  "Dress_Crafted.png";
 }
}

Frame Dummy01 {
 

 FrameTransformMatrix {
  1.000000,0.000000,0.000000,0.000000,0.000000,-0.000000,-1.000000,0.000000,0.000000,1.000000,-0.000000,0.000000,0.000000,0.000000,0.000000,1.000000;;
 }

 Frame Bip01 {
  

  FrameTransformMatrix {
   -0.376829,0.926267,-0.005436,0.000000,0.033089,0.019325,0.999266,0.000000,0.925692,0.376373,-0.037931,0.000000,-0.018073,-0.035436,0.485796,1.000000;;
  }

  Frame Bip01_Pelvis {
   

   FrameTransformMatrix {
    0.002602,0.998463,-0.055359,0.000000,-0.046873,0.055420,0.997362,0.000000,0.998897,0.000000,0.046945,0.000000,0.000000,0.000000,0.000000,1.000000;;
   }

   Frame Bip01_Spine {
    

    FrameTransformMatrix {
     0.998208,0.049504,0.033623,0.000000,-0.046047,0.994238,-0.096800,0.000000,-0.038221,0.095078,0.994736,0.000000,0.051557,0.002853,-0.000084,1.000000;;
    }

    Frame Bip01_Spine1 {
     

     FrameTransformMatrix {
      0.982424,-0.022121,0.185346,0.000000,0.069341,0.965147,-0.252355,0.000000,-0.173304,0.260772,0.949718,0.000000,0.106494,-0.000022,-0.000081,1.000000;;
     }

     Frame Bip01_Neck {
      

      FrameTransformMatrix {
       1.000000,0.000000,0.000000,0.000000,0.000000,1.000000,0.000000,0.000000,-0.000000,0.000000,1.000000,0.000000,0.130505,0.000000,0.004625,1.000000;;
      }

      Frame Bip01_Head {
       

       FrameTransformMatrix {
        0.997515,0.067941,-0.018642,0.000000,-0.067740,0.997640,0.011199,0.000000,0.019359,-0.009908,0.999764,0.000000,0.033674,-0.000000,0.000000,1.000000;;
       }
      }

      Frame Bip01_L_Clavicle {
       

       FrameTransformMatrix {
        -0.173648,0.984808,0.000136,0.000000,0.984807,0.173648,-0.000785,0.000000,-0.000796,-0.000003,-1.000000,0.000000,-0.024025,0.015714,-0.004625,1.000000;;
       }

       Frame Bip01_L_UpperArm {
        

        FrameTransformMatrix {
         0.497114,-0.864082,-0.078994,0.000000,0.861054,0.502500,-0.077971,0.000000,0.107068,-0.029257,0.993821,0.000000,0.087086,0.000000,0.000000,1.000000;;
        }

        Frame Bip01_L_Forearm {
         

         FrameTransformMatrix {
          0.077729,0.000000,-0.996975,0.000000,0.000000,1.000000,0.000000,0.000000,0.996974,0.000000,0.077729,0.000000,0.137062,0.000000,0.000000,1.000000;;
         }

         Frame Bip01_L_Hand {
          

          FrameTransformMatrix {
           0.973852,-0.223665,-0.039819,0.000000,-0.189030,-0.894986,0.404064,0.000000,-0.126012,-0.385972,-0.913863,0.000000,0.137062,0.000000,0.000000,1.000000;;
          }

          Frame Bip01_L_Finger0 {
           

           FrameTransformMatrix {
            0.829256,-0.514255,0.218807,0.000000,0.558537,0.749101,-0.356210,0.000000,0.019274,0.417601,0.908427,0.000000,0.057681,-0.023605,-0.000272,1.000000;;
           }
          }

          Frame Bip01_L_Finger1 {
           

           FrameTransformMatrix {
            0.533346,-0.000674,0.845897,0.000000,0.000000,1.000000,0.000796,0.000000,-0.845897,-0.000425,0.533346,0.000000,0.084102,0.000000,0.000000,1.000000;;
           }
          }
         }
        }
       }
      }

      Frame Bip01_R_Clavicle {
       

       FrameTransformMatrix {
        -0.066473,-0.962326,-0.263646,0.000000,-0.997788,0.063908,0.018307,0.000000,-0.000768,0.264280,-0.964446,0.000000,-0.024025,-0.015715,-0.004625,1.000000;;
       }

       Frame Bip01_R_UpperArm {
        

        FrameTransformMatrix {
         0.446923,0.840848,-0.305342,0.000000,-0.506813,0.519260,0.688121,0.000000,0.737157,-0.152785,0.658222,0.000000,0.087086,0.000000,0.000000,1.000000;;
        }

        Frame Bip01_R_Forearm {
         

         FrameTransformMatrix {
          0.393011,0.000000,-0.919534,0.000000,0.000000,1.000000,0.000000,0.000000,0.919534,0.000000,0.393011,0.000000,0.137062,0.000000,0.000000,1.000000;;
         }

         Frame Bip01_R_Hand {
          

          FrameTransformMatrix {
           0.978725,-0.173477,0.109561,0.000000,0.146103,0.214343,-0.965770,0.000000,0.144055,0.961230,0.235128,0.000000,0.137062,0.000000,0.000000,1.000000;;
          }

          Frame Bip01_R_Finger0 {
           

           FrameTransformMatrix {
            0.417774,-0.116941,0.900994,0.000000,-0.558537,0.749101,0.356210,0.000000,-0.716590,-0.652053,0.247639,0.000000,0.057681,0.023605,-0.000272,1.000000;;
           }
          }

          Frame Bip01_R_Finger1 {
           

           FrameTransformMatrix {
            0.352436,0.000745,0.935835,0.000000,0.000000,1.000000,-0.000796,0.000000,-0.935835,0.000281,0.352436,0.000000,0.084102,0.000000,0.000000,1.000000;;
           }
          }
         }
        }
       }
      }
     }

     Frame Bip01_BackPack {
      

      FrameTransformMatrix {
       0.081023,-0.088037,-0.992817,0.000000,-0.064786,0.993520,-0.093387,0.000000,0.994605,0.071887,0.074794,0.000000,0.041173,-0.003810,-0.088357,1.000000;;
      }
     }
    }

    Frame Bip01_L_Thigh {
     

     FrameTransformMatrix {
      -0.998666,-0.032965,0.039749,0.000000,0.029405,-0.995772,-0.087021,0.000000,0.042449,-0.085736,0.995413,0.000000,-0.048869,0.054436,0.007034,1.000000;;
     }

     Frame Bip01_L_Calf {
      

      FrameTransformMatrix {
       0.744596,0.000000,-0.667516,0.000000,0.000000,1.000000,-0.000000,0.000000,0.667516,-0.000000,0.744596,0.000000,0.237500,0.000000,0.000000,1.000000;;
      }

      Frame Bip01_L_Foot {
       

       FrameTransformMatrix {
        0.987197,0.043922,0.153339,0.000000,-0.052618,0.997201,0.053123,0.000000,-0.150576,-0.060511,0.986745,0.000000,0.206841,0.000000,-0.000000,1.000000;;
       }

       Frame Bip01_L_Toe0 {
        

        FrameTransformMatrix {
         -0.829102,0.023562,0.558600,0.000000,0.168692,0.963091,0.209758,0.000000,-0.533041,0.268142,-0.802476,0.000000,0.065373,-0.000000,0.066450,1.000000;;
        }
       }
      }
     }
    }

    Frame Bip01_R_Thigh {
     

     FrameTransformMatrix {
      -0.886067,-0.023123,0.462979,0.000000,-0.135901,-0.941912,-0.307137,0.000000,0.443187,-0.335063,0.831455,0.000000,-0.054337,-0.055378,-0.003468,1.000000;;
     }

     Frame Bip01_R_Calf {
      

      FrameTransformMatrix {
       0.800331,-0.000000,-0.599558,0.000000,0.000000,1.000000,-0.000000,0.000000,0.599558,0.000000,0.800331,0.000000,0.237500,0.000000,0.000000,1.000000;;
      }

      Frame Bip01_R_Foot {
       

       FrameTransformMatrix {
        0.980087,0.030338,0.196240,0.000000,-0.012571,0.995757,-0.091159,0.000000,-0.198173,0.086877,0.976309,0.000000,0.206841,-0.000000,0.000000,1.000000;;
       }

       Frame Bip01_R_Toe0 {
        

        FrameTransformMatrix {
         0.782560,-0.159192,0.601878,0.000000,-0.162132,0.881289,0.443896,0.000000,-0.601093,-0.444959,0.663851,0.000000,0.065373,-0.000000,0.066450,1.000000;;
        }
       }
      }
     }
    }
   }

   Frame Bip01_DressFront {
    

    FrameTransformMatrix {
     -0.911709,0.006531,0.410785,0.000000,0.032917,0.997820,0.057194,0.000000,-0.409516,0.065666,-0.909937,0.000000,-0.043942,0.001390,0.061074,1.000000;;
    }

    Frame Bip01_DressFront02 {
     

     FrameTransformMatrix {
      0.839849,-0.060839,0.539400,0.000000,0.057651,0.998076,0.022810,0.000000,-0.539750,0.011940,0.841741,0.000000,0.183395,-0.000002,-0.000111,1.000000;;
     }
    }
   }

   Frame Bip01_DressBack {
    

    FrameTransformMatrix {
     -0.949015,-0.138575,0.283139,0.000000,-0.186574,0.970896,-0.150170,0.000000,-0.254089,-0.195340,-0.947249,0.000000,-0.047697,0.000027,-0.078287,1.000000;;
    }

    Frame Bip01_DressBack02 {
     

     FrameTransformMatrix {
      0.599868,0.119546,0.791118,0.000000,-0.199374,0.979919,0.003101,0.000000,-0.774861,-0.159588,0.611656,0.000000,0.176243,0.000017,-0.000067,1.000000;;
     }
    }
   }
  }

  Frame Bip01_Prop1 {
   

   FrameTransformMatrix {
    0.043403,-0.878267,0.476197,0.000000,-0.120271,0.468586,0.875192,0.000000,-0.991792,-0.095258,-0.085292,0.000000,0.170749,-0.017343,-0.068986,1.000000;;
   }

   Frame BaseballBat {
    

    FrameTransformMatrix {
     1.000001,-0.000001,-0.000000,0.000000,0.000001,1.000001,-0.000000,0.000000,0.000001,0.000001,1.000000,0.000000,-0.000150,-0.000000,0.000163,1.000000;;
    }

    Mesh BaseballBat {
     125;
     -0.000000;0.493058;-0.000000;,
     0.012389;0.490386;0.012389;,
     0.017521;0.490386;-0.000000;,
     0.000000;0.493058;0.000000;,
     0.019608;0.482106;0.019608;,
     0.027730;0.482106;-0.000000;,
     0.018224;0.343855;0.018224;,
     0.025773;0.343855;-0.000000;,
     0.015404;0.294497;0.015404;,
     0.021784;0.294497;-0.000000;,
     0.011792;0.231258;0.011792;,
     0.016677;0.231258;0.000000;,
     0.008556;0.160306;0.008556;,
     0.012099;0.160306;0.000000;,
     0.008556;0.015317;0.008556;,
     0.012099;0.015317;0.000000;,
     0.012099;0.015317;0.000000;,
     0.018371;0.012232;0.018371;,
     0.025981;0.012232;0.000000;,
     0.008556;0.015317;0.008556;,
     0.025981;0.012232;0.000000;,
     0.018371;-0.000000;0.018371;,
     0.025981;-0.000000;0.000000;,
     0.018371;0.012232;0.018371;,
     0.025981;-0.000000;0.000000;,
     -0.000000;-0.000000;0.000000;,
     0.000000;-0.000000;0.000000;,
     0.018371;-0.000000;0.018371;,
     0.000000;0.490386;0.017521;,
     0.000000;0.493058;0.000000;,
     0.000000;0.482106;0.027730;,
     0.000000;0.343855;0.025773;,
     0.000000;0.294497;0.021784;,
     0.000000;0.231258;0.016677;,
     0.000000;0.160306;0.012099;,
     -0.000000;0.015317;0.012099;,
     -0.000000;0.012232;0.025981;,
     -0.000000;0.015317;0.012099;,
     -0.000000;-0.000000;0.025981;,
     -0.000000;0.012232;0.025981;,
     0.018371;-0.000000;0.018371;,
     -0.000000;0.000000;-0.000000;,
     -0.000000;-0.000000;0.025981;,
     -0.012389;0.490386;0.012389;,
     0.000000;0.493058;0.000000;,
     -0.019608;0.482106;0.019608;,
     -0.018224;0.343855;0.018224;,
     -0.015404;0.294497;0.015404;,
     -0.011792;0.231258;0.011792;,
     0.000000;0.231258;0.016677;,
     -0.008556;0.160306;0.008556;,
     0.000000;0.160306;0.012099;,
     -0.011792;0.231258;0.011792;,
     -0.008556;0.015317;0.008556;,
     -0.000000;0.015317;0.012099;,
     -0.000000;0.015317;0.012099;,
     -0.018371;0.012232;0.018371;,
     -0.000000;0.012232;0.025981;,
     -0.008556;0.015317;0.008556;,
     -0.000000;0.012232;0.025981;,
     -0.018371;-0.000000;0.018371;,
     -0.000000;-0.000000;0.025981;,
     -0.018371;0.012232;0.018371;,
     -0.000000;0.000000;-0.000000;,
     -0.018371;-0.000000;0.018371;,
     -0.017521;0.490386;0.000000;,
     -0.012389;0.490386;0.012389;,
     0.000000;0.493058;0.000000;,
     -0.027730;0.482106;0.000000;,
     -0.019608;0.482106;0.019608;,
     -0.025773;0.343855;0.000000;,
     -0.018224;0.343855;0.018224;,
     -0.021784;0.294497;0.000000;,
     -0.015404;0.294497;0.015404;,
     -0.016677;0.231258;0.000000;,
     -0.012099;0.160306;0.000000;,
     -0.012099;0.015317;-0.000000;,
     -0.025981;0.012232;-0.000000;,
     -0.012099;0.015317;-0.000000;,
     -0.025981;0.000000;-0.000000;,
     -0.025981;0.012232;-0.000000;,
     -0.000000;0.000000;-0.000000;,
     -0.025981;0.000000;-0.000000;,
     -0.012389;0.490386;-0.012389;,
     -0.000000;0.493058;0.000000;,
     -0.019608;0.482106;-0.019608;,
     -0.018224;0.343855;-0.018224;,
     -0.015404;0.294497;-0.015404;,
     -0.011792;0.231258;-0.011792;,
     -0.008556;0.160306;-0.008555;,
     -0.008556;0.015317;-0.008556;,
     -0.018371;0.012232;-0.018371;,
     -0.008556;0.015317;-0.008556;,
     -0.018371;0.000000;-0.018371;,
     -0.018371;0.012232;-0.018371;,
     0.000000;0.000000;-0.000000;,
     -0.018371;0.000000;-0.018371;,
     -0.000000;0.490386;-0.017521;,
     -0.000000;0.493058;0.000000;,
     -0.000000;0.482106;-0.027730;,
     -0.000000;0.343855;-0.025773;,
     -0.000000;0.294497;-0.021784;,
     -0.000000;0.231258;-0.016677;,
     -0.000000;0.160306;-0.012099;,
     0.000000;0.015317;-0.012099;,
     0.000000;0.012232;-0.025981;,
     0.000000;0.015317;-0.012099;,
     0.000000;0.000000;-0.025981;,
     0.000000;0.012232;-0.025981;,
     0.000000;0.000000;-0.000000;,
     0.000000;0.000000;-0.025981;,
     0.012389;0.490386;-0.012389;,
     -0.000000;0.493058;0.000000;,
     0.019608;0.482106;-0.019608;,
     0.018224;0.343855;-0.018224;,
     0.015404;0.294497;-0.015404;,
     0.011792;0.231258;-0.011792;,
     0.008556;0.160306;-0.008556;,
     0.008556;0.015317;-0.008556;,
     0.018371;0.012232;-0.018371;,
     0.008556;0.015317;-0.008556;,
     0.018371;0.000000;-0.018371;,
     0.018371;0.012232;-0.018371;,
     0.000000;-0.000000;0.000000;,
     0.018371;0.000000;-0.018371;;
     160;
     3;0,1,2;,
     3;1,0,3;,
     3;2,4,5;,
     3;4,2,1;,
     3;5,6,7;,
     3;6,5,4;,
     3;7,8,9;,
     3;8,7,6;,
     3;9,10,11;,
     3;10,9,8;,
     3;11,12,13;,
     3;12,11,10;,
     3;13,14,15;,
     3;14,13,12;,
     3;16,17,18;,
     3;17,16,19;,
     3;20,21,22;,
     3;21,20,23;,
     3;24,25,26;,
     3;25,24,27;,
     3;3,28,1;,
     3;28,3,29;,
     3;1,30,4;,
     3;30,1,28;,
     3;4,31,6;,
     3;31,4,30;,
     3;6,32,8;,
     3;32,6,31;,
     3;8,33,10;,
     3;33,8,32;,
     3;10,34,12;,
     3;34,10,33;,
     3;12,35,14;,
     3;35,12,34;,
     3;19,36,17;,
     3;36,19,37;,
     3;23,38,21;,
     3;38,23,39;,
     3;40,41,25;,
     3;41,40,42;,
     3;29,43,28;,
     3;43,29,44;,
     3;28,45,30;,
     3;45,28,43;,
     3;30,46,31;,
     3;46,30,45;,
     3;31,47,32;,
     3;47,31,46;,
     3;32,48,33;,
     3;48,32,47;,
     3;49,50,51;,
     3;50,49,52;,
     3;51,53,54;,
     3;53,51,50;,
     3;55,56,57;,
     3;56,55,58;,
     3;59,60,61;,
     3;60,59,62;,
     3;42,63,41;,
     3;63,42,64;,
     3;44,65,66;,
     3;65,44,67;,
     3;66,68,69;,
     3;68,66,65;,
     3;69,70,71;,
     3;70,69,68;,
     3;71,72,73;,
     3;72,71,70;,
     3;73,74,52;,
     3;74,73,72;,
     3;52,75,50;,
     3;75,52,74;,
     3;50,76,53;,
     3;76,50,75;,
     3;58,77,56;,
     3;77,58,78;,
     3;62,79,60;,
     3;79,62,80;,
     3;64,81,63;,
     3;81,64,82;,
     3;67,83,65;,
     3;83,67,84;,
     3;65,85,68;,
     3;85,65,83;,
     3;68,86,70;,
     3;86,68,85;,
     3;70,87,72;,
     3;87,70,86;,
     3;72,88,74;,
     3;88,72,87;,
     3;74,89,75;,
     3;89,74,88;,
     3;75,90,76;,
     3;90,75,89;,
     3;78,91,77;,
     3;91,78,92;,
     3;80,93,79;,
     3;93,80,94;,
     3;82,95,81;,
     3;95,82,96;,
     3;84,97,83;,
     3;97,84,98;,
     3;83,99,85;,
     3;99,83,97;,
     3;85,100,86;,
     3;100,85,99;,
     3;86,101,87;,
     3;101,86,100;,
     3;87,102,88;,
     3;102,87,101;,
     3;88,103,89;,
     3;103,88,102;,
     3;89,104,90;,
     3;104,89,103;,
     3;92,105,91;,
     3;105,92,106;,
     3;94,107,93;,
     3;107,94,108;,
     3;96,109,95;,
     3;109,96,110;,
     3;98,111,97;,
     3;111,98,112;,
     3;97,113,99;,
     3;113,97,111;,
     3;99,114,100;,
     3;114,99,113;,
     3;100,115,101;,
     3;115,100,114;,
     3;101,116,102;,
     3;116,101,115;,
     3;102,117,103;,
     3;117,102,116;,
     3;103,118,104;,
     3;118,103,117;,
     3;106,119,105;,
     3;119,106,120;,
     3;108,121,107;,
     3;121,108,122;,
     3;110,123,109;,
     3;123,110,124;,
     3;112,2,111;,
     3;2,112,0;,
     3;111,5,113;,
     3;5,111,2;,
     3;113,7,114;,
     3;7,113,5;,
     3;114,9,115;,
     3;9,114,7;,
     3;115,11,116;,
     3;11,115,9;,
     3;116,13,117;,
     3;13,116,11;,
     3;117,15,118;,
     3;15,117,13;,
     3;120,18,119;,
     3;18,120,16;,
     3;122,22,121;,
     3;22,122,20;,
     3;124,26,123;,
     3;26,124,24;;

     MeshNormals {
      125;
      -0.087644;-0.902286;-0.422137;,
      0.322510;0.889931;0.322507;,
      0.456096;0.889931;-0.000002;,
      0.246206;-0.895950;-0.369670;,
      0.651839;0.387576;0.651836;,
      0.921838;0.387576;-0.000002;,
      0.706327;-0.047000;0.706324;,
      0.998895;-0.047000;-0.000002;,
      0.704812;-0.080522;0.704810;,
      0.996753;-0.080522;-0.000002;,
      0.705243;-0.072584;0.705240;,
      0.997362;-0.072584;-0.000002;,
      0.706735;-0.032464;0.706733;,
      0.999473;-0.032464;-0.000001;,
      0.707106;-0.000000;0.707107;,
      1.000000;0.000000;0.000001;,
      0.216931;0.976187;0.000000;,
      0.153393;0.976187;0.153393;,
      0.216931;0.976187;0.000000;,
      0.153393;0.976187;0.153394;,
      1.000000;-0.000000;0.000000;,
      0.707107;-0.000000;0.707107;,
      1.000000;0.000000;0.000000;,
      0.707107;-0.000000;0.707107;,
      0.000000;-1.000000;-0.000000;,
      -0.000000;1.000000;0.000000;,
      -0.000000;1.000000;0.000000;,
      0.000000;-1.000000;-0.000000;,
      0.000002;0.889931;0.456096;,
      0.425476;-0.900758;-0.087214;,
      0.000002;0.387576;0.921838;,
      0.000002;-0.047000;0.998895;,
      0.000002;-0.080522;0.996753;,
      0.000002;-0.072585;0.997362;,
      0.000001;-0.032464;0.999473;,
      -0.000001;-0.000000;1.000000;,
      -0.000000;0.976187;0.216931;,
      -0.000000;0.976187;0.216931;,
      -0.000000;-0.000000;1.000000;,
      -0.000000;-0.000000;1.000000;,
      0.000000;-1.000000;-0.000000;,
      -0.000000;1.000000;0.000000;,
      0.000000;-1.000000;-0.000000;,
      -0.322507;0.889931;0.322510;,
      0.379216;-0.889120;0.256246;,
      -0.651836;0.387576;0.651839;,
      -0.706324;-0.047000;0.706327;,
      -0.704810;-0.080522;0.704812;,
      -0.705241;-0.072584;0.705243;,
      0.000002;-0.072585;0.997362;,
      -0.706733;-0.032464;0.706735;,
      0.000001;-0.032464;0.999473;,
      -0.705241;-0.072584;0.705243;,
      -0.707107;-0.000000;0.707106;,
      -0.000001;-0.000000;1.000000;,
      -0.000000;0.976187;0.216931;,
      -0.153394;0.976187;0.153393;,
      -0.000000;0.976187;0.216931;,
      -0.153394;0.976187;0.153393;,
      -0.000000;-0.000000;1.000000;,
      -0.707107;-0.000000;0.707107;,
      -0.000000;-0.000000;1.000000;,
      -0.707107;-0.000000;0.707107;,
      -0.000000;1.000000;0.000000;,
      0.000000;-1.000000;-0.000000;,
      -0.456096;0.889931;0.000002;,
      -0.322507;0.889931;0.322510;,
      0.087924;-0.908879;0.407686;,
      -0.921838;0.387576;0.000002;,
      -0.651836;0.387576;0.651839;,
      -0.998895;-0.047000;0.000002;,
      -0.706324;-0.047000;0.706327;,
      -0.996753;-0.080522;0.000002;,
      -0.704810;-0.080522;0.704812;,
      -0.997362;-0.072584;0.000002;,
      -0.999473;-0.032464;0.000001;,
      -1.000000;0.000000;-0.000001;,
      -0.216931;0.976187;-0.000000;,
      -0.216931;0.976187;-0.000000;,
      -1.000000;-0.000000;-0.000000;,
      -1.000000;-0.000000;-0.000000;,
      -0.000000;1.000000;0.000000;,
      0.000000;-1.000000;-0.000000;,
      -0.322536;0.889923;-0.322503;,
      -0.253939;-0.890313;0.377967;,
      -0.651839;0.387577;-0.651836;,
      -0.706327;-0.047000;-0.706324;,
      -0.704812;-0.080521;-0.704810;,
      -0.705243;-0.072584;-0.705241;,
      -0.706735;-0.032464;-0.706733;,
      -0.707106;0.000000;-0.707107;,
      -0.153393;0.976187;-0.153393;,
      -0.153393;0.976187;-0.153394;,
      -0.707106;0.000000;-0.707107;,
      -0.707107;0.000000;-0.707107;,
      -0.000000;1.000000;0.000000;,
      0.000000;-1.000000;-0.000000;,
      -0.000002;0.889931;-0.456096;,
      -0.381050;-0.920310;0.088487;,
      -0.000002;0.387576;-0.921838;,
      -0.000002;-0.047000;-0.998895;,
      -0.000002;-0.080521;-0.996753;,
      -0.000001;-0.072584;-0.997362;,
      -0.000001;-0.032464;-0.999473;,
      0.000001;0.000000;-1.000000;,
      0.000000;0.976187;-0.216931;,
      0.000000;0.976187;-0.216931;,
      0.000001;0.000000;-1.000000;,
      0.000000;0.000000;-1.000000;,
      -0.000000;1.000000;0.000000;,
      0.000000;-1.000000;-0.000000;,
      0.322502;0.889923;-0.322537;,
      -0.394931;-0.876807;-0.274297;,
      0.651836;0.387577;-0.651839;,
      0.706324;-0.047000;-0.706327;,
      0.704810;-0.080522;-0.704812;,
      0.705241;-0.072584;-0.705243;,
      0.706733;-0.032464;-0.706735;,
      0.707107;0.000000;-0.707106;,
      0.153394;0.976187;-0.153393;,
      0.153394;0.976187;-0.153393;,
      0.707107;0.000000;-0.707106;,
      0.707107;0.000000;-0.707106;,
      -0.000000;1.000000;0.000000;,
      0.000000;-1.000000;-0.000000;;
      160;
      3;0,1,2;,
      3;1,0,3;,
      3;2,4,5;,
      3;4,2,1;,
      3;5,6,7;,
      3;6,5,4;,
      3;7,8,9;,
      3;8,7,6;,
      3;9,10,11;,
      3;10,9,8;,
      3;11,12,13;,
      3;12,11,10;,
      3;13,14,15;,
      3;14,13,12;,
      3;16,17,18;,
      3;17,16,19;,
      3;20,21,22;,
      3;21,20,23;,
      3;24,25,26;,
      3;25,24,27;,
      3;3,28,1;,
      3;28,3,29;,
      3;1,30,4;,
      3;30,1,28;,
      3;4,31,6;,
      3;31,4,30;,
      3;6,32,8;,
      3;32,6,31;,
      3;8,33,10;,
      3;33,8,32;,
      3;10,34,12;,
      3;34,10,33;,
      3;12,35,14;,
      3;35,12,34;,
      3;19,36,17;,
      3;36,19,37;,
      3;23,38,21;,
      3;38,23,39;,
      3;40,41,25;,
      3;41,40,42;,
      3;29,43,28;,
      3;43,29,44;,
      3;28,45,30;,
      3;45,28,43;,
      3;30,46,31;,
      3;46,30,45;,
      3;31,47,32;,
      3;47,31,46;,
      3;32,48,33;,
      3;48,32,47;,
      3;49,50,51;,
      3;50,49,52;,
      3;51,53,54;,
      3;53,51,50;,
      3;55,56,57;,
      3;56,55,58;,
      3;59,60,61;,
      3;60,59,62;,
      3;42,63,41;,
      3;63,42,64;,
      3;44,65,66;,
      3;65,44,67;,
      3;66,68,69;,
      3;68,66,65;,
      3;69,70,71;,
      3;70,69,68;,
      3;71,72,73;,
      3;72,71,70;,
      3;73,74,52;,
      3;74,73,72;,
      3;52,75,50;,
      3;75,52,74;,
      3;50,76,53;,
      3;76,50,75;,
      3;58,77,56;,
      3;77,58,78;,
      3;62,79,60;,
      3;79,62,80;,
      3;64,81,63;,
      3;81,64,82;,
      3;67,83,65;,
      3;83,67,84;,
      3;65,85,68;,
      3;85,65,83;,
      3;68,86,70;,
      3;86,68,85;,
      3;70,87,72;,
      3;87,70,86;,
      3;72,88,74;,
      3;88,72,87;,
      3;74,89,75;,
      3;89,74,88;,
      3;75,90,76;,
      3;90,75,89;,
      3;78,91,77;,
      3;91,78,92;,
      3;80,93,79;,
      3;93,80,94;,
      3;82,95,81;,
      3;95,82,96;,
      3;84,97,83;,
      3;97,84,98;,
      3;83,99,85;,
      3;99,83,97;,
      3;85,100,86;,
      3;100,85,99;,
      3;86,101,87;,
      3;101,86,100;,
      3;87,102,88;,
      3;102,87,101;,
      3;88,103,89;,
      3;103,88,102;,
      3;89,104,90;,
      3;104,89,103;,
      3;92,105,91;,
      3;105,92,106;,
      3;94,107,93;,
      3;107,94,108;,
      3;96,109,95;,
      3;109,96,110;,
      3;98,111,97;,
      3;111,98,112;,
      3;97,113,99;,
      3;113,97,111;,
      3;99,114,100;,
      3;114,99,113;,
      3;100,115,101;,
      3;115,100,114;,
      3;101,116,102;,
      3;116,101,115;,
      3;102,117,103;,
      3;117,102,116;,
      3;103,118,104;,
      3;118,103,117;,
      3;106,119,105;,
      3;119,106,120;,
      3;108,121,107;,
      3;121,108,122;,
      3;110,123,109;,
      3;123,110,124;,
      3;112,2,111;,
      3;2,112,0;,
      3;111,5,113;,
      3;5,111,2;,
      3;113,7,114;,
      3;7,113,5;,
      3;114,9,115;,
      3;9,114,7;,
      3;115,11,116;,
      3;11,115,9;,
      3;116,13,117;,
      3;13,116,11;,
      3;117,15,118;,
      3;15,117,13;,
      3;120,18,119;,
      3;18,120,16;,
      3;122,22,121;,
      3;22,122,20;,
      3;124,26,123;,
      3;26,124,24;;
     }

     MeshMaterialList {
      1;
      160;
      0,
      0,
      0,
      0,
      0,
      0,
      0,
      0,
      0,
      0,
      0,
      0,
      0,
      0,
      0,
      0,
      0,
      0,
      0,
      0,
      0,
      0,
      0,
      0,
      0,
      0,
      0,
      0,
      0,
      0,
      0,
      0,
      0,
      0,
      0,
      0,
      0,
      0,
      0,
      0,
      0,
      0,
      0,
      0,
      0,
      0,
      0,
      0,
      0,
      0,
      0,
      0,
      0,
      0,
      0,
      0,
      0,
      0,
      0,
      0,
      0,
      0,
      0,
      0,
      0,
      0,
      0,
      0,
      0,
      0,
      0,
      0,
      0,
      0,
      0,
      0,
      0,
      0,
      0,
      0,
      0,
      0,
      0,
      0,
      0,
      0,
      0,
      0,
      0,
      0,
      0,
      0,
      0,
      0,
      0,
      0,
      0,
      0,
      0,
      0,
      0,
      0,
      0,
      0,
      0,
      0,
      0,
      0,
      0,
      0,
      0,
      0,
      0,
      0,
      0,
      0,
      0,
      0,
      0,
      0,
      0,
      0,
      0,
      0,
      0,
      0,
      0,
      0,
      0,
      0,
      0,
      0,
      0,
      0,
      0,
      0,
      0,
      0,
      0,
      0,
      0,
      0,
      0,
      0,
      0,
      0,
      0,
      0,
      0,
      0,
      0,
      0,
      0,
      0,
      0,
      0,
      0,
      0,
      0,
      0;
      { Material__152 }
     }

     MeshTextureCoords c1 {
      125;
      0.581900;0.119424;,
      0.874999;0.147379;,
      0.749999;0.147379;,
      0.581900;0.119424;,
      0.875000;0.164155;,
      0.750000;0.164155;,
      0.875000;0.391872;,
      0.750000;0.391872;,
      0.875000;0.491877;,
      0.750000;0.491877;,
      0.875000;0.594888;,
      0.749999;0.594888;,
      0.875000;0.674700;,
      0.749999;0.674700;,
      0.875000;0.968466;,
      0.749999;0.968466;,
      0.749999;0.968466;,
      0.875000;0.974717;,
      0.750000;0.974717;,
      0.875000;0.968466;,
      0.750000;0.974717;,
      0.875000;0.999501;,
      0.750000;0.999501;,
      0.875000;0.974717;,
      0.750000;0.999501;,
      0.500000;0.999501;,
      0.500000;0.999501;,
      0.875000;0.999501;,
      0.999999;0.147379;,
      0.581900;0.119424;,
      1.000000;0.164155;,
      1.000000;0.391872;,
      1.000000;0.491877;,
      1.000000;0.594888;,
      1.000001;0.674700;,
      1.000001;0.968466;,
      1.000001;0.974717;,
      1.000001;0.968466;,
      1.000001;0.999501;,
      1.000001;0.974717;,
      -0.125000;0.999501;,
      0.500000;0.999501;,
      0.000001;0.999501;,
      1.124999;0.147379;,
      0.581900;0.119424;,
      1.125000;0.164155;,
      1.125000;0.391872;,
      1.125000;0.491877;,
      1.125000;0.594888;,
      0.000000;0.594888;,
      0.125001;0.674700;,
      0.000001;0.674700;,
      0.125000;0.594888;,
      0.125001;0.968466;,
      0.000001;0.968466;,
      0.000001;0.968466;,
      0.125001;0.974717;,
      0.000001;0.974717;,
      0.125001;0.968466;,
      0.000001;0.974717;,
      0.125001;0.999501;,
      0.000001;0.999501;,
      0.125001;0.974717;,
      0.500000;0.999501;,
      0.125001;0.999501;,
      0.249999;0.147379;,
      0.124999;0.147379;,
      0.581900;0.119424;,
      0.250000;0.164155;,
      0.125000;0.164155;,
      0.250000;0.391872;,
      0.125000;0.391872;,
      0.250000;0.491877;,
      0.125000;0.491877;,
      0.250000;0.594888;,
      0.250000;0.674700;,
      0.250001;0.968466;,
      0.250000;0.974717;,
      0.250001;0.968466;,
      0.250000;0.999501;,
      0.250000;0.974717;,
      0.500000;0.999501;,
      0.250000;0.999501;,
      0.374999;0.147379;,
      0.581900;0.119424;,
      0.375000;0.164155;,
      0.375000;0.391872;,
      0.375000;0.491877;,
      0.375000;0.594888;,
      0.375000;0.674700;,
      0.375000;0.968466;,
      0.375000;0.974717;,
      0.375000;0.968466;,
      0.375000;0.999501;,
      0.375000;0.974717;,
      0.500000;0.999501;,
      0.375000;0.999501;,
      0.499999;0.147379;,
      0.581900;0.119424;,
      0.500000;0.164155;,
      0.500000;0.391872;,
      0.499999;0.491877;,
      0.499999;0.594888;,
      0.499999;0.674700;,
      0.499999;0.968466;,
      0.499999;0.974717;,
      0.499999;0.968466;,
      0.500000;0.999501;,
      0.499999;0.974717;,
      0.500000;0.999501;,
      0.500000;0.999501;,
      0.624999;0.147379;,
      0.581900;0.119424;,
      0.625000;0.164155;,
      0.625000;0.391872;,
      0.624999;0.491877;,
      0.624999;0.594888;,
      0.624999;0.674700;,
      0.624999;0.968466;,
      0.624999;0.974717;,
      0.624999;0.968466;,
      0.624999;0.999501;,
      0.624999;0.974717;,
      0.500000;0.999501;,
      0.624999;0.999501;;
     }
    }
   }
  }

  Frame Bip01_Prop2 {
   

   FrameTransformMatrix {
    0.910425,-0.398324,0.111644,0.000000,0.199839,0.659793,0.724387,0.000000,-0.362202,-0.637190,0.680293,0.000000,0.153935,0.084127,0.164940,1.000000;;
   }
  }
 }
}

Frame Translation_Data {
 

 FrameTransformMatrix {
  1.000000,0.000000,0.000000,0.000000,0.000000,1.000000,0.000000,0.000000,0.000000,0.000000,1.000000,0.000000,0.000000,-0.000000,0.000000,1.000000;;
 }
}

Frame Body {
 

 FrameTransformMatrix {
  1.000000,0.000000,0.000000,0.000000,0.000000,1.000000,0.000000,0.000000,0.000000,0.000000,1.000000,0.000000,0.000000,0.000000,0.000000,1.000000;;
 }

 Mesh Body {
  617;
  0.068560;0.779957;0.011864;,
  0.033278;0.768389;0.006601;,
  0.028068;0.793049;0.029264;,
  0.079726;0.760977;0.003618;,
  0.085701;0.741425;-0.002082;,
  0.054006;0.709725;-0.032359;,
  0.040921;0.742233;-0.017401;,
  0.090646;0.705759;-0.001340;,
  0.029035;0.804402;0.070309;,
  0.076611;0.776256;0.088829;,
  0.064699;0.790919;0.061753;,
  0.046861;0.777654;0.095329;,
  0.083349;0.554485;0.049585;,
  0.042914;0.561534;0.068134;,
  0.042026;0.549778;0.073930;,
  0.076569;0.564457;0.046073;,
  0.071273;0.566318;-0.009852;,
  0.084221;0.539164;0.009161;,
  0.043439;0.562362;-0.040642;,
  0.069605;0.515564;-0.020557;,
  0.041023;0.506404;-0.029880;,
  -0.000000;0.710190;-0.039992;,
  -0.000000;0.744656;-0.019644;,
  0.000000;0.559411;0.068002;,
  0.000000;0.545507;0.073700;,
  0.052058;0.648684;0.081993;,
  -0.000000;0.682557;0.098994;,
  -0.000000;0.649023;0.086149;,
  0.056989;0.685349;0.095069;,
  0.059611;0.462639;-0.029589;,
  0.112493;0.367238;0.005074;,
  0.074674;0.364204;-0.023492;,
  0.094133;0.465612;0.007499;,
  0.082599;0.272149;-0.019732;,
  0.111412;0.275183;0.024713;,
  0.011665;0.459665;-0.007049;,
  0.033157;0.366178;0.077445;,
  0.012105;0.443199;0.077515;,
  0.027090;0.361171;0.001884;,
  0.057707;0.274123;0.063591;,
  0.055039;0.269115;0.021523;,
  0.112493;0.372246;0.069651;,
  0.089672;0.449499;0.066707;,
  0.098048;0.280191;0.063060;,
  0.124838;-0.000748;0.061638;,
  0.085272;-0.000832;0.107098;,
  0.079943;-0.000725;0.058570;,
  0.120129;-0.000855;0.106831;,
  0.088752;0.218872;0.008779;,
  0.123549;0.148516;0.045951;,
  0.094301;0.145482;0.017386;,
  0.120133;0.222653;0.037344;,
  0.122452;0.069143;0.056695;,
  0.102511;0.067275;0.028130;,
  0.049140;0.199087;0.034154;,
  0.061582;0.154011;0.083851;,
  0.049140;0.218646;0.086348;,
  0.065052;0.142448;0.042761;,
  0.089119;0.078864;0.079592;,
  0.086037;0.060622;0.053505;,
  0.123549;0.157963;0.083320;,
  0.120133;0.232389;0.085817;,
  0.112937;0.085184;0.079061;,
  0.090324;0.510304;0.014329;,
  0.000000;0.464220;-0.027763;,
  0.000000;0.498718;-0.041766;,
  0.011665;0.459665;-0.007049;,
  0.092057;0.505044;0.068670;,
  0.042026;0.503728;0.092694;,
  0.087953;0.459820;0.068565;,
  0.042026;0.461523;0.089653;,
  0.047486;0.605109;0.068208;,
  0.083731;0.650191;0.064113;,
  0.095217;0.658132;0.048113;,
  0.071861;0.618686;-0.007089;,
  0.088743;0.671053;-0.004327;,
  0.079480;0.609146;0.042880;,
  0.054400;0.675385;-0.040070;,
  0.048920;0.618874;-0.036813;,
  -0.000000;0.675725;-0.046646;,
  -0.000000;0.614862;-0.042193;,
  0.134397;0.782909;0.007273;,
  0.184534;0.784469;0.014260;,
  0.117145;0.732087;0.011159;,
  0.234561;0.725017;0.022630;,
  0.178103;0.724899;0.014268;,
  0.239411;0.773369;0.022601;,
  0.123431;0.730267;0.071732;,
  0.178103;0.724899;0.014268;,
  0.173570;0.725277;0.080183;,
  0.225469;0.725391;0.076597;,
  0.234561;0.725017;0.022630;,
  0.123024;0.738733;0.079254;,
  0.179714;0.784993;0.080237;,
  0.130559;0.782548;0.073104;,
  0.230325;0.773588;0.076622;,
  0.132499;0.790603;0.036141;,
  0.264952;0.774859;0.016955;,
  0.323494;0.721146;0.018181;,
  0.262927;0.717455;0.017970;,
  0.322214;0.757820;0.017309;,
  0.363882;0.720380;0.021679;,
  0.370825;0.745300;0.021227;,
  0.262927;0.717455;0.017970;,
  0.320283;0.730140;0.074597;,
  0.258577;0.718016;0.080584;,
  0.323494;0.721146;0.018181;,
  0.363719;0.728152;0.060549;,
  0.363882;0.720380;0.021679;,
  0.319015;0.758272;0.073574;,
  0.260571;0.775125;0.079758;,
  0.370221;0.745720;0.059018;,
  0.493237;0.689228;0.019866;,
  0.458189;0.679360;0.063809;,
  0.474792;0.677304;0.018656;,
  0.476429;0.691108;0.064464;,
  0.442877;0.692495;-0.005517;,
  0.453172;0.704330;0.000349;,
  0.451486;0.693529;0.001599;,
  0.444913;0.702100;-0.011818;,
  0.388932;0.704985;0.061957;,
  0.424787;0.710841;0.013736;,
  0.426046;0.703480;0.065980;,
  0.391121;0.702261;0.012360;,
  0.439605;0.718115;0.066213;,
  0.400487;0.741011;0.062204;,
  0.402247;0.739404;0.010278;,
  0.437802;0.725743;0.015977;,
  0.096798;0.794029;0.063809;,
  0.101167;0.802802;0.035562;,
  0.064699;0.790919;0.061753;,
  0.065851;0.794825;0.037332;,
  0.093798;0.692466;0.078810;,
  0.038721;0.803487;0.043345;,
  0.096959;0.789981;0.011055;,
  0.079726;0.760977;0.003618;,
  0.068560;0.779957;0.011864;,
  0.103839;0.762170;0.005761;,
  0.098348;0.734841;0.084890;,
  0.057778;0.722014;0.099984;,
  0.100834;0.740275;0.082288;,
  -0.000000;0.716092;0.102207;,
  -0.000000;0.774663;0.088931;,
  0.076611;0.776256;0.088829;,
  0.100834;0.740275;0.082288;,
  0.087386;0.729750;0.024999;,
  0.102281;0.734252;0.070749;,
  0.117145;0.732087;0.011159;,
  0.095937;0.695842;0.046672;,
  0.089012;0.699619;0.012141;,
  0.085701;0.741425;-0.002082;,
  0.101288;0.695415;0.062838;,
  0.391121;0.702261;0.012360;,
  0.035203;0.831562;0.041937;,
  0.026043;0.834377;0.063137;,
  0.000000;0.805501;0.075117;,
  0.000000;0.836861;0.071453;,
  0.437802;0.725743;0.015977;,
  0.493237;0.689228;0.019866;,
  0.476429;0.691108;0.064464;,
  0.423316;0.691062;-0.001837;,
  0.430073;0.715054;-0.008888;,
  0.423316;0.691062;-0.001837;,
  0.435128;0.696666;0.010242;,
  0.435619;0.721225;0.011779;,
  0.435619;0.721225;0.011779;,
  0.442877;0.692495;-0.005517;,
  0.444913;0.702100;-0.011818;,
  0.453172;0.704330;0.000349;,
  0.131079;0.020918;-0.015197;,
  0.100825;-0.000695;-0.059943;,
  0.099504;0.017884;-0.052706;,
  0.136639;-0.000707;-0.022433;,
  0.081526;0.032578;0.096467;,
  0.079943;-0.000725;0.058570;,
  0.085272;-0.000832;0.107098;,
  0.078571;0.024232;0.056038;,
  0.089119;0.078864;0.079592;,
  0.123066;0.035600;0.095936;,
  0.112937;0.085184;0.079061;,
  0.124838;-0.000748;0.061638;,
  0.120129;-0.000855;0.106831;,
  0.125988;0.034198;0.059166;,
  0.102511;0.067275;0.028130;,
  0.122452;0.069143;0.056695;,
  0.072011;0.014851;-0.042253;,
  0.065885;-0.000684;-0.049489;,
  0.136639;-0.000707;-0.022433;,
  0.065885;-0.000684;-0.049489;,
  0.027090;0.361171;0.001884;,
  0.055039;0.269115;0.021523;,
  0.049140;0.199087;0.034154;,
  0.065052;0.142448;0.042761;,
  0.086037;0.060622;0.053505;,
  0.086037;0.060622;0.053505;,
  0.000000;0.451709;0.022708;,
  0.046110;0.836623;0.023209;,
  0.028589;0.828033;0.004678;,
  0.037519;0.834756;0.003632;,
  0.027269;0.827442;0.024610;,
  0.038411;0.853510;0.048380;,
  0.030495;0.861477;0.069744;,
  0.019681;0.975283;0.024080;,
  0.000000;0.969940;-0.003610;,
  0.000000;0.979850;0.024549;,
  0.033917;0.913074;-0.028607;,
  0.016958;0.912584;-0.035308;,
  0.030249;0.940576;-0.017977;,
  0.043398;0.855235;0.002045;,
  0.051436;0.863838;0.029366;,
  0.044542;0.847107;0.033032;,
  0.052560;0.897185;0.049628;,
  0.053036;0.909079;0.028172;,
  0.043654;0.946058;-0.001091;,
  0.052320;0.946185;0.025461;,
  0.048803;0.906959;0.001338;,
  0.049953;0.899603;0.066051;,
  0.039116;0.906044;0.087010;,
  0.000000;0.906044;0.098219;,
  0.032856;0.953446;0.078877;,
  0.000000;0.954510;0.089235;,
  0.049277;0.884276;0.000459;,
  0.034041;0.846813;-0.012548;,
  0.034842;0.881148;-0.023188;,
  0.019502;0.823308;-0.026298;,
  0.000000;0.816837;-0.015145;,
  0.000000;0.820634;-0.035943;,
  0.025758;0.959125;-0.007580;,
  0.039361;0.964996;0.023611;,
  0.048001;0.952375;0.059838;,
  0.034467;0.970417;0.052545;,
  0.017234;0.975369;0.059363;,
  0.000000;0.977406;0.061871;,
  0.000000;0.868727;0.083331;,
  0.048001;0.952375;0.059838;,
  0.034467;0.970417;0.052545;,
  0.056104;0.893704;0.036041;,
  0.062598;0.892200;0.049225;,
  0.055906;0.866582;0.028964;,
  0.059464;0.911823;0.042677;,
  0.062598;0.892200;0.049225;,
  0.055906;0.866582;0.028964;,
  0.059464;0.911823;0.042677;,
  0.053036;0.909079;0.028172;,
  0.053542;0.885489;0.019418;,
  0.051436;0.863838;0.029366;,
  0.034554;0.903323;-0.021305;,
  0.053542;0.885489;0.019418;,
  0.038721;0.803487;0.043345;,
  0.035203;0.831562;0.041937;,
  0.065851;0.794825;0.037332;,
  0.038411;0.853510;0.048380;,
  -0.000000;0.786966;0.008365;,
  -0.000000;0.766089;-0.003043;,
  0.000000;0.560209;-0.044339;,
  0.000000;0.501094;0.092463;,
  0.000000;0.466927;0.089423;,
  0.000000;0.448402;0.083997;,
  0.000000;0.813441;0.002163;,
  0.000000;0.451709;0.022708;,
  0.017234;0.975369;0.059363;,
  0.000000;0.977406;0.061871;,
  0.020119;0.855206;-0.028727;,
