xof 0303txt 0032
template ColorRGBA {
 <35ff44e0-6c7c-11cf-8f52-0040333594a3>
 FLOAT red;
 FLOAT green;
 FLOAT blue;
 FLOAT alpha;
}

template ColorRGB {
 <d3e16e81-7835-11cf-8f52-0040333594a3>
 FLOAT red;
 FLOAT green;
 FLOAT blue;
}

template Material {
 <3d82ab4d-62da-11cf-ab39-0020af71e433>
 ColorRGBA faceColor;
 FLOAT power;
 ColorRGB specularColor;
 ColorRGB emissiveColor;
 [...]
}

template TextureFilename {
 <a42790e1-7810-11cf-8f52-0040333594a3>
 STRING filename;
}

template Frame {
 <3d82ab46-62da-11cf-ab39-0020af71e433>
 [...]
}

template Matrix4x4 {
 <f6f23f45-7686-11cf-8f52-0040333594a3>
 array FLOAT matrix[16];
}

template FrameTransformMatrix {
 <f6f23f41-7686-11cf-8f52-0040333594a3>
 Matrix4x4 frameMatrix;
}

template Vector {
 <3d82ab5e-62da-11cf-ab39-0020af71e433>
 FLOAT x;
 FLOAT y;
 FLOAT z;
}

template MeshFace {
 <3d82ab5f-62da-11cf-ab39-0020af71e433>
 DWORD nFaceVertexIndices;
 array DWORD faceVertexIndices[nFaceVertexIndices];
}

template Mesh {
 <3d82ab44-62da-11cf-ab39-0020af71e433>
 DWORD nVertices;
 array Vector vertices[nVertices];
 DWORD nFaces;
 array MeshFace faces[nFaces];
 [...]
}

template MeshNormals {
 <f6f23f43-7686-11cf-8f52-0040333594a3>
 DWORD nNormals;
 array Vector normals[nNormals];
 DWORD nFaceNormals;
 array MeshFace faceNormals[nFaceNormals];
}

template MeshMaterialList {
 <f6f23f42-7686-11cf-8f52-0040333594a3>
 DWORD nMaterials;
 DWORD nFaceIndexes;
 array DWORD faceIndexes[nFaceIndexes];
 [Material <3d82ab4d-62da-11cf-ab39-0020af71e433>]
}

template Coords2d {
 <f6f23f44-7686-11cf-8f52-0040333594a3>
 FLOAT u;
 FLOAT v;
}

template MeshTextureCoords {
 <f6f23f40-7686-11cf-8f52-0040333594a3>
 DWORD nTextureCoords;
 array Coords2d textureCoords[nTextureCoords];
}

template XSkinMeshHeader {
 <3cf169ce-ff7c-44ab-93c0-f78f62d172e2>
 WORD nMaxSkinWeightsPerVertex;
 WORD nMaxSkinWeightsPerFace;
 WORD nBones;
}

template SkinWeights {
 <6f0d123b-bad2-4167-a0d0-80224f25fabb>
 STRING transformNodeName;
 DWORD nWeights;
 array DWORD vertexIndices[nWeights];
 array FLOAT weights[nWeights];
 Matrix4x4 matrixOffset;
}

template AnimTicksPerSecond {
 <9e415a43-7ba6-4a73-8743-b73d47e88476>
 DWORD AnimTicksPerSecond;
}

template Animation {
 <3d82ab4f-62da-11cf-ab39-0020af71e433>
 [...]
}

template AnimationSet {
 <3d82ab50-62da-11cf-ab39-0020af71e433>
 [Animation <3d82ab4f-62da-11cf-ab39-0020af71e433>]
}

template FloatKeys {
 <10dd46a9-775b-11cf-8f52-0040333594a3>
 DWORD nValues;
 array FLOAT values[nValues];
}

template TimedFloatKeys {
 <f406b180-7b3b-11cf-8f52-0040333594a3>
 DWORD time;
 FloatKeys tfkeys;
}

template AnimationKey {
 <10dd46a8-775b-11cf-8f52-0040333594a3>
 DWORD keyType;
 DWORD nKeys;
 array TimedFloatKeys keys[nKeys];
}


Material _02_-_Default {
 1.000000;1.000000;1.000000;1.000000;;
 9.999999;
 0.000000;0.000000;0.000000;;
 0.000000;0.000000;0.000000;;

 TextureFilename {
  "Sheep.png";
 }
}

Frame Dummy01 {
 

 FrameTransformMatrix {
  1.000000,0.000000,0.000000,0.000000,0.000000,-0.000000,-1.000000,0.000000,0.000000,1.000000,-0.000000,0.000000,0.000000,0.000000,0.000000,1.000000;;
 }

 Frame Bip01 {
  

  FrameTransformMatrix {
   -0.338485,0.634919,-0.694483,0.000000,0.253288,0.772285,0.582598,0.000000,0.906241,0.021297,-0.422224,0.000000,0.034820,-0.116438,0.129011,1.000000;;
  }

  Frame Bip01_Pelvis {
   

   FrameTransformMatrix {
    -0.000000,1.000000,-0.000001,0.000000,0.174625,0.000001,0.984635,0.000000,0.984635,-0.000000,-0.174625,0.000000,0.000000,0.000000,0.000000,1.000000;;
   }

   Frame Bip01_Spine {
    

    FrameTransformMatrix {
     0.718766,0.044175,0.693848,0.000000,0.200830,0.942245,-0.268032,0.000000,-0.665615,0.331998,0.668382,0.000000,0.054989,-0.000070,-0.000141,1.000000;;
    }

    Frame Bip01_L_Thigh {
     

     FrameTransformMatrix {
      0.951880,0.062618,0.300005,0.000000,0.119863,-0.976996,-0.176387,0.000000,0.282058,0.203859,-0.937488,0.000000,-0.036474,0.051897,0.058886,1.000000;;
     }

     Frame Bip01_L_Calf {
      

      FrameTransformMatrix {
       -0.733540,0.000000,-0.679646,0.000000,0.000000,1.000000,-0.000000,0.000000,0.679646,0.000000,-0.733540,0.000000,0.105036,0.000000,0.000000,1.000000;;
      }

      Frame Bip01_L_Foot {
       

       FrameTransformMatrix {
        0.220018,-0.000199,0.975496,0.000000,0.076502,0.996924,-0.017051,0.000000,-0.972492,0.078379,0.219356,0.000000,0.119827,0.000000,-0.000000,1.000000;;
       }

       Frame Bip01_L_Toe0 {
        

        FrameTransformMatrix {
         0.246027,-0.049912,0.967977,0.000000,-0.165608,0.981824,0.092717,0.000000,-0.955010,-0.183115,0.233289,0.000000,0.016376,-0.000000,0.073046,1.000000;;
        }

        Frame Bip01_L_Toe0Nub {
         

         FrameTransformMatrix {
          -1.000000,-0.000000,0.000000,0.000000,0.000000,1.000000,0.000000,0.000000,0.000000,0.000000,-1.000000,0.000000,0.040825,-0.000000,0.000000,1.000000;;
         }
        }
       }
      }
     }
    }

    Frame Bip01_R_Thigh {
     

     FrameTransformMatrix {
      0.817329,-0.285181,0.500645,0.000000,-0.160380,-0.947182,-0.277712,0.000000,0.553400,0.146689,-0.819896,0.000000,-0.042373,-0.073928,0.014551,1.000000;;
     }

     Frame Bip01_R_Calf {
      

      FrameTransformMatrix {
       -0.089514,-0.000000,-0.995985,0.000000,0.000000,1.000000,0.000000,0.000000,0.995985,-0.000000,-0.089514,0.000000,0.105036,0.000000,0.000000,1.000000;;
      }

      Frame Bip01_R_Foot {
       

       FrameTransformMatrix {
        0.885775,-0.116171,0.449340,0.000000,0.149022,0.988092,-0.038306,0.000000,-0.439539,0.100892,0.892539,0.000000,0.119827,0.000000,-0.000000,1.000000;;
       }

       Frame Bip01_R_Toe0 {
        

        FrameTransformMatrix {
         0.214943,0.039706,0.975819,0.000000,-0.031686,0.998930,-0.033667,0.000000,-0.976112,-0.023683,0.215972,0.000000,0.016376,0.000000,0.073046,1.000000;;
        }

        Frame Bip01_R_Toe0Nub {
         

         FrameTransformMatrix {
          1.000000,-0.000000,0.000000,0.000000,0.000000,1.000000,0.000000,0.000000,0.000000,0.000000,1.000000,0.000000,0.040825,-0.000000,0.000000,1.000000;;
         }
        }
       }
      }
     }
    }

    Frame Bip01_Neck {
     

     FrameTransformMatrix {
      0.939637,-0.134893,-0.314462,0.000000,0.083855,0.981769,-0.170578,0.000000,0.331739,0.133912,0.933818,0.000000,0.276689,-0.000005,-0.000806,1.000000;;
     }

     Frame Bip01_Neck1 {
      

      FrameTransformMatrix {
       0.893022,-0.009572,-0.449911,0.000000,0.009310,0.999953,-0.002795,0.000000,0.449916,-0.001693,0.893069,0.000000,0.050068,0.000000,-0.000048,1.000000;;
      }

      Frame Bip01_Neck2 {
       

       FrameTransformMatrix {
        0.878826,-0.019085,-0.476761,0.000000,0.018528,0.999811,-0.005870,0.000000,0.476783,-0.003675,0.879013,0.000000,0.067865,0.000000,-0.000029,1.000000;;
       }

       Frame Bip01_Head {
        

        FrameTransformMatrix {
         0.997418,0.022500,-0.068196,0.000000,-0.022731,0.999738,-0.002602,0.000000,0.068119,0.004146,0.997669,0.000000,0.041760,-0.000000,0.003111,1.000000;;
        }

        Frame Bip01_HeadNub {
         

         FrameTransformMatrix {
          1.000000,-0.000000,-0.000000,0.000000,0.000000,1.000000,-0.000000,0.000000,0.000000,0.000000,1.000000,0.000000,0.036391,-0.000000,-0.000000,1.000000;;
         }
        }

        Frame Bip01_Jaw {
         

         FrameTransformMatrix {
          0.072251,-0.000000,0.997387,0.000000,-0.000123,1.000000,0.000009,0.000000,-0.997387,-0.000123,0.072251,0.000000,-0.015828,-0.000000,0.021328,1.000000;;
         }

         Frame Bip01_JawNub {
          

          FrameTransformMatrix {
           0.000796,0.000003,1.000000,0.000000,0.000000,-1.000000,0.000003,0.000000,1.000000,-0.000000,-0.000796,0.000000,0.070419,-0.000000,0.000000,1.000000;;
          }
         }
        }

        Frame Bip01_LeftEar {
         

         FrameTransformMatrix {
          0.103902,0.992851,0.058750,0.000000,-0.957905,0.084001,0.274521,0.000000,0.267624,-0.084800,0.959785,0.000000,0.031580,0.044799,-0.026841,1.000000;;
         }

         Frame Bip01_LeftEarNub {
          

          FrameTransformMatrix {
           0.000796,0.000003,1.000000,0.000000,0.000000,-1.000000,0.000003,0.000000,1.000000,-0.000000,-0.000796,0.000000,0.054269,0.000000,0.000000,1.000000;;
          }
         }
        }

        Frame Bip01_RightEar {
         

         FrameTransformMatrix {
          0.103902,-0.992851,0.058755,0.000000,0.957907,0.083999,-0.274517,0.000000,0.267618,0.084805,0.959786,0.000000,0.031580,-0.044799,-0.026841,1.000000;;
         }

         Frame Bip01_RightEarNub {
          

          FrameTransformMatrix {
           0.000796,0.000003,1.000000,0.000000,-0.000000,-1.000000,0.000003,0.000000,1.000000,0.000000,-0.000796,0.000000,0.054269,0.000000,-0.000000,1.000000;;
          }
         }
        }
       }
      }
     }

     Frame Bip01_L_Clavicle {
      

      FrameTransformMatrix {
       0.721162,0.072698,0.688942,0.000000,0.687851,0.043125,-0.724570,0.000000,-0.082386,0.996421,-0.018905,0.000000,-0.035125,0.050893,-0.010086,1.000000;;
      }

      Frame Bip01_L_UpperArm {
       

       FrameTransformMatrix {
        0.037309,-0.985799,-0.163735,0.000000,-0.174896,-0.167762,0.970189,0.000000,-0.983880,-0.007561,-0.178671,0.000000,0.096119,0.000000,0.000000,1.000000;;
       }

       Frame Bip01_L_Forearm {
        

        FrameTransformMatrix {
         -0.060194,-0.000000,-0.998187,0.000000,-0.000000,1.000000,-0.000000,0.000000,0.998187,-0.000000,-0.060194,0.000000,0.077298,0.000000,0.000000,1.000000;;
        }

        Frame Bip01_L_Hand {
         

         FrameTransformMatrix {
          -0.990507,0.136292,-0.017915,0.000000,0.137248,0.973208,-0.184469,0.000000,-0.007707,-0.185176,-0.982675,0.000000,0.103517,0.000000,-0.000000,1.000000;;
         }

         Frame Bip01_L_Finger0 {
          

          FrameTransformMatrix {
           0.976066,0.000173,-0.217476,0.000000,-0.000000,1.000000,0.000796,0.000000,0.217476,-0.000777,0.976066,0.000000,0.066735,0.000000,0.000000,1.000000;;
          }

          Frame Bip01_L_Finger0Nub {
           

           FrameTransformMatrix {
            1.000000,0.000000,0.000000,0.000000,0.000000,1.000000,0.000000,0.000000,0.000000,0.000000,1.000000,0.000000,0.043993,-0.000000,0.000000,1.000000;;
           }
          }
         }
        }
       }
      }
     }

     Frame Bip01_R_Clavicle {
      

      FrameTransformMatrix {
       0.619724,-0.084259,0.780284,0.000000,-0.766372,-0.279273,0.578517,0.000000,0.169167,-0.956508,-0.237645,0.000000,-0.020732,-0.053856,-0.024373,1.000000;;
      }

      Frame Bip01_R_UpperArm {
       

       FrameTransformMatrix {
        0.097395,0.995217,0.007608,0.000000,0.083626,-0.000566,-0.996497,0.000000,-0.991726,0.097690,-0.083281,0.000000,0.096119,0.000000,0.000000,1.000000;;
       }

       Frame Bip01_R_Forearm {
        

        FrameTransformMatrix {
         0.147757,0.000000,-0.989024,0.000000,0.000000,1.000000,-0.000000,0.000000,0.989024,0.000000,0.147757,0.000000,0.077298,0.000000,0.000000,1.000000;;
        }

        Frame Bip01_R_Hand {
         

         FrameTransformMatrix {
          -0.921545,-0.139232,0.362449,0.000000,-0.236674,0.941455,-0.240101,0.000000,-0.307800,-0.307046,-0.900545,0.000000,0.103517,0.000000,-0.000000,1.000000;;
         }

         Frame Bip01_R_Finger0 {
          

          FrameTransformMatrix {
           0.990469,-0.000110,-0.137734,0.000000,-0.000000,1.000000,-0.000796,0.000000,0.137734,0.000789,0.990469,0.000000,0.066735,-0.000000,0.000000,1.000000;;
          }

          Frame Bip01_R_Finger0Nub {
           

           FrameTransformMatrix {
            -1.000000,0.000000,0.000000,0.000000,0.000000,1.000000,-0.000000,0.000000,-0.000000,0.000000,-1.000000,0.000000,0.043993,0.000000,0.000000,1.000000;;
           }
          }
         }
        }
       }
      }
     }
    }

    Frame Bip01_Tail {
     

     FrameTransformMatrix {
      -0.496979,-0.114918,0.860120,0.000000,-0.041542,0.993207,0.108696,0.000000,-0.866768,0.018288,-0.498376,0.000000,-0.092883,-0.010338,0.013829,1.000000;;
     }

     Frame Bip01_Tail1 {
      

      FrameTransformMatrix {
       0.701419,-0.031138,-0.712069,0.000000,0.000598,0.999071,-0.043100,0.000000,0.712749,0.029805,0.700786,0.000000,0.082162,-0.000003,-0.000066,1.000000;;
      }

      Frame Bip01_Tail2 {
       

       FrameTransformMatrix {
        0.953375,0.017408,-0.301286,0.000000,-0.020752,0.999754,-0.007902,0.000000,0.301074,0.013786,0.953501,0.000000,0.117539,-0.000001,-0.000092,1.000000;;
       }

       Frame Bip01_TailNub {
        

        FrameTransformMatrix {
         0.000796,0.000003,1.000000,0.000000,-0.000000,-1.000000,0.000003,0.000000,1.000000,0.000000,-0.000796,0.000000,0.120987,0.000000,0.000000,1.000000;;
        }
       }
      }
     }
    }
   }

   Frame Bip01_Testicles {
    

    FrameTransformMatrix {
     0.649867,0.117635,0.750890,0.000000,-0.007477,0.988892,-0.148449,0.000000,-0.760011,0.090857,0.643528,0.000000,-0.060987,-0.000008,0.103746,1.000000;;
    }
   }
  }
 }
}

Frame Sheep_RamSheared {
 

 FrameTransformMatrix {
  1.000000,0.000000,0.000000,0.000000,0.000000,1.000000,0.000000,0.000000,0.000000,0.000000,1.000000,0.000000,0.000000,0.000000,0.000000,1.000000;;
 }

 Mesh Sheep_RamSheared {
  595;
  -0.037674;0.404775;0.077098;,
  -0.070127;0.371046;0.134216;,
  -0.038532;0.385412;0.144337;,
  -0.071615;0.384033;0.076530;,
  -0.041317;0.232169;0.186845;,
  -0.084100;0.313899;0.179607;,
  -0.096331;0.242698;0.170830;,
  -0.039452;0.314419;0.195567;,
  -0.041692;0.193318;0.167704;,
  -0.095292;0.194635;0.154629;,
  -0.049268;-0.000672;0.129770;,
  -0.085921;-0.001058;0.150776;,
  -0.093781;-0.000705;0.129603;,
  -0.060458;-0.001177;0.152933;,
  -0.057253;0.001203;0.098442;,
  -0.084738;0.000955;0.099594;,
  -0.000007;0.395225;0.150970;,
  -0.000007;0.411803;0.076973;,
  -0.000007;0.228147;0.186578;,
  -0.000000;0.317136;0.190418;,
  -0.000007;0.191303;0.140686;,
  -0.034828;0.181220;0.134172;,
  -0.000007;0.182536;0.102186;,
  -0.034828;0.181220;0.134172;,
  -0.046573;0.172975;0.098157;,
  -0.000007;0.191303;0.140686;,
  -0.041326;0.389825;-0.057151;,
  -0.000007;0.396753;-0.057799;,
  -0.107288;0.189229;0.124963;,
  -0.091732;0.144456;0.169832;,
  -0.099521;0.128153;0.141519;,
  -0.054224;0.147678;0.176210;,
  -0.045566;0.133951;0.150897;,
  -0.052249;0.119900;0.123364;,
  -0.045566;0.133951;0.150897;,
  -0.090429;0.117605;0.119014;,
  -0.098341;0.172894;0.091869;,
  -0.091451;0.119645;0.169166;,
  -0.098843;0.118719;0.141935;,
  -0.054114;0.119308;0.174543;,
  -0.046371;0.118825;0.147909;,
  -0.046371;0.118825;0.147909;,
  -0.087509;0.042340;0.160918;,
  -0.092902;0.042101;0.136918;,
  -0.056866;0.042755;0.162765;,
  -0.050678;0.042640;0.140037;,
  -0.055856;0.042595;0.119271;,
  -0.050678;0.042640;0.140037;,
  -0.086542;0.042406;0.118846;,
  -0.116521;0.247580;0.109511;,
  -0.098308;0.319229;0.038026;,
  -0.107962;0.219659;0.059334;,
  -0.100146;0.323881;0.113239;,
  -0.071671;0.377893;0.037313;,
  -0.037645;0.192698;0.064240;,
  -0.000007;0.182928;0.066497;,
  -0.085804;0.223762;0.037287;,
  -0.040280;0.199402;0.041530;,
  -0.000007;0.184821;0.041344;,
  -0.098079;0.304714;-0.048605;,
  -0.077434;0.363638;-0.054364;,
  -0.087611;0.213167;-0.039026;,
  -0.053208;0.185755;-0.036456;,
  -0.000006;0.171280;-0.036012;,
  -0.000007;0.395958;-0.165562;,
  -0.041197;0.389125;-0.165505;,
  -0.072671;0.363573;-0.165442;,
  -0.096623;0.309540;-0.146105;,
  -0.083789;0.220463;-0.139015;,
  -0.056900;0.189936;-0.138356;,
  -0.000148;0.175937;-0.137758;,
  -0.087010;0.033590;0.158687;,
  -0.092788;0.038565;0.136760;,
  -0.057066;0.033027;0.160542;,
  -0.050834;0.038100;0.139100;,
  -0.050834;0.038100;0.139100;,
  -0.085921;-0.001058;0.150776;,
  -0.093781;-0.000705;0.129603;,
  -0.060458;-0.001177;0.152933;,
  -0.049268;-0.000672;0.129770;,
  -0.049268;-0.000672;0.129770;,
  -0.057253;0.001203;0.098442;,
  -0.084738;0.000955;0.099594;,
  -0.057369;0.191291;-0.150316;,
  -0.097243;0.222075;-0.153999;,
  -0.030867;0.174449;-0.150373;,
  -0.037448;0.392947;-0.204779;,
  -0.000007;0.398092;-0.204415;,
  -0.069983;0.368314;-0.204930;,
  -0.091177;0.307826;-0.207041;,
  -0.099063;0.308112;-0.157364;,
  -0.097003;0.223469;-0.200357;,
  -0.081438;-0.000865;-0.186981;,
  -0.046956;-0.001044;-0.207407;,
  -0.058261;-0.000983;-0.180421;,
  -0.086916;-0.000634;-0.207823;,
  -0.034024;0.397601;-0.243447;,
  -0.000004;0.404291;-0.241195;,
  -0.059038;0.374754;-0.248130;,
  -0.081163;0.313385;-0.254382;,
  -0.087763;0.222684;-0.238435;,
  -0.052864;0.000598;-0.238141;,
  -0.080798;0.001079;-0.237150;,
  -0.046887;0.176314;-0.150798;,
  -0.027740;0.173406;-0.190564;,
  -0.014726;0.172950;-0.189428;,
  -0.014726;0.172950;-0.189428;,
  -0.039655;0.175538;-0.230359;,
  -0.014795;0.171539;-0.234389;,
  -0.027740;0.173406;-0.190564;,
  -0.086082;0.180568;-0.157754;,
  -0.088943;0.181075;-0.191699;,
  -0.078810;0.182285;-0.226915;,
  -0.041098;0.122967;-0.189817;,
  -0.052286;0.123535;-0.161929;,
  -0.045394;0.122405;-0.220940;,
  -0.041098;0.122967;-0.189817;,
  -0.077093;0.122094;-0.220552;,
  -0.083047;0.122734;-0.191228;,
  -0.079670;0.122963;-0.168140;,
  -0.042561;0.110158;-0.190252;,
  -0.052706;0.112362;-0.167971;,
  -0.049751;0.107573;-0.212692;,
  -0.042561;0.110158;-0.190252;,
  -0.073837;0.107328;-0.212304;,
  -0.081939;0.109215;-0.191402;,
  -0.077506;0.111580;-0.172512;,
  -0.042475;0.105666;-0.189444;,
  -0.052762;0.103524;-0.168032;,
  -0.042475;0.105666;-0.189444;,
  -0.081861;0.104884;-0.190849;,
  -0.077527;0.103055;-0.172955;,
  -0.045217;0.046549;-0.192951;,
  -0.055619;0.045753;-0.170084;,
  -0.051990;0.048584;-0.217652;,
  -0.045217;0.046549;-0.192951;,
  -0.075764;0.049024;-0.216868;,
  -0.083411;0.046996;-0.194282;,
  -0.079344;0.046118;-0.175522;,
  -0.045196;0.040542;-0.194362;,
  -0.055236;0.033191;-0.173185;,
  -0.045196;0.040542;-0.194362;,
  -0.083377;0.041352;-0.195408;,
  -0.079294;0.035190;-0.178006;,
  -0.046956;-0.001044;-0.207407;,
  -0.058261;-0.000983;-0.180421;,
  -0.052864;0.000598;-0.238141;,
  -0.046956;-0.001044;-0.207407;,
  -0.080798;0.001079;-0.237150;,
  -0.086916;-0.000634;-0.207823;,
  -0.081438;-0.000865;-0.186981;,
  -0.057276;0.190456;-0.256913;,
  -0.076584;0.228187;-0.263028;,
  -0.039605;0.179397;-0.260627;,
  -0.000713;0.172674;-0.265030;,
  -0.000001;0.205036;-0.297222;,
  -0.038103;0.212368;-0.291486;,
  -0.072600;0.242372;-0.275371;,
  -0.030773;0.289327;-0.332386;,
  -0.059699;0.309573;-0.316857;,
  -0.000006;0.285839;-0.335686;,
  -0.028601;0.412867;-0.264345;,
  -0.000005;0.417277;-0.261360;,
  -0.052332;0.396011;-0.272694;,
  -0.066165;0.356216;-0.291916;,
  -0.021490;0.358303;-0.354223;,
  -0.045067;0.372906;-0.340262;,
  -0.000021;0.352561;-0.357620;,
  -0.019907;0.437885;-0.291594;,
  -0.000207;0.441457;-0.289200;,
  -0.044215;0.422121;-0.302049;,
  -0.056272;0.395027;-0.319704;,
  -0.019626;0.356514;-0.361747;,
  -0.045953;0.382037;-0.357068;,
  -0.000007;0.349666;-0.365255;,
  -0.021124;0.465046;-0.337532;,
  -0.000096;0.468211;-0.336219;,
  -0.037872;0.450563;-0.341917;,
  -0.047169;0.430496;-0.345790;,
  -0.020460;0.461139;-0.381042;,
  -0.000096;0.463586;-0.381256;,
  -0.037110;0.448134;-0.380653;,
  -0.046655;0.428579;-0.378836;,
  -0.025828;0.356409;-0.392077;,
  -0.031232;0.378777;-0.403634;,
  -0.000007;0.348756;-0.386692;,
  -0.000005;0.415609;-0.429683;,
  -0.018837;0.410734;-0.426276;,
  -0.028845;0.396908;-0.417628;,
  -0.014384;0.345376;-0.409981;,
  -0.021737;0.361856;-0.419350;,
  -0.000007;0.340311;-0.406045;,
  -0.015928;0.394791;-0.441229;,
  -0.000007;0.399899;-0.442964;,
  -0.023067;0.384038;-0.433278;,
  -0.022663;0.363870;-0.421180;,
  -0.012314;0.356658;-0.430600;,
  -0.013190;0.353411;-0.428230;,
  -0.010691;0.346104;-0.420717;,
  -0.000007;0.342776;-0.419393;,
  -0.000007;0.382711;-0.444253;,
  0.070114;0.371046;0.134216;,
  0.037661;0.404775;0.077098;,
  0.038518;0.385412;0.144337;,
  0.071614;0.384033;0.076531;,
  0.041397;0.232170;0.186845;,
  0.084087;0.313899;0.179607;,
  0.039438;0.314419;0.195567;,
  0.096412;0.242698;0.170830;,
  0.041773;0.193319;0.167704;,
  0.095373;0.194635;0.154629;,
  0.049272;-0.000672;0.129770;,
  0.085924;-0.001058;0.150776;,
  0.060462;-0.001177;0.152933;,
  0.093785;-0.000705;0.129603;,
  0.057258;0.001203;0.098442;,
  0.084742;0.000955;0.099594;,
  -0.000007;0.228147;0.186578;,
  -0.000000;0.317136;0.190418;,
  -0.000007;0.191303;0.140686;,
  0.034909;0.181220;0.134172;,
  -0.000007;0.182536;0.102186;,
  0.034909;0.181220;0.134172;,
  -0.000007;0.191303;0.140686;,
  0.046653;0.172975;0.098157;,
  0.041313;0.389825;-0.057151;,
  0.107369;0.189229;0.124963;,
  0.091736;0.144456;0.169832;,
  0.099525;0.128153;0.141519;,
  0.054228;0.147678;0.176210;,
  0.045570;0.133951;0.150897;,
  0.052254;0.119900;0.123364;,
  0.045570;0.133951;0.150897;,
  0.090433;0.117605;0.119013;,
  0.098421;0.172894;0.091869;,
  0.091456;0.119645;0.169166;,
  0.098847;0.118719;0.141935;,
  0.054119;0.119308;0.174543;,
  0.046376;0.118825;0.147909;,
  0.046376;0.118825;0.147909;,
  0.087513;0.042340;0.160918;,
  0.092906;0.042101;0.136918;,
  0.056871;0.042755;0.162765;,
  0.050682;0.042640;0.140037;,
  0.055860;0.042595;0.119271;,
  0.050682;0.042640;0.140037;,
  0.086546;0.042406;0.118846;,
  0.116601;0.247580;0.109511;,
  0.098294;0.319229;0.038026;,
  0.100133;0.323881;0.113239;,
  0.108042;0.219659;0.059334;,
  0.071658;0.377893;0.037313;,
  0.037631;0.192698;0.064240;,
  -0.000007;0.182928;0.066497;,
  0.085790;0.223762;0.037287;,
  0.040267;0.199402;0.041530;,
  -0.000007;0.184821;0.041344;,
  0.098066;0.304714;-0.048605;,
  0.077421;0.363638;-0.054364;,
  0.087597;0.213167;-0.039026;,
  0.053195;0.185755;-0.036456;,
  -0.000006;0.171280;-0.036012;,
  0.041184;0.389125;-0.165505;,
  0.072657;0.363573;-0.165442;,
  0.096610;0.309540;-0.146105;,
  0.083775;0.220463;-0.139015;,
  0.056882;0.189933;-0.138357;,
  0.087013;0.033590;0.158687;,
  0.092792;0.038565;0.136761;,
  0.057070;0.033027;0.160542;,
  0.050838;0.038100;0.139100;,
  0.050838;0.038100;0.139100;,
  0.085924;-0.001058;0.150776;,
  0.093785;-0.000705;0.129603;,
  0.060462;-0.001177;0.152933;,
  0.049272;-0.000672;0.129770;,
  0.049272;-0.000672;0.129770;,
  0.057258;0.001203;0.098442;,
  0.084742;0.000955;0.099594;,
  0.057356;0.191291;-0.150316;,
  0.097229;0.222075;-0.153999;,
  0.037435;0.392947;-0.204779;,
  0.069970;0.368314;-0.204930;,
  0.091163;0.307826;-0.207041;,
  0.099049;0.308112;-0.157364;,
  0.096990;0.223469;-0.200357;,
  0.081543;-0.000865;-0.186982;,
  0.047061;-0.001044;-0.207407;,
  0.087019;-0.000635;-0.207823;,
  0.058367;-0.000983;-0.180421;,
  0.034015;0.397601;-0.243446;,
  0.059029;0.374754;-0.248130;,
  0.081154;0.313385;-0.254382;,
  0.087749;0.222684;-0.238435;,
  0.052970;0.000598;-0.238140;,
  0.080903;0.001079;-0.237150;,
  0.030850;0.174457;-0.150358;,
  0.046873;0.176314;-0.150797;,
  0.027726;0.173406;-0.190564;,
  0.014713;0.172950;-0.189428;,
  0.014713;0.172950;-0.189428;,
  0.039642;0.175539;-0.230360;,
  0.027726;0.173406;-0.190564;,
  0.014805;0.171550;-0.234446;,
  0.086069;0.180568;-0.157754;,
  0.088928;0.181075;-0.191699;,
  0.078797;0.182287;-0.226916;,
  0.041205;0.122967;-0.189808;,
  0.052387;0.123535;-0.161929;,
  0.045448;0.122404;-0.220930;,
  0.041205;0.122967;-0.189808;,
  0.077250;0.122093;-0.220543;,
  0.083151;0.122735;-0.191218;,
  0.079775;0.122963;-0.168140;,
  0.042667;0.110158;-0.190253;,
  0.052807;0.112362;-0.167972;,
  0.049861;0.107565;-0.212693;,
  0.042667;0.110158;-0.190253;,
  0.073942;0.107321;-0.212304;,
  0.082045;0.109216;-0.191401;,
  0.077611;0.111580;-0.172512;,
  0.042580;0.105666;-0.189446;,
  0.052862;0.103524;-0.168032;,
  0.042580;0.105666;-0.189446;,
  0.081966;0.104884;-0.190848;,
  0.077632;0.103055;-0.172955;,
  0.044796;0.046549;-0.192952;,
  0.055720;0.045753;-0.170084;,
  0.052095;0.048584;-0.217652;,
  0.044796;0.046549;-0.192952;,
  0.075873;0.049023;-0.216867;,
  0.083516;0.046996;-0.194281;,
  0.079449;0.046118;-0.175522;,
  0.045302;0.040542;-0.194363;,
  0.055336;0.033191;-0.173186;,
  0.045302;0.040542;-0.194363;,
  0.083482;0.041351;-0.195407;,
  0.079399;0.035190;-0.178006;,
  0.047061;-0.001044;-0.207407;,
  0.058367;-0.000983;-0.180421;,
  0.052970;0.000598;-0.238140;,
  0.047061;-0.001044;-0.207407;,
  0.080903;0.001079;-0.237150;,
  0.087019;-0.000635;-0.207823;,
  0.081543;-0.000865;-0.186982;,
  0.057263;0.190456;-0.256913;,
  0.076575;0.228187;-0.263028;,
  0.039586;0.179396;-0.260626;,
  -0.000713;0.172674;-0.265030;,
  -0.000744;0.171428;-0.233869;,
  -0.000001;0.205036;-0.297222;,
  0.038090;0.212368;-0.291486;,
  0.072591;0.242372;-0.275371;,
  -0.000477;0.172954;-0.189172;,
  0.030760;0.289327;-0.332386;,
  0.059686;0.309573;-0.316857;,
  -0.000006;0.285839;-0.335686;,
  0.028576;0.412856;-0.264321;,
  0.052320;0.396010;-0.272697;,
  0.066152;0.352408;-0.291916;,
  0.021448;0.358303;-0.354223;,
  0.045024;0.372905;-0.340262;,
  -0.000021;0.352561;-0.357620;,
  0.021419;0.437874;-0.291611;,
  0.044242;0.422059;-0.302104;,
  0.056232;0.395033;-0.319705;,
  0.019613;0.356514;-0.361747;,
  0.045947;0.382056;-0.357065;,
  -0.000007;0.349666;-0.365255;,
  0.020913;0.465069;-0.337579;,
  0.037681;0.450567;-0.341929;,
  0.046976;0.430513;-0.345806;,
  0.020269;0.461140;-0.381039;,
  0.036920;0.448137;-0.380647;,
  0.046464;0.428595;-0.378830;,
  0.025814;0.356409;-0.392077;,
  0.031221;0.378786;-0.403631;,
  -0.000007;0.348756;-0.386692;,
  0.018826;0.410739;-0.426268;,
  0.028833;0.396915;-0.417620;,
  0.014371;0.345376;-0.409981;,
  0.021724;0.361856;-0.419350;,
  -0.000007;0.340311;-0.406045;,
  0.015915;0.394791;-0.441229;,
  0.023053;0.384038;-0.433278;,
  0.022649;0.363870;-0.421180;,
  0.012300;0.356658;-0.430600;,
  0.013177;0.353411;-0.428230;,
  0.010678;0.346104;-0.420717;,
  -0.000007;0.342776;-0.419393;,
  -0.000007;0.374753;0.188732;,
  -0.026865;0.355402;0.192277;,
  0.026851;0.355402;0.192277;,
  0.024873;0.331304;0.195111;,
  -0.024886;0.331304;0.195111;,
  -0.024886;0.331304;0.195111;,
  -0.013767;0.323595;0.205293;,
  -0.026865;0.355402;0.192277;,
  -0.015443;0.319082;0.193162;,
  -0.000000;0.327427;0.215076;,
  -0.000007;0.374753;0.188732;,
  0.026851;0.355402;0.192277;,
  0.013767;0.323595;0.205294;,
  0.015443;0.319082;0.193162;,
  0.024873;0.331304;0.195111;,
  -0.000000;0.317136;0.190418;,
  -0.000000;0.317136;0.190418;,
  -0.000000;0.303183;0.203954;,
  -0.000000;0.303183;0.203954;,
  -0.000007;0.355407;-0.432266;,
  -0.000007;0.351912;-0.429663;,
  -0.000007;0.351912;-0.429663;,
  -0.000148;0.175937;-0.137758;,
  -0.000477;0.172954;-0.189172;,
  0.062281;0.432580;-0.335261;,
  0.090173;0.442457;-0.348402;,
  0.061918;0.455732;-0.343851;,
  0.035560;0.439649;-0.331643;,
  0.020343;0.463475;-0.338905;,
  0.032491;0.433827;-0.360500;,
  0.051325;0.439838;-0.356427;,
  0.038965;0.425355;-0.346687;,
  0.034098;0.448211;-0.359359;,
  0.068363;0.414873;-0.346674;,
  0.090040;0.420665;-0.354015;,
  0.058024;0.457297;-0.358027;,
  0.020234;0.461665;-0.356714;,
  0.084340;0.448513;-0.362011;,
  0.038965;0.425355;-0.346687;,
  0.032491;0.433827;-0.360500;,
  0.068363;0.414873;-0.346674;,
  0.090040;0.420665;-0.354015;,
  0.109786;0.428451;-0.357931;,
  0.084340;0.448513;-0.362011;,
  0.058024;0.457297;-0.358027;,
  0.020234;0.461665;-0.356714;,
  -0.062273;0.433003;-0.335901;,
  -0.061847;0.461056;-0.341565;,
  -0.099967;0.442480;-0.352337;,
  -0.034190;0.439618;-0.331460;,
  -0.021159;0.463455;-0.338643;,
  -0.042223;0.433820;-0.360508;,
  -0.051322;0.441144;-0.355912;,
  -0.031670;0.449592;-0.360888;,
  -0.048711;0.425484;-0.347901;,
  -0.069652;0.415320;-0.347151;,
  -0.094688;0.419140;-0.354136;,
  -0.058022;0.461105;-0.357618;,
  -0.020669;0.461816;-0.357320;,
  -0.094190;0.448628;-0.363929;,
  -0.048711;0.425484;-0.347901;,
  -0.042223;0.433820;-0.360508;,
  -0.069652;0.415320;-0.347151;,
  -0.094688;0.419140;-0.354136;,
  -0.110819;0.428451;-0.359899;,
  -0.094190;0.448628;-0.363929;,
  -0.058022;0.461105;-0.357618;,
  -0.020669;0.461816;-0.357320;,
  0.113471;0.438819;-0.362416;,
  -0.112428;0.441632;-0.362771;,
  -0.112428;0.441632;-0.362771;,
  -0.110819;0.428451;-0.359899;,
  0.109786;0.428451;-0.357931;,
  0.113471;0.438819;-0.362416;,
  -0.031232;0.378777;-0.403634;,
  -0.013190;0.353411;-0.428230;,
  -0.021737;0.361856;-0.419350;,
  -0.013190;0.353411;-0.428230;,
  0.013177;0.353411;-0.428230;,
  -0.000007;0.351912;-0.429663;,
  -0.013190;0.353411;-0.428230;,
  0.021724;0.361856;-0.419350;,
  0.013177;0.353411;-0.428230;,
  -0.031232;0.378777;-0.403634;,
  0.021724;0.361856;-0.419350;,
  -0.013190;0.353411;-0.428230;,
  0.031221;0.378786;-0.403631;,
  0.021724;0.361856;-0.419350;,
  -0.031232;0.378777;-0.403634;,
  0.012300;0.356658;-0.430600;,
  -0.012314;0.356658;-0.430600;,
  -0.000007;0.355407;-0.432266;,
  -0.012314;0.356658;-0.430600;,
  -0.031232;0.378777;-0.403634;,
  -0.022663;0.363870;-0.421180;,
  -0.012314;0.356658;-0.430600;,
  0.031221;0.378786;-0.403631;,
  -0.031232;0.378777;-0.403634;,
  0.012300;0.356658;-0.430600;,
  0.031221;0.378786;-0.403631;,
  -0.012314;0.356658;-0.430600;,
  0.022649;0.363870;-0.421180;,
  0.031221;0.378786;-0.403631;,
  0.012300;0.356658;-0.430600;,
  -0.000477;0.172954;-0.189172;,
  -0.000477;0.172954;-0.189172;,
  -0.000744;0.171428;-0.233869;,
  0.028359;0.140636;0.126865;,
  0.014149;0.163226;0.123492;,
  0.014149;0.140636;0.131482;,
  0.023662;0.163226;0.120401;,
  0.037141;0.140636;0.114778;,
  0.029542;0.163226;0.112309;,
  0.037141;0.140636;0.099837;,
  0.029542;0.163226;0.102306;,
  0.028359;0.140636;0.087750;,
  0.023662;0.163226;0.094214;,
  0.014149;0.140636;0.083133;,
  0.014149;0.163226;0.091123;,
  0.004636;0.163226;0.094214;,
  0.000000;0.140636;0.087730;,
  0.000000;0.163226;0.100595;,
  0.000000;0.140636;0.126885;,
  0.004636;0.163226;0.120401;,
  0.000000;0.163226;0.114020;,
  0.028359;0.119761;0.126865;,
  0.014149;0.119761;0.131482;,
  0.037141;0.119761;0.114778;,
  0.037141;0.119761;0.099837;,
  0.028359;0.119761;0.087750;,
  0.014149;0.119761;0.083133;,
  0.000000;0.119761;0.126885;,
  0.022931;0.102874;0.119395;,
  0.014149;0.102874;0.122248;,
  0.028359;0.102874;0.111924;,
  0.028359;0.102874;0.102690;,
  0.022931;0.102874;0.095220;,
  0.014149;0.102874;0.092367;,
  0.000000;0.102860;0.118313;,
  0.014149;0.096423;0.107307;,
  0.000000;0.102860;0.096302;,
  0.020225;0.203070;0.115602;,
  0.014211;0.203070;0.117556;,
  0.023942;0.203070;0.110486;,
  0.023942;0.203070;0.104162;,
  0.020225;0.203070;0.099046;,
  0.014211;0.203070;0.097092;,
  0.005909;0.203070;0.097843;,
  -0.000075;0.203070;0.101143;,
  0.000000;0.171835;0.102710;,
  -0.000075;0.203070;0.113506;,
  0.000000;0.171835;0.111905;,
  0.005909;0.203070;0.116805;,
  0.000000;0.119761;0.087730;,
  -0.028358;0.140636;0.126865;,
  -0.014149;0.163226;0.123492;,
  -0.023662;0.163226;0.120401;,
  -0.014149;0.140636;0.131482;,
  -0.037140;0.140636;0.114778;,
  -0.029541;0.163226;0.112309;,
  -0.037140;0.140636;0.099837;,
  -0.029541;0.163226;0.102306;,
  -0.028358;0.140636;0.087750;,
  -0.023662;0.163226;0.094214;,
  -0.014149;0.140636;0.083133;,
  -0.014149;0.163226;0.091123;,
  -0.004636;0.163226;0.094214;,
  0.000000;0.140636;0.087730;,
  0.000000;0.163226;0.114020;,
  -0.004636;0.163226;0.120401;,
  0.000000;0.140636;0.126885;,
  -0.028358;0.119761;0.126865;,
  -0.014149;0.119761;0.131482;,
  -0.037140;0.119761;0.114778;,
  -0.037140;0.119761;0.099837;,
  -0.028358;0.119761;0.087750;,
  -0.014149;0.119761;0.083133;,
  -0.022931;0.102874;0.119395;,
  -0.014149;0.102874;0.122248;,
  -0.028358;0.102874;0.111924;,
  -0.028358;0.102874;0.102690;,
  -0.022931;0.102874;0.095220;,
  -0.014149;0.102874;0.092367;,
  -0.014149;0.096423;0.107307;,
  -0.020105;0.203070;0.115506;,
  -0.014149;0.203070;0.117441;,
  -0.023787;0.203070;0.110439;,
  -0.024092;0.203070;0.104162;,
  -0.020105;0.203070;0.099109;,
  -0.014361;0.203070;0.097092;,
  -0.006060;0.203070;0.097843;,
  -0.000075;0.203070;0.113506;,
  0.000000;0.171835;0.111905;,
  -0.005927;0.203070;0.116697;,
  0.000000;0.163226;0.100595;,
  -0.000075;0.203070;0.101143;,
  0.000000;0.171835;0.102710;,
  -0.005529;0.165375;-0.038329;,
  0.005529;0.163519;-0.033335;,
  -0.005529;0.163519;-0.033335;,
  0.005529;0.165375;-0.038329;,
  -0.008832;0.178966;-0.040372;,
  0.008832;0.180818;-0.016272;,
  0.008832;0.178966;-0.040372;,
  -0.008832;0.180818;-0.016272;;
  870;
  3;0,1,2;,
  3;1,0,3;,
  3;4,5,6;,
  3;5,4,7;,
  3;8,6,9;,
  3;6,8,4;,
  3;10,11,12;,
  3;11,10,13;,
  3;14,12,15;,
  3;12,14,10;,
  3;16,0,2;,
  3;0,16,17;,
  3;18,7,4;,
  3;7,18,19;,
  3;4,8,18;,
  3;20,8,21;,
  3;8,20,18;,
  3;22,23,24;,
  3;23,22,25;,
  3;17,26,0;,
  3;26,17,27;,
  3;28,29,9;,
  3;29,28,30;,
  3;9,31,8;,
  3;31,9,29;,
  3;8,32,21;,
  3;32,8,31;,
  3;23,33,24;,
  3;33,23,34;,
  3;24,35,36;,
  3;35,24,33;,
  3;36,30,28;,
  3;30,36,35;,
  3;30,37,29;,
  3;37,30,38;,
  3;29,39,31;,
  3;39,29,37;,
  3;31,40,32;,
  3;40,31,39;,
  3;34,41,33;,
  3;35,38,30;,
  3;38,42,37;,
  3;42,38,43;,
  3;37,44,39;,
  3;44,37,42;,
  3;39,45,40;,
  3;45,39,44;,
  3;41,46,33;,
  3;46,41,47;,
  3;33,48,35;,
  3;48,33,46;,
  3;35,43,38;,
  3;43,35,48;,
  3;49,50,51;,
  3;50,49,52;,
  3;5,1,52;,
  3;6,52,49;,
  3;52,6,5;,
  3;50,3,53;,
  3;52,3,50;,
  3;1,3,52;,
  3;54,36,51;,
  3;36,54,24;,
  3;49,9,6;,
  3;9,49,28;,
  3;28,51,36;,
  3;51,28,49;,
  3;54,22,24;,
  3;22,54,55;,
  3;50,56,51;,
  3;57,55,54;,
  3;55,57,58;,
  3;53,59,50;,
  3;59,53,60;,
  3;50,61,56;,
  3;61,50,59;,
  3;56,62,57;,
  3;62,56,61;,
  3;57,63,58;,
  3;63,57,62;,
  3;26,64,65;,
  3;64,26,27;,
  3;60,65,66;,
  3;65,60,26;,
  3;59,66,67;,
  3;66,59,60;,
  3;59,68,61;,
  3;68,59,67;,
  3;61,69,62;,
  3;69,61,68;,
  3;62,70,63;,
  3;70,62,69;,
  3;43,71,42;,
  3;71,43,72;,
  3;42,73,44;,
  3;73,42,71;,
  3;45,73,74;,
  3;73,45,44;,
  3;47,75,46;,
  3;48,72,43;,
  3;76,72,77;,
  3;72,76,71;,
  3;78,71,76;,
  3;71,78,73;,
  3;74,78,79;,
  3;78,74,73;,
  3;46,80,81;,
  3;80,46,75;,
  3;48,81,82;,
  3;81,48,46;,
  3;77,48,82;,
  3;48,77,72;,
  3;54,56,57;,
  3;56,54,51;,
  3;68,83,69;,
  3;83,68,84;,
  3;69,85,70;,
  3;85,69,83;,
  3;64,86,65;,
  3;86,64,87;,
  3;65,88,66;,
  3;88,65,86;,
  3;66,89,90;,
  3;89,66,88;,
  3;90,91,84;,
  3;91,90,89;,
  3;92,93,94;,
  3;93,92,95;,
  3;87,96,86;,
  3;96,87,97;,
  3;86,98,88;,
  3;98,86,96;,
  3;88,99,89;,
  3;99,88,98;,
  3;89,100,91;,
  3;100,89,99;,
  3;95,101,93;,
  3;101,95,102;,
  3;83,103,85;,
  3;85,104,105;,
  3;104,85,103;,
  3;106,107,108;,
  3;107,106,109;,
  3;91,110,84;,
  3;110,91,111;,
  3;100,111,91;,
  3;111,100,112;,
  3;103,113,104;,
  3;113,103,114;,
  3;109,115,107;,
  3;115,109,116;,
  3;107,117,112;,
  3;117,107,115;,
  3;112,118,111;,
  3;118,112,117;,
  3;111,119,110;,
  3;119,111,118;,
  3;110,114,103;,
  3;114,110,119;,
  3;67,66,90;,
  3;83,110,103;,
  3;110,83,84;,
  3;114,120,113;,
  3;120,114,121;,
  3;116,122,115;,
  3;122,116,123;,
  3;115,124,117;,
  3;124,115,122;,
  3;117,125,118;,
  3;125,117,124;,
  3;118,126,119;,
  3;126,118,125;,
  3;119,121,114;,
  3;121,119,126;,
  3;121,127,120;,
  3;127,121,128;,
  3;123,129,122;,
  3;124,130,125;,
  3;125,131,126;,
  3;131,125,130;,
  3;126,128,121;,
  3;128,126,131;,
  3;128,132,127;,
  3;132,128,133;,
  3;129,134,122;,
  3;134,129,135;,
  3;122,136,124;,
  3;136,122,134;,
  3;124,137,130;,
  3;137,124,136;,
  3;130,138,131;,
  3;138,130,137;,
  3;131,133,128;,
  3;133,131,138;,
  3;133,139,132;,
  3;139,133,140;,
  3;135,141,134;,
  3;136,142,137;,
  3;137,143,138;,
  3;143,137,142;,
  3;138,140,133;,
  3;140,138,143;,
  3;140,144,139;,
  3;144,140,145;,
  3;141,146,134;,
  3;146,141,147;,
  3;134,148,136;,
  3;148,134,146;,
  3;136,149,142;,
  3;149,136,148;,
  3;142,150,143;,
  3;150,142,149;,
  3;143,145,140;,
  3;145,143,150;,
  3;0,53,3;,
  3;53,26,60;,
  3;26,53,0;,
  3;100,151,112;,
  3;151,100,152;,
  3;112,153,107;,
  3;153,112,151;,
  3;107,154,108;,
  3;154,107,153;,
  3;153,155,154;,
  3;155,153,156;,
  3;152,156,151;,
  3;156,152,157;,
  3;151,156,153;,
  3;157,158,156;,
  3;158,157,159;,
  3;156,160,155;,
  3;160,156,158;,
  3;97,161,96;,
  3;161,97,162;,
  3;96,163,98;,
  3;163,96,161;,
  3;98,164,99;,
  3;164,98,163;,
  3;99,159,157;,
  3;159,99,164;,
  3;165,159,166;,
  3;159,165,158;,
  3;167,158,165;,
  3;158,167,160;,
  3;168,162,169;,
  3;162,168,161;,
  3;170,161,168;,
  3;161,170,163;,
  3;171,163,170;,
  3;163,171,164;,
  3;166,164,171;,
  3;164,166,159;,
  3;99,152,100;,
  3;152,99,157;,
  3;84,67,90;,
  3;67,84,68;,
  3;166,172,165;,
  3;172,166,173;,
  3;165,174,167;,
  3;174,165,172;,
  3;169,175,168;,
  3;175,169,176;,
  3;168,177,170;,
  3;177,168,175;,
  3;170,178,171;,
  3;178,170,177;,
  3;171,173,166;,
  3;173,171,178;,
  3;176,179,175;,
  3;179,176,180;,
  3;175,181,177;,
  3;181,175,179;,
  3;177,182,178;,
  3;182,177,181;,
  3;178,182,173;,
  3;173,183,172;,
  3;183,173,184;,
  3;172,185,174;,
  3;185,172,183;,
  3;186,179,180;,
  3;179,186,187;,
  3;187,181,179;,
  3;181,187,188;,
  3;188,182,181;,
  3;182,188,184;,
  3;182,184,173;,
  3;184,189,183;,
  3;189,184,190;,
  3;183,191,185;,
  3;191,183,189;,
  3;186,192,187;,
  3;192,186,193;,
  3;187,194,188;,
  3;194,187,192;,
  3;188,195,184;,
  3;195,188,194;,
  3;194,196,195;,
  3;197,189,190;,
  3;189,197,198;,
  3;198,191,189;,
  3;191,198,199;,
  3;200,192,193;,
  3;192,200,194;,
  3;201,202,203;,
  3;202,201,204;,
  3;205,206,207;,
  3;206,205,208;,
  3;209,208,205;,
  3;208,209,210;,
  3;211,212,213;,
  3;212,211,214;,
  3;215,214,211;,
  3;214,215,216;,
  3;16,202,17;,
  3;202,16,203;,
  3;217,207,218;,
  3;207,217,205;,
  3;205,217,209;,
  3;219,209,217;,
  3;209,219,220;,
  3;221,222,223;,
  3;222,221,224;,
  3;17,225,27;,
  3;225,17,202;,
  3;226,227,228;,
  3;227,226,210;,
  3;210,229,227;,
  3;229,210,209;,
  3;209,230,229;,
  3;230,209,220;,
  3;222,231,232;,
  3;231,222,224;,
  3;224,233,231;,
  3;233,224,234;,
  3;234,228,233;,
  3;228,234,226;,
  3;228,235,236;,
  3;235,228,227;,
  3;227,237,235;,
  3;237,227,229;,
  3;229,238,237;,
  3;238,229,230;,
  3;232,231,239;,
  3;233,228,236;,
  3;236,240,241;,
  3;240,236,235;,
  3;235,242,240;,
  3;242,235,237;,
  3;237,243,242;,
  3;243,237,238;,
  3;239,244,245;,
  3;244,239,231;,
  3;231,246,244;,
  3;246,231,233;,
  3;233,241,246;,
  3;241,233,236;,
  3;247,248,249;,
  3;248,247,250;,
  3;206,249,201;,
  3;208,249,206;,
  3;249,208,247;,
  3;204,248,251;,
  3;204,249,248;,
  3;201,249,204;,
  3;252,234,224;,
  3;234,252,250;,
  3;247,210,226;,
  3;210,247,208;,
  3;226,250,247;,
  3;250,226,234;,
  3;252,221,253;,
  3;221,252,224;,
  3;248,250,254;,
  3;253,255,252;,
  3;255,253,256;,
  3;251,257,258;,
  3;257,251,248;,
  3;248,259,257;,
  3;259,248,254;,
  3;254,260,259;,
  3;260,254,255;,
  3;255,261,260;,
  3;261,255,256;,
  3;225,64,27;,
  3;64,225,262;,
  3;258,262,225;,
  3;262,258,263;,
  3;257,263,258;,
  3;263,257,264;,
  3;257,265,264;,
  3;265,257,259;,
  3;259,266,265;,
  3;266,259,260;,
  3;241,267,268;,
  3;267,241,240;,
  3;240,269,267;,
  3;269,240,242;,
  3;243,269,242;,
  3;269,243,270;,
  3;245,244,271;,
  3;246,241,268;,
  3;272,268,267;,
  3;268,272,273;,
  3;274,267,269;,
  3;267,274,272;,
  3;270,274,269;,
  3;274,270,275;,
  3;244,276,271;,
  3;276,244,277;,
  3;246,277,244;,
  3;277,246,278;,
  3;273,246,268;,
  3;246,273,278;,
  3;252,254,250;,
  3;254,252,255;,
  3;265,279,280;,
  3;279,265,266;,
  3;64,281,87;,
  3;281,64,262;,
  3;262,282,281;,
  3;282,262,263;,
  3;263,283,282;,
  3;283,263,284;,
  3;284,285,283;,
  3;285,284,280;,
  3;286,287,288;,
  3;287,286,289;,
  3;87,290,97;,
  3;290,87,281;,
  3;281,291,290;,
  3;291,281,282;,
  3;282,292,291;,
  3;292,282,283;,
  3;283,293,292;,
  3;293,283,285;,
  3;288,294,295;,
  3;294,288,287;,
  3;279,296,297;,
  3;296,298,297;,
  3;298,296,299;,
