xof 0303txt 0032
template ColorRGBA {
 <35ff44e0-6c7c-11cf-8f52-0040333594a3>
 FLOAT red;
 FLOAT green;
 FLOAT blue;
 FLOAT alpha;
}

template ColorRGB {
 <d3e16e81-7835-11cf-8f52-0040333594a3>
 FLOAT red;
 FLOAT green;
 FLOAT blue;
}

template Material {
 <3d82ab4d-62da-11cf-ab39-0020af71e433>
 ColorRGBA faceColor;
 FLOAT power;
 ColorRGB specularColor;
 ColorRGB emissiveColor;
 [...]
}

template TextureFilename {
 <a42790e1-7810-11cf-8f52-0040333594a3>
 STRING filename;
}

template Frame {
 <3d82ab46-62da-11cf-ab39-0020af71e433>
 [...]
}

template Matrix4x4 {
 <f6f23f45-7686-11cf-8f52-0040333594a3>
 array FLOAT matrix[16];
}

template FrameTransformMatrix {
 <f6f23f41-7686-11cf-8f52-0040333594a3>
 Matrix4x4 frameMatrix;
}

template Vector {
 <3d82ab5e-62da-11cf-ab39-0020af71e433>
 FLOAT x;
 FLOAT y;
 FLOAT z;
}

template MeshFace {
 <3d82ab5f-62da-11cf-ab39-0020af71e433>
 DWORD nFaceVertexIndices;
 array DWORD faceVertexIndices[nFaceVertexIndices];
}

template Mesh {
 <3d82ab44-62da-11cf-ab39-0020af71e433>
 DWORD nVertices;
 array Vector vertices[nVertices];
 DWORD nFaces;
 array MeshFace faces[nFaces];
 [...]
}

template MeshNormals {
 <f6f23f43-7686-11cf-8f52-0040333594a3>
 DWORD nNormals;
 array Vector normals[nNormals];
 DWORD nFaceNormals;
 array MeshFace faceNormals[nFaceNormals];
}

template MeshMaterialList {
 <f6f23f42-7686-11cf-8f52-0040333594a3>
 DWORD nMaterials;
 DWORD nFaceIndexes;
 array DWORD faceIndexes[nFaceIndexes];
 [Material <3d82ab4d-62da-11cf-ab39-0020af71e433>]
}

template Coords2d {
 <f6f23f44-7686-11cf-8f52-0040333594a3>
 FLOAT u;
 FLOAT v;
}

template MeshTextureCoords {
 <f6f23f40-7686-11cf-8f52-0040333594a3>
 DWORD nTextureCoords;
 array Coords2d textureCoords[nTextureCoords];
}

template XSkinMeshHeader {
 <3cf169ce-ff7c-44ab-93c0-f78f62d172e2>
 WORD nMaxSkinWeightsPerVertex;
 WORD nMaxSkinWeightsPerFace;
 WORD nBones;
}

template SkinWeights {
 <6f0d123b-bad2-4167-a0d0-80224f25fabb>
 STRING transformNodeName;
 DWORD nWeights;
 array DWORD vertexIndices[nWeights];
 array FLOAT weights[nWeights];
 Matrix4x4 matrixOffset;
}

template AnimTicksPerSecond {
 <9e415a43-7ba6-4a73-8743-b73d47e88476>
 DWORD AnimTicksPerSecond;
}

template Animation {
 <3d82ab4f-62da-11cf-ab39-0020af71e433>
 [...]
}

template AnimationSet {
 <3d82ab50-62da-11cf-ab39-0020af71e433>
 [Animation <3d82ab4f-62da-11cf-ab39-0020af71e433>]
}

template FloatKeys {
 <10dd46a9-775b-11cf-8f52-0040333594a3>
 DWORD nValues;
 array FLOAT values[nValues];
}

template TimedFloatKeys {
 <f406b180-7b3b-11cf-8f52-0040333594a3>
 DWORD time;
 FloatKeys tfkeys;
}

template AnimationKey {
 <10dd46a8-775b-11cf-8f52-0040333594a3>
 DWORD keyType;
 DWORD nKeys;
 array TimedFloatKeys keys[nKeys];
}


Material _02_-_Default {
 1.000000;1.000000;1.000000;1.000000;;
 9.999999;
 0.000000;0.000000;0.000000;;
 0.000000;0.000000;0.000000;;

 TextureFilename {
  "Sheep.png";
 }
}

Frame Dummy01 {
 

 FrameTransformMatrix {
  1.000000,0.000000,0.000000,0.000000,0.000000,-0.000000,-1.000000,0.000000,0.000000,1.000000,-0.000000,0.000000,0.000000,0.000000,0.000000,1.000000;;
 }

 Frame Bip01 {
  

  FrameTransformMatrix {
   0.000000,0.500581,-0.865690,0.000000,-0.000000,0.865690,0.500581,0.000000,1.000000,0.000000,-0.000000,0.000000,0.000000,-0.049679,0.157483,1.000000;;
  }

  Frame Bip01_Pelvis {
   

   FrameTransformMatrix {
    0.000000,0.999645,0.026650,0.000000,-0.000001,-0.026650,0.999645,0.000000,1.000000,-0.000000,0.000001,0.000000,0.000000,0.000000,0.000000,1.000000;;
   }

   Frame Bip01_Spine {
    

    FrameTransformMatrix {
     0.825899,-0.022018,0.563388,0.000000,0.026648,0.999645,0.000003,0.000000,-0.563188,0.015010,0.826193,0.000000,0.024342,-0.000649,-0.000073,1.000000;;
    }

    Frame Bip01_L_Thigh {
     

     FrameTransformMatrix {
      0.398608,0.043079,0.916109,0.000000,0.080148,-0.996711,0.011996,0.000000,0.913613,0.068642,-0.400750,0.000000,-0.020451,0.016977,0.014034,1.000000;;
     }

     Frame Bip01_L_Calf {
      

      FrameTransformMatrix {
       0.803454,0.000000,-0.595367,0.000000,-0.000000,1.000000,0.000000,0.000000,0.595367,0.000000,0.803454,0.000000,0.046536,0.000000,0.000000,1.000000;;
      }

      Frame Bip01_L_Foot {
       

       FrameTransformMatrix {
        0.603118,-0.068212,-0.794730,0.000000,0.006258,0.996711,-0.080799,0.000000,0.797627,0.043757,0.601561,0.000000,0.048911,0.000000,0.000000,1.000000;;
       }

       Frame Bip01_L_Toe0 {
        

        FrameTransformMatrix {
         -0.097894,-0.044253,0.994213,0.000000,-0.004336,0.999020,0.044040,0.000000,-0.995188,0.000000,-0.097990,0.000000,0.007255,-0.000000,0.051342,1.000000;;
        }

        Frame Bip01_L_Toe0Nub {
         

         FrameTransformMatrix {
          -1.000000,0.000000,0.000000,0.000000,0.000000,1.000000,0.000000,0.000000,0.000000,0.000000,-1.000000,0.000000,0.019062,0.000000,-0.000000,1.000000;;
         }
        }
       }
      }
     }
    }

    Frame Bip01_R_Thigh {
     

     FrameTransformMatrix {
      0.748151,-0.050637,0.661594,0.000000,-0.074891,-0.997157,0.008369,0.000000,0.659289,-0.055809,-0.749816,0.000000,-0.019703,-0.016977,0.013524,1.000000;;
     }

     Frame Bip01_R_Calf {
      

      FrameTransformMatrix {
       0.608619,-0.000000,-0.793463,0.000000,-0.000000,1.000000,-0.000000,0.000000,0.793463,0.000000,0.608619,0.000000,0.046536,-0.000000,0.000000,1.000000;;
      }

      Frame Bip01_R_Foot {
       

       FrameTransformMatrix {
        0.875017,0.047632,-0.481743,0.000000,-0.013460,0.997157,0.074144,0.000000,0.483905,-0.058393,0.873170,0.000000,0.048911,0.000000,0.000000,1.000000;;
       }

       Frame Bip01_R_Toe0 {
        

        FrameTransformMatrix {
         0.265410,0.037114,0.963421,0.000000,0.013398,0.999020,-0.042176,0.000000,-0.964042,0.024102,0.264653,0.000000,0.007255,0.000000,0.051342,1.000000;;
        }

        Frame Bip01_R_Toe0Nub {
         

         FrameTransformMatrix {
          1.000000,0.000000,0.000000,0.000000,0.000000,1.000000,-0.000000,0.000000,0.000000,0.000000,1.000000,0.000000,0.019062,0.000000,-0.000000,1.000000;;
         }
        }
       }
      }
     }
    }

    Frame Bip01_Neck {
     

     FrameTransformMatrix {
      0.945380,-0.000001,-0.325971,0.000000,0.000001,1.000000,-0.000000,0.000000,0.325971,-0.000000,0.945380,0.000000,0.118264,-0.000000,0.000891,1.000000;;
     }

     Frame Bip01_Neck1 {
      

      FrameTransformMatrix {
       0.819739,-0.000002,-0.572737,0.000000,0.000002,1.000000,-0.000000,0.000000,0.572737,-0.000000,0.819739,0.000000,0.019106,-0.000000,-0.000014,1.000000;;
      }

      Frame Bip01_Neck2 {
       

       FrameTransformMatrix {
        0.967191,-0.000001,-0.254049,0.000000,0.000001,1.000000,-0.000000,0.000000,0.254049,-0.000000,0.967191,0.000000,0.020823,-0.000000,-0.000012,1.000000;;
       }

       Frame Bip01_Head {
        

        FrameTransformMatrix {
         0.999709,-0.000000,0.024127,0.000000,0.000000,1.000000,0.000000,0.000000,-0.024127,-0.000000,0.999709,0.000000,0.016862,-0.000000,0.003111,1.000000;;
        }

        Frame Bip01_HeadNub {
         

         FrameTransformMatrix {
          1.000000,0.000000,0.000000,0.000000,0.000000,1.000000,0.000000,0.000000,0.000000,-0.000000,1.000000,0.000000,0.016123,0.000000,0.000000,1.000000;;
         }
        }

        Frame Bip01_Jaw {
         

         FrameTransformMatrix {
          0.070250,0.000003,0.997529,0.000000,-0.000003,1.000000,-0.000003,0.000000,-0.997529,-0.000003,0.070250,0.000000,-0.007088,-0.000000,0.006970,1.000000;;
         }

         Frame Bip01_JawNub {
          

          FrameTransformMatrix {
           0.000796,0.000003,1.000000,0.000000,0.000000,-1.000000,0.000003,0.000000,1.000000,-0.000000,-0.000796,0.000000,0.031198,0.000000,-0.000000,1.000000;;
          }
         }
        }

        Frame Bip01_LeftEar {
         

         FrameTransformMatrix {
          -0.065200,0.931456,0.357965,0.000000,-0.936041,-0.181401,0.301530,0.000000,0.345797,-0.315411,0.883708,0.000000,0.017033,0.012437,-0.016653,1.000000;;
         }

         Frame Bip01_LeftEarNub {
          

          FrameTransformMatrix {
           0.000796,0.000003,1.000000,0.000000,-0.000000,-1.000000,0.000003,0.000000,1.000000,0.000000,-0.000796,0.000000,0.024043,0.000000,0.000000,1.000000;;
          }
         }
        }

        Frame Bip01_RightEar {
         

         FrameTransformMatrix {
          -0.065200,-0.931454,0.357971,0.000000,0.936043,-0.181401,-0.301524,0.000000,0.345792,0.315417,0.883708,0.000000,0.017033,-0.012437,-0.016653,1.000000;;
         }

         Frame Bip01_RightEarNub {
          

          FrameTransformMatrix {
           0.000796,0.000003,1.000000,0.000000,-0.000000,-1.000000,0.000003,0.000000,1.000000,0.000000,-0.000796,0.000000,0.024043,0.000000,-0.000000,1.000000;;
          }
         }
        }
       }
      }
     }

     Frame Bip01_L_Clavicle {
      

      FrameTransformMatrix {
       0.526601,0.070963,0.847146,0.000000,0.849332,-0.086598,-0.520707,0.000000,0.036410,0.993713,-0.105874,0.000000,-0.011988,0.019280,-0.008081,1.000000;;
      }

      Frame Bip01_L_UpperArm {
       

       FrameTransformMatrix {
        0.121730,-0.986651,-0.108174,0.000000,0.112909,-0.094512,0.989100,0.000000,-0.986120,-0.132617,0.099897,0.000000,0.045271,0.000000,0.000000,1.000000;;
       }

       Frame Bip01_L_Forearm {
        

        FrameTransformMatrix {
         0.257583,0.000000,-0.966256,0.000000,0.000000,1.000000,0.000000,0.000000,0.966256,0.000000,0.257583,0.000000,0.038096,0.000000,0.000000,1.000000;;
        }

        Frame Bip01_L_Hand {
         

         FrameTransformMatrix {
          0.998614,-0.002296,0.052589,0.000000,-0.000355,0.998732,0.050348,0.000000,-0.052638,-0.050297,0.997347,0.000000,0.035767,0.000000,0.000000,1.000000;;
         }

         Frame Bip01_L_Finger0 {
          

          FrameTransformMatrix {
           0.996067,-0.000071,0.088603,0.000000,-0.000000,1.000000,0.000796,0.000000,-0.088603,-0.000793,0.996067,0.000000,0.042358,0.000000,0.000000,1.000000;;
          }

          Frame Bip01_L_Finger0Nub {
           

           FrameTransformMatrix {
            1.000000,0.000000,0.000000,0.000000,-0.000000,1.000000,-0.000000,0.000000,-0.000000,0.000000,1.000000,0.000000,0.019491,0.000000,0.000000,1.000000;;
           }
          }
         }
        }
       }
      }
     }

     Frame Bip01_R_Clavicle {
      

      FrameTransformMatrix {
       0.330654,-0.087992,0.939641,0.000000,-0.943050,-0.069218,0.325371,0.000000,0.036410,-0.993713,-0.105868,0.000000,-0.011988,-0.019280,-0.008080,1.000000;;
      }

      Frame Bip01_R_UpperArm {
       

       FrameTransformMatrix {
        -0.369425,0.927110,-0.063188,0.000000,-0.156090,-0.128941,-0.979291,0.000000,-0.916057,-0.351912,0.192347,0.000000,0.045271,-0.000000,0.000000,1.000000;;
       }

       Frame Bip01_R_Forearm {
        

        FrameTransformMatrix {
         -0.274941,0.000000,-0.961461,0.000000,0.000000,1.000000,0.000000,0.000000,0.961461,0.000000,-0.274941,0.000000,0.038096,-0.000000,-0.000000,1.000000;;
        }

        Frame Bip01_R_Hand {
         

         FrameTransformMatrix {
          0.534687,-0.084288,0.840836,0.000000,0.098983,0.994411,0.036740,0.000000,-0.839233,0.063585,0.540042,0.000000,0.035767,0.000000,0.000000,1.000000;;
         }

         Frame Bip01_R_Finger0 {
          

          FrameTransformMatrix {
           0.641674,0.000611,0.766977,0.000000,-0.000000,1.000000,-0.000796,0.000000,-0.766978,0.000511,0.641673,0.000000,0.042358,-0.000000,0.000000,1.000000;;
          }

          Frame Bip01_R_Finger0Nub {
           

           FrameTransformMatrix {
            -1.000000,0.000000,-0.000000,0.000000,0.000000,1.000000,-0.000000,0.000000,0.000000,-0.000000,-1.000000,0.000000,0.019491,0.000000,0.000000,1.000000;;
           }
          }
         }
        }
       }
      }
     }
    }

    Frame Bip01_Tail {
     

     FrameTransformMatrix {
      -0.684314,0.009333,0.729128,0.000000,-0.008391,0.999751,-0.020673,0.000000,-0.729139,-0.020265,-0.684066,0.000000,-0.036522,-0.000044,-0.004345,1.000000;;
     }

     Frame Bip01_Tail1 {
      

      FrameTransformMatrix {
       0.803401,-0.026142,-0.594864,0.000000,0.000597,0.999071,-0.043099,0.000000,0.595438,0.034271,0.802670,0.000000,0.029406,-0.000001,-0.000034,1.000000;;
      }

      Frame Bip01_Tail2 {
       

       FrameTransformMatrix {
        0.898271,0.015174,-0.439180,0.000000,-0.020751,0.999754,-0.007902,0.000000,0.438951,0.016212,0.898365,0.000000,0.052821,-0.000001,-0.000031,1.000000;;
       }

       Frame Bip01_TailNub {
        

        FrameTransformMatrix {
         0.000796,0.000003,1.000000,0.000000,0.000000,-1.000000,0.000003,0.000000,1.000000,-0.000000,-0.000796,0.000000,0.042838,-0.000000,-0.000000,1.000000;;
        }
       }
      }
     }
    }
   }
  }
 }
}

Frame Translation_Data {
 

 FrameTransformMatrix {
  -0.000000,-0.000000,-1.000000,0.000000,-1.000000,-0.000000,0.000000,0.000000,-0.000000,1.000000,-0.000000,0.000000,0.000000,0.000000,0.000000,1.000000;;
 }
}

Frame Sheep_Lamb {
 

 FrameTransformMatrix {
  1.000000,0.000000,0.000000,0.000000,0.000000,1.000000,0.000000,0.000000,0.000000,0.000000,1.000000,0.000000,0.000000,0.000000,0.000000,1.000000;;
 }

 Mesh Sheep_Lamb {
  497;
  -0.014119;0.179809;0.057326;,
  -0.026243;0.179646;0.030774;,
  -0.025935;0.174271;0.053401;,
  -0.013942;0.187323;0.030896;,
  -0.010857;0.152393;0.077112;,
  -0.026813;0.151984;0.071034;,
  -0.009015;0.119944;0.073606;,
  -0.027693;0.123809;0.068209;,
  -0.006924;0.102024;0.065721;,
  -0.028015;0.104275;0.062507;,
  -0.008532;-0.000025;0.052247;,
  -0.023036;-0.000047;0.060887;,
  -0.026178;-0.000027;0.052175;,
  -0.013002;-0.000054;0.061766;,
  -0.011713;0.000084;0.039397;,
  -0.022591;0.000069;0.039870;,
  -0.000000;0.183468;0.060168;,
  -0.000000;0.190031;0.030869;,
  0.000000;0.118489;0.073524;,
  0.000000;0.151652;0.076538;,
  0.000000;0.106716;0.056897;,
  -0.004136;0.098822;0.054017;,
  0.000000;0.106479;0.041175;,
  -0.004136;0.098822;0.054017;,
  -0.007867;0.095481;0.039256;,
  0.000000;0.106716;0.056897;,
  -0.014512;0.183800;-0.020651;,
  -0.000000;0.186446;-0.020891;,
  -0.032774;0.102118;0.050285;,
  -0.025344;0.074836;0.068646;,
  -0.028491;0.068248;0.056972;,
  -0.010555;0.076139;0.071245;,
  -0.007018;0.070590;0.060851;,
  -0.009716;0.064945;0.049431;,
  -0.007018;0.070590;0.060851;,
  -0.024800;0.064003;0.047649;,
  -0.026650;0.095479;0.036726;,
  -0.025235;0.064827;0.068380;,
  -0.028228;0.064451;0.057137;,
  -0.010482;0.064687;0.070560;,
  -0.007324;0.064497;0.059593;,
  -0.007324;0.064497;0.059593;,
  -0.023686;0.017701;0.065073;,
  -0.025928;0.017317;0.055119;,
  -0.011558;0.017871;0.065824;,
  -0.008991;0.017528;0.056421;,
  -0.011133;0.017870;0.047769;,
  -0.008991;0.017528;0.056421;,
  -0.023304;0.017792;0.047582;,
  -0.036344;0.125618;0.052569;,
  -0.033002;0.154317;0.020101;,
  -0.031233;0.116620;0.024374;,
  -0.037085;0.156462;0.051986;,
  -0.026300;0.177121;0.021948;,
  -0.010931;0.107235;0.025953;,
  0.000000;0.108339;0.026386;,
  -0.026606;0.121514;0.015157;,
  -0.014531;0.110465;0.016288;,
  0.000000;0.107748;0.016195;,
  -0.034364;0.151141;-0.017366;,
  -0.027078;0.173847;-0.019565;,
  -0.030649;0.116250;-0.014133;,
  -0.019653;0.103114;-0.012482;,
  0.000000;0.097558;-0.012226;,
  -0.000000;0.183648;-0.062314;,
  -0.014410;0.181064;-0.062303;,
  -0.025294;0.171393;-0.062183;,
  -0.033819;0.150387;-0.052572;,
  -0.029240;0.115441;-0.049874;,
  -0.019981;0.103896;-0.049524;,
  -0.000051;0.098534;-0.049457;,
  -0.023499;0.014133;0.064158;,
  -0.025885;0.016187;0.055065;,
  -0.011618;0.013907;0.064906;,
  -0.009050;0.015998;0.056023;,
  -0.009050;0.015998;0.056023;,
  -0.023036;-0.000047;0.060887;,
  -0.026178;-0.000027;0.052175;,
  -0.013002;-0.000054;0.061766;,
  -0.008532;-0.000025;0.052247;,
  -0.008532;-0.000025;0.052247;,
  -0.011713;0.000084;0.039397;,
  -0.022591;0.000069;0.039870;,
  -0.021100;0.104021;-0.057600;,
  -0.033820;0.115314;-0.058446;,
  -0.011762;0.097673;-0.057664;,
  -0.013772;0.181065;-0.076844;,
  -0.000000;0.182976;-0.076772;,
  -0.024238;0.171833;-0.076767;,
  -0.031728;0.152549;-0.075971;,
  -0.033637;0.150077;-0.059649;,
  -0.032463;0.115920;-0.073763;,
  -0.028573;-0.000017;-0.070236;,
  -0.014899;-0.000023;-0.078023;,
  -0.019396;-0.000021;-0.067761;,
  -0.030773;-0.000011;-0.078197;,
  -0.011787;0.178996;-0.091643;,
  -0.000000;0.181502;-0.091056;,
  -0.019562;0.171646;-0.092973;,
  -0.025911;0.152162;-0.095523;,
  -0.029348;0.115572;-0.089710;,
  -0.017256;0.000029;-0.089701;,
  -0.028335;0.000043;-0.089331;,
  -0.018302;0.097739;-0.058461;,
  -0.010609;0.095493;-0.071663;,
  -0.005748;0.095287;-0.071286;,
  -0.005748;0.095287;-0.071286;,
  -0.015325;0.096440;-0.086847;,
  -0.005545;0.096738;-0.087796;,
  -0.010609;0.095493;-0.071663;,
  -0.029843;0.098670;-0.059224;,
  -0.030975;0.098845;-0.072149;,
  -0.027409;0.099252;-0.085446;,
  -0.012529;0.066784;-0.071411;,
  -0.017047;0.066372;-0.060780;,
  -0.014315;0.065915;-0.083302;,
  -0.012529;0.066784;-0.071411;,
  -0.026894;0.065751;-0.083175;,
  -0.029362;0.066666;-0.071983;,
  -0.027928;0.066123;-0.063125;,
  -0.013096;0.061421;-0.071624;,
  -0.017184;0.062435;-0.063047;,
  -0.016027;0.059909;-0.080233;,
  -0.013096;0.061421;-0.071624;,
  -0.025626;0.059799;-0.080102;,
  -0.028932;0.061040;-0.072069;,
  -0.027067;0.062097;-0.064738;,
  -0.013067;0.060230;-0.071253;,
  -0.017248;0.059695;-0.063046;,
  -0.013067;0.060230;-0.071253;,
  -0.028904;0.059894;-0.071826;,
  -0.027086;0.059485;-0.064906;,
  -0.014127;0.019433;-0.072565;,
  -0.018363;0.019087;-0.063811;,
  -0.016884;0.020285;-0.082084;,
  -0.014127;0.019433;-0.072565;,
  -0.026380;0.020471;-0.081813;,
  -0.029504;0.019620;-0.073111;,
  -0.027785;0.019239;-0.065858;,
  -0.014117;0.016981;-0.073126;,
  -0.018174;0.013981;-0.064994;,
  -0.014117;0.016981;-0.073126;,
  -0.029492;0.017323;-0.073548;,
  -0.027764;0.014784;-0.066791;,
  -0.014899;-0.000023;-0.078023;,
  -0.019396;-0.000021;-0.067761;,
  -0.017256;0.000029;-0.089701;,
  -0.014899;-0.000023;-0.078023;,
  -0.028335;0.000043;-0.089331;,
  -0.030773;-0.000011;-0.078197;,
  -0.028573;-0.000017;-0.070236;,
  -0.021021;0.103498;-0.097215;,
  -0.024328;0.117902;-0.097779;,
  -0.014911;0.099666;-0.097014;,
  -0.000262;0.099144;-0.097127;,
  0.000001;0.108990;-0.105588;,
  -0.014065;0.111666;-0.106480;,
  -0.021087;0.123709;-0.102349;,
  -0.008771;0.143069;-0.123163;,
  -0.016312;0.150831;-0.117993;,
  0.000000;0.141871;-0.124274;,
  -0.008902;0.186376;-0.100799;,
  0.000000;0.188163;-0.100005;,
  -0.016153;0.181428;-0.103033;,
  -0.019746;0.167663;-0.109325;,
  -0.006270;0.161984;-0.135240;,
  -0.015268;0.168121;-0.128611;,
  -0.000038;0.159404;-0.136391;,
  -0.007135;0.196636;-0.110346;,
  -0.000088;0.198332;-0.109623;,
  -0.015043;0.190383;-0.112904;,
  -0.019191;0.177638;-0.119436;,
  -0.007909;0.161251;-0.139782;,
  -0.018994;0.172307;-0.137106;,
  -0.000038;0.158331;-0.141234;,
  -0.008758;0.209047;-0.128452;,
  -0.000078;0.210345;-0.127851;,
  -0.015593;0.202810;-0.130353;,
  -0.019483;0.194020;-0.132084;,
  -0.008602;0.207270;-0.147688;,
  -0.000078;0.208288;-0.147768;,
  -0.015414;0.201698;-0.147513;,
  -0.019365;0.193222;-0.146732;,
  -0.010148;0.161739;-0.153998;,
  -0.012312;0.170332;-0.158534;,
  -0.000038;0.158873;-0.151793;,
  -0.005515;0.182078;-0.165095;,
  -0.000038;0.184003;-0.166308;,
  -0.008680;0.176888;-0.162168;,
  -0.005334;0.157616;-0.162096;,
  -0.008550;0.164189;-0.167333;,
  -0.000038;0.155620;-0.160645;,
  -0.006166;0.175580;-0.173681;,
  -0.000038;0.177416;-0.174337;,
  -0.007705;0.170852;-0.170580;,
  -0.008774;0.164794;-0.167762;,
  -0.004875;0.161835;-0.171601;,
  -0.005088;0.161405;-0.171319;,
  -0.003947;0.157939;-0.166451;,
  -0.000038;0.156636;-0.165855;,
  -0.000038;0.170418;-0.174788;,
  0.014119;0.179809;0.057326;,
  0.026243;0.179646;0.030774;,
  0.013942;0.187323;0.030896;,
  0.025935;0.174271;0.053401;,
  0.010857;0.152393;0.077112;,
  0.026813;0.151984;0.071034;,
  0.009015;0.119944;0.073606;,
  0.027693;0.123809;0.068209;,
  0.006924;0.102024;0.065721;,
  0.028015;0.104275;0.062507;,
  0.008532;-0.000025;0.052247;,
  0.023036;-0.000047;0.060887;,
  0.013002;-0.000054;0.061766;,
  0.026178;-0.000027;0.052175;,
  0.011713;0.000084;0.039397;,
  0.022591;0.000069;0.039870;,
  0.000000;0.118489;0.073524;,
  0.000000;0.151652;0.076538;,
  0.000000;0.106716;0.056897;,
  0.004136;0.098822;0.054017;,
  0.000000;0.106479;0.041175;,
  0.004136;0.098822;0.054017;,
  0.000000;0.106716;0.056897;,
  0.007867;0.095481;0.039256;,
  0.014512;0.183800;-0.020651;,
  0.032774;0.102118;0.050285;,
  0.025344;0.074836;0.068646;,
  0.028491;0.068248;0.056972;,
  0.010555;0.076139;0.071245;,
  0.007018;0.070590;0.060851;,
  0.009716;0.064945;0.049431;,
  0.007018;0.070590;0.060851;,
  0.024800;0.064003;0.047649;,
  0.026650;0.095479;0.036726;,
  0.025235;0.064827;0.068380;,
  0.028228;0.064451;0.057137;,
  0.010482;0.064687;0.070560;,
  0.007324;0.064497;0.059593;,
  0.007324;0.064497;0.059593;,
  0.023686;0.017701;0.065073;,
  0.025928;0.017317;0.055119;,
  0.011558;0.017871;0.065824;,
  0.008991;0.017528;0.056421;,
  0.011133;0.017870;0.047769;,
  0.008991;0.017528;0.056421;,
  0.023304;0.017792;0.047582;,
  0.036344;0.125618;0.052569;,
  0.033002;0.154317;0.020101;,
  0.037085;0.156462;0.051986;,
  0.031233;0.116620;0.024374;,
  0.026300;0.177121;0.021948;,
  0.010931;0.107235;0.025953;,
  0.000000;0.108339;0.026386;,
  0.026606;0.121514;0.015157;,
  0.014531;0.110465;0.016288;,
  0.000000;0.107748;0.016195;,
  0.034364;0.151141;-0.017366;,
  0.027078;0.173847;-0.019565;,
  0.030649;0.116250;-0.014133;,
  0.019653;0.103114;-0.012482;,
  0.000000;0.097558;-0.012226;,
  0.014409;0.181064;-0.062303;,
  0.025293;0.171393;-0.062183;,
  0.033818;0.150387;-0.052572;,
  0.029239;0.115441;-0.049874;,
  0.019980;0.103895;-0.049524;,
  0.023499;0.014133;0.064158;,
  0.025885;0.016187;0.055065;,
  0.011618;0.013907;0.064906;,
  0.009050;0.015998;0.056023;,
  0.009050;0.015998;0.056023;,
  0.023036;-0.000047;0.060887;,
  0.026178;-0.000027;0.052175;,
  0.013002;-0.000054;0.061766;,
  0.008532;-0.000025;0.052247;,
  0.008532;-0.000025;0.052247;,
  0.011713;0.000084;0.039397;,
  0.022591;0.000069;0.039870;,
  0.021100;0.104021;-0.057600;,
  0.033820;0.115314;-0.058446;,
  0.013771;0.181065;-0.076844;,
  0.024238;0.171833;-0.076767;,
  0.031728;0.152549;-0.075971;,
  0.033637;0.150077;-0.059649;,
  0.032463;0.115919;-0.073763;,
  0.028573;-0.000017;-0.070237;,
  0.014899;-0.000023;-0.078022;,
  0.030772;-0.000011;-0.078197;,
  0.019397;-0.000021;-0.067761;,
  0.011787;0.178996;-0.091643;,
  0.019562;0.171646;-0.092973;,
  0.025911;0.152162;-0.095523;,
  0.029348;0.115572;-0.089710;,
  0.017256;0.000029;-0.089701;,
  0.028335;0.000043;-0.089330;,
  0.011762;0.097675;-0.057661;,
  0.018302;0.097739;-0.058461;,
  0.010609;0.095493;-0.071663;,
  0.005748;0.095287;-0.071286;,
  0.005748;0.095287;-0.071286;,
  0.015326;0.096440;-0.086848;,
  0.010609;0.095493;-0.071663;,
  0.005550;0.096740;-0.087808;,
  0.029843;0.098670;-0.059224;,
  0.030974;0.098845;-0.072149;,
  0.027410;0.099252;-0.085446;,
  0.012530;0.066784;-0.071408;,
  0.017045;0.066373;-0.060780;,
  0.014295;0.065915;-0.083298;,
  0.012530;0.066784;-0.071408;,
  0.026914;0.065751;-0.083171;,
  0.029362;0.066666;-0.071979;,
  0.027928;0.066123;-0.063125;,
  0.013096;0.061421;-0.071625;,
  0.017183;0.062435;-0.063047;,
  0.016029;0.059906;-0.080234;,
  0.013096;0.061421;-0.071625;,
  0.025626;0.059796;-0.080102;,
  0.028932;0.061040;-0.072069;,
  0.027067;0.062097;-0.064738;,
  0.013067;0.060230;-0.071253;,
  0.017246;0.059695;-0.063046;,
  0.013067;0.060230;-0.071253;,
  0.028904;0.059894;-0.071826;,
  0.027086;0.059485;-0.064905;,
  0.014127;0.019433;-0.072565;,
  0.018361;0.019087;-0.063811;,
  0.016884;0.020285;-0.082084;,
  0.014127;0.019433;-0.072565;,
  0.026382;0.020471;-0.081812;,
  0.029504;0.019620;-0.073110;,
  0.027785;0.019239;-0.065858;,
  0.014117;0.016981;-0.073126;,
  0.018172;0.013981;-0.064995;,
  0.014117;0.016981;-0.073126;,
  0.029492;0.017323;-0.073548;,
  0.027763;0.014784;-0.066791;,
  0.014899;-0.000023;-0.078022;,
  0.019397;-0.000021;-0.067761;,
  0.017256;0.000029;-0.089701;,
  0.014899;-0.000023;-0.078022;,
  0.028335;0.000043;-0.089330;,
  0.030772;-0.000011;-0.078197;,
  0.028573;-0.000017;-0.070237;,
  0.021021;0.103498;-0.097215;,
  0.024328;0.117902;-0.097779;,
  0.014910;0.099666;-0.097014;,
  -0.000262;0.099144;-0.097127;,
  -0.000285;0.096714;-0.087693;,
  0.000001;0.108990;-0.105588;,
  0.014065;0.111666;-0.106480;,
  0.021087;0.123709;-0.102349;,
  -0.000182;0.095289;-0.071200;,
  0.008771;0.143069;-0.123163;,
  0.016312;0.150831;-0.117993;,
  0.000000;0.141871;-0.124274;,
  0.008902;0.186377;-0.100800;,
  0.016153;0.181428;-0.103033;,
  0.019747;0.167663;-0.109325;,
  0.006194;0.161984;-0.135240;,
  0.015192;0.168121;-0.128611;,
  -0.000038;0.159404;-0.136391;,
  0.007668;0.196634;-0.110348;,
  0.014971;0.190375;-0.112905;,
  0.019116;0.177637;-0.119434;,
  0.007833;0.161251;-0.139782;,
  0.018919;0.172312;-0.137106;,
  -0.000038;0.158331;-0.141234;,
  0.008596;0.209052;-0.128464;,
  0.015437;0.202811;-0.130356;,
  0.019326;0.194025;-0.132088;,
  0.008446;0.207270;-0.147687;,
  0.015258;0.201698;-0.147512;,
  0.019208;0.193226;-0.146731;,
  0.010072;0.161739;-0.153998;,
  0.012236;0.170334;-0.158533;,
  -0.000038;0.158873;-0.151793;,
  0.005440;0.182080;-0.165093;,
  0.008604;0.176890;-0.162166;,
  0.005258;0.157616;-0.162096;,
  0.008474;0.164189;-0.167333;,
  -0.000038;0.155620;-0.160645;,
  0.006090;0.175580;-0.173681;,
  0.007629;0.170852;-0.170580;,
  0.008698;0.164794;-0.167762;,
  0.004799;0.161835;-0.171601;,
  0.005012;0.161405;-0.171319;,
  0.003871;0.157939;-0.166450;,
  -0.000038;0.156636;-0.165855;,
  -0.008700;0.159422;0.077093;,
  -0.009160;0.168410;0.076379;,
  -0.000000;0.175447;0.074969;,
  0.009160;0.168410;0.076379;,
  0.008700;0.159422;0.077093;,
  -0.008700;0.159422;0.077093;,
  -0.005550;0.154803;0.081636;,
  -0.009160;0.168410;0.076379;,
  -0.006092;0.153927;0.078516;,
  -0.000000;0.155731;0.084796;,
  -0.000000;0.175447;0.074969;,
  0.005550;0.154803;0.081636;,
  0.009160;0.168410;0.076379;,
  0.006092;0.153927;0.078516;,
  0.008700;0.159422;0.077093;,
  0.000000;0.151652;0.076538;,
  0.000000;0.151652;0.076538;,
  0.000029;0.143482;0.081522;,
  0.000029;0.143482;0.081522;,
  -0.000038;0.161358;-0.172284;,
  -0.000038;0.161130;-0.172115;,
  -0.000038;0.161130;-0.172115;,
  -0.000051;0.098534;-0.049457;,
  -0.000182;0.095289;-0.071200;,
  0.019059;0.199276;-0.126620;,
  0.041858;0.200182;-0.134165;,
  0.033835;0.204648;-0.131446;,
  0.011318;0.199082;-0.125942;,
  0.008377;0.208398;-0.128144;,
  0.010484;0.197278;-0.137174;,
  0.014161;0.199778;-0.137039;,
  0.014807;0.193780;-0.132301;,
  0.011182;0.202633;-0.137538;,
  0.027265;0.186769;-0.132013;,
  0.039839;0.189208;-0.135739;,
  0.032079;0.207156;-0.138483;,
  0.007889;0.207836;-0.136086;,
  0.039930;0.203013;-0.140457;,
  0.014807;0.193780;-0.132301;,
  0.010484;0.197278;-0.137174;,
  0.027265;0.186769;-0.132013;,
  0.039839;0.189208;-0.135739;,
  0.047118;0.194021;-0.138884;,
  0.039930;0.203013;-0.140457;,
  0.032079;0.207156;-0.138483;,
  0.007889;0.207836;-0.136086;,
  -0.019162;0.199382;-0.126646;,
  -0.018982;0.207444;-0.129372;,
  -0.043627;0.200189;-0.134254;,
  -0.011410;0.199074;-0.125950;,
  -0.008174;0.208455;-0.128039;,
  -0.010534;0.197276;-0.137176;,
  -0.014771;0.200108;-0.136100;,
  -0.011977;0.202981;-0.137243;,
  -0.014862;0.193813;-0.132644;,
  -0.028858;0.186764;-0.132200;,
  -0.041452;0.189149;-0.135819;,
  -0.017838;0.207574;-0.137378;,
  -0.007677;0.207769;-0.136239;,
  -0.041714;0.203052;-0.140508;,
  -0.014862;0.193813;-0.132644;,
  -0.010534;0.197276;-0.137176;,
  -0.028858;0.186764;-0.132200;,
  -0.041452;0.189149;-0.135819;,
  -0.048896;0.194021;-0.138976;,
  -0.041714;0.203052;-0.140508;,
  -0.017838;0.207574;-0.137378;,
  -0.007677;0.207769;-0.136239;,
  0.048648;0.198971;-0.141310;,
  -0.044802;0.198971;-0.141403;,
  -0.048896;0.194021;-0.138976;,
  -0.044802;0.198971;-0.141403;,
  0.047118;0.194021;-0.138884;,
  0.048648;0.198971;-0.141310;,
  -0.012312;0.170332;-0.158534;,
  -0.005088;0.161405;-0.171319;,
  -0.008550;0.164189;-0.167333;,
  -0.005088;0.161405;-0.171319;,
  0.005012;0.161405;-0.171319;,
  -0.000038;0.161130;-0.172115;,
  -0.005088;0.161405;-0.171319;,
  0.008474;0.164189;-0.167333;,
  0.005012;0.161405;-0.171319;,
  -0.012312;0.170332;-0.158534;,
  0.008474;0.164189;-0.167333;,
  -0.005088;0.161405;-0.171319;,
  0.012236;0.170334;-0.158533;,
  0.008474;0.164189;-0.167333;,
  -0.012312;0.170332;-0.158534;,
  0.004799;0.161835;-0.171601;,
  -0.004875;0.161835;-0.171601;,
  -0.000038;0.161358;-0.172284;,
  -0.004875;0.161835;-0.171601;,
  -0.012312;0.170332;-0.158534;,
  -0.008774;0.164794;-0.167762;,
  -0.004875;0.161835;-0.171601;,
  0.012236;0.170334;-0.158533;,
  -0.012312;0.170332;-0.158534;,
  0.004799;0.161835;-0.171601;,
  0.012236;0.170334;-0.158533;,
  -0.004875;0.161835;-0.171601;,
  0.008698;0.164794;-0.167762;,
  0.012236;0.170334;-0.158533;,
  0.004799;0.161835;-0.171601;,
  -0.000182;0.095289;-0.071200;,
  -0.000182;0.095289;-0.071200;,
  -0.000285;0.096714;-0.087693;;
  714;
  3;0,1,2;,
  3;1,0,3;,
  3;4,2,5;,
  3;2,4,0;,
  3;6,5,7;,
  3;5,6,4;,
  3;8,7,9;,
  3;7,8,6;,
  3;10,11,12;,
  3;11,10,13;,
  3;14,12,15;,
  3;12,14,10;,
  3;16,3,0;,
  3;3,16,17;,
  3;18,4,6;,
  3;4,18,19;,
  3;6,8,18;,
  3;20,8,21;,
  3;8,20,18;,
  3;22,23,24;,
  3;23,22,25;,
  3;17,26,3;,
  3;26,17,27;,
  3;28,29,9;,
  3;29,28,30;,
  3;9,31,8;,
  3;31,9,29;,
  3;8,32,21;,
  3;32,8,31;,
  3;23,33,24;,
  3;33,23,34;,
  3;24,35,36;,
  3;35,24,33;,
  3;36,30,28;,
  3;30,36,35;,
  3;30,37,29;,
  3;37,30,38;,
  3;29,39,31;,
  3;39,29,37;,
  3;31,40,32;,
  3;40,31,39;,
  3;34,41,33;,
  3;35,38,30;,
  3;38,42,37;,
  3;42,38,43;,
  3;37,44,39;,
  3;44,37,42;,
  3;39,45,40;,
  3;45,39,44;,
  3;41,46,33;,
  3;46,41,47;,
  3;33,48,35;,
  3;48,33,46;,
  3;35,43,38;,
  3;43,35,48;,
  3;49,50,51;,
  3;50,49,52;,
  3;5,2,52;,
  3;7,52,49;,
  3;52,7,5;,
  3;50,1,53;,
  3;52,1,50;,
  3;2,1,52;,
  3;54,36,51;,
  3;36,54,24;,
  3;49,9,7;,
  3;9,49,28;,
  3;28,51,36;,
  3;51,28,49;,
  3;54,22,24;,
  3;22,54,55;,
  3;50,56,51;,
  3;57,55,54;,
  3;55,57,58;,
  3;53,59,50;,
  3;59,53,60;,
  3;50,61,56;,
  3;61,50,59;,
  3;56,62,57;,
  3;62,56,61;,
  3;57,63,58;,
  3;63,57,62;,
  3;26,64,65;,
  3;64,26,27;,
  3;60,65,66;,
  3;65,60,26;,
  3;59,66,67;,
  3;66,59,60;,
  3;59,68,61;,
  3;68,59,67;,
  3;61,69,62;,
  3;69,61,68;,
  3;62,70,63;,
  3;70,62,69;,
  3;43,71,42;,
  3;71,43,72;,
  3;42,73,44;,
  3;73,42,71;,
  3;45,73,74;,
  3;73,45,44;,
  3;47,75,46;,
  3;48,72,43;,
  3;76,72,77;,
  3;72,76,71;,
  3;78,71,76;,
  3;71,78,73;,
  3;74,78,79;,
  3;78,74,73;,
  3;46,80,81;,
  3;80,46,75;,
  3;48,81,82;,
  3;81,48,46;,
  3;77,48,82;,
  3;48,77,72;,
  3;54,56,57;,
  3;56,54,51;,
  3;68,83,69;,
  3;83,68,84;,
  3;69,85,70;,
  3;85,69,83;,
  3;64,86,65;,
  3;86,64,87;,
  3;65,88,66;,
  3;88,65,86;,
  3;66,89,90;,
  3;89,66,88;,
  3;90,91,84;,
  3;91,90,89;,
  3;92,93,94;,
  3;93,92,95;,
  3;87,96,86;,
  3;96,87,97;,
  3;86,98,88;,
  3;98,86,96;,
  3;88,99,89;,
  3;99,88,98;,
  3;89,100,91;,
  3;100,89,99;,
  3;95,101,93;,
  3;101,95,102;,
  3;83,103,85;,
  3;85,104,105;,
  3;104,85,103;,
  3;106,107,108;,
  3;107,106,109;,
  3;91,110,84;,
  3;110,91,111;,
  3;100,111,91;,
  3;111,100,112;,
  3;103,113,104;,
  3;113,103,114;,
  3;109,115,107;,
  3;115,109,116;,
  3;107,117,112;,
  3;117,107,115;,
  3;112,118,111;,
  3;118,112,117;,
  3;111,119,110;,
  3;119,111,118;,
  3;110,114,103;,
  3;114,110,119;,
  3;67,66,90;,
  3;83,110,103;,
  3;110,83,84;,
  3;114,120,113;,
  3;120,114,121;,
  3;116,122,115;,
  3;122,116,123;,
  3;115,124,117;,
  3;124,115,122;,
  3;117,125,118;,
  3;125,117,124;,
  3;118,126,119;,
  3;126,118,125;,
  3;119,121,114;,
  3;121,119,126;,
  3;121,127,120;,
  3;127,121,128;,
  3;123,129,122;,
  3;124,130,125;,
  3;125,131,126;,
  3;131,125,130;,
  3;126,128,121;,
  3;128,126,131;,
  3;128,132,127;,
  3;132,128,133;,
  3;129,134,122;,
  3;134,129,135;,
  3;122,136,124;,
  3;136,122,134;,
  3;124,137,130;,
  3;137,124,136;,
  3;130,138,131;,
  3;138,130,137;,
  3;131,133,128;,
  3;133,131,138;,
  3;133,139,132;,
  3;139,133,140;,
  3;135,141,134;,
  3;136,142,137;,
  3;137,143,138;,
  3;143,137,142;,
  3;138,140,133;,
  3;140,138,143;,
  3;140,144,139;,
  3;144,140,145;,
  3;141,146,134;,
  3;146,141,147;,
  3;134,148,136;,
  3;148,134,146;,
  3;136,149,142;,
  3;149,136,148;,
  3;142,150,143;,
  3;150,142,149;,
  3;143,145,140;,
  3;145,143,150;,
  3;3,53,1;,
  3;53,26,60;,
  3;26,53,3;,
  3;100,151,112;,
  3;151,100,152;,
  3;112,153,107;,
  3;153,112,151;,
  3;107,154,108;,
  3;154,107,153;,
  3;153,155,154;,
  3;155,153,156;,
  3;152,156,151;,
  3;156,152,157;,
  3;151,156,153;,
  3;157,158,156;,
  3;158,157,159;,
  3;156,160,155;,
  3;160,156,158;,
  3;97,161,96;,
  3;161,97,162;,
  3;96,163,98;,
  3;163,96,161;,
  3;98,164,99;,
  3;164,98,163;,
  3;99,159,157;,
  3;159,99,164;,
  3;165,159,166;,
  3;159,165,158;,
  3;167,158,165;,
  3;158,167,160;,
  3;168,162,169;,
  3;162,168,161;,
  3;170,161,168;,
  3;161,170,163;,
  3;171,163,170;,
  3;163,171,164;,
  3;166,164,171;,
  3;164,166,159;,
  3;99,152,100;,
  3;152,99,157;,
  3;84,67,90;,
  3;67,84,68;,
  3;166,172,165;,
  3;172,166,173;,
  3;165,174,167;,
  3;174,165,172;,
  3;169,175,168;,
  3;175,169,176;,
  3;168,177,170;,
  3;177,168,175;,
  3;170,178,171;,
  3;178,170,177;,
  3;171,173,166;,
  3;173,171,178;,
  3;176,179,175;,
  3;179,176,180;,
  3;175,181,177;,
  3;181,175,179;,
  3;177,182,178;,
  3;182,177,181;,
  3;178,182,173;,
  3;173,183,172;,
  3;183,173,184;,
  3;172,185,174;,
  3;185,172,183;,
  3;180,186,179;,
  3;186,180,187;,
  3;179,188,181;,
  3;188,179,186;,
  3;181,184,182;,
  3;184,181,188;,
  3;182,184,173;,
  3;184,189,183;,
  3;189,184,190;,
  3;183,191,185;,
  3;191,183,189;,
  3;187,192,186;,
  3;192,187,193;,
  3;186,194,188;,
  3;194,186,192;,
  3;188,195,184;,
  3;195,188,194;,
  3;194,196,195;,
  3;197,189,190;,
  3;189,197,198;,
  3;198,191,189;,
  3;191,198,199;,
  3;200,192,193;,
  3;192,200,194;,
  3;201,202,203;,
  3;202,201,204;,
  3;205,204,201;,
  3;204,205,206;,
  3;207,206,205;,
  3;206,207,208;,
  3;209,208,207;,
  3;208,209,210;,
  3;211,212,213;,
  3;212,211,214;,
  3;215,214,211;,
  3;214,215,216;,
  3;16,203,17;,
  3;203,16,201;,
  3;217,205,218;,
  3;205,217,207;,
  3;207,217,209;,
  3;219,209,217;,
  3;209,219,220;,
  3;221,222,223;,
  3;222,221,224;,
  3;17,225,27;,
  3;225,17,203;,
  3;226,227,228;,
  3;227,226,210;,
  3;210,229,227;,
  3;229,210,209;,
  3;209,230,229;,
  3;230,209,220;,
  3;222,231,232;,
  3;231,222,224;,
  3;224,233,231;,
  3;233,224,234;,
  3;234,228,233;,
  3;228,234,226;,
  3;228,235,236;,
  3;235,228,227;,
  3;227,237,235;,
  3;237,227,229;,
  3;229,238,237;,
  3;238,229,230;,
  3;232,231,239;,
  3;233,228,236;,
  3;236,240,241;,
  3;240,236,235;,
  3;235,242,240;,
  3;242,235,237;,
  3;237,243,242;,
  3;243,237,238;,
  3;239,244,245;,
  3;244,239,231;,
  3;231,246,244;,
  3;246,231,233;,
  3;233,241,246;,
  3;241,233,236;,
  3;247,248,249;,
  3;248,247,250;,
  3;206,249,204;,
  3;208,249,206;,
  3;249,208,247;,
  3;202,248,251;,
  3;202,249,248;,
  3;204,249,202;,
  3;252,234,224;,
  3;234,252,250;,
  3;247,210,226;,
  3;210,247,208;,
  3;226,250,247;,
  3;250,226,234;,
  3;221,252,224;,
  3;252,221,253;,
  3;248,250,254;,
  3;253,255,252;,
  3;255,253,256;,
  3;251,257,258;,
  3;257,251,248;,
  3;248,259,257;,
  3;259,248,254;,
  3;254,260,259;,
  3;260,254,255;,
  3;255,261,260;,
  3;261,255,256;,
  3;225,64,27;,
  3;64,225,262;,
  3;258,262,225;,
  3;262,258,263;,
  3;257,263,258;,
  3;263,257,264;,
  3;257,265,264;,
  3;265,257,259;,
  3;259,266,265;,
  3;266,259,260;,
  3;241,267,268;,
  3;267,241,240;,
  3;240,269,267;,
  3;269,240,242;,
  3;243,269,242;,
  3;269,243,270;,
  3;245,244,271;,
  3;246,241,268;,
  3;272,268,267;,
  3;268,272,273;,
  3;274,267,269;,
  3;267,274,272;,
  3;270,274,269;,
  3;274,270,275;,
  3;244,276,271;,
  3;276,244,277;,
  3;246,277,244;,
  3;277,246,278;,
  3;273,246,268;,
  3;246,273,278;,
  3;252,254,250;,
  3;254,252,255;,
  3;265,279,280;,
  3;279,265,266;,
  3;64,281,87;,
  3;281,64,262;,
  3;262,282,281;,
  3;282,262,263;,
  3;263,283,282;,
  3;283,263,284;,
  3;284,285,283;,
  3;285,284,280;,
  3;286,287,288;,
  3;287,286,289;,
  3;87,290,97;,
  3;290,87,281;,
  3;281,291,290;,
  3;291,281,282;,
  3;282,292,291;,
  3;292,282,283;,
  3;283,293,292;,
  3;293,283,285;,
  3;288,294,295;,
  3;294,288,287;,
  3;279,296,297;,
  3;296,298,297;,
  3;298,296,299;,
  3;300,301,302;,
  3;301,300,303;,
  3;285,304,305;,
  3;304,285,280;,
  3;293,305,306;,
  3;305,293,285;,
  3;297,307,308;,
  3;307,297,298;,
  3;302,309,310;,
  3;309,302,301;,
  3;301,311,309;,
  3;311,301,306;,
  3;306,312,311;,
  3;312,306,305;,
  3;305,313,312;,
  3;313,305,304;,
  3;304,308,313;,
  3;308,304,297;,
  3;264,284,263;,
  3;279,304,280;,
  3;304,279,297;,
  3;308,314,315;,
  3;314,308,307;,
  3;310,316,317;,
  3;316,310,309;,
  3;309,318,316;,
  3;318,309,311;,
  3;311,319,318;,
  3;319,311,312;,
  3;312,320,319;,
  3;320,312,313;,
  3;313,315,320;,
  3;315,313,308;,
  3;315,321,322;,
  3;321,315,314;,
  3;317,316,323;,
  3;318,319,324;,
  3;319,325,324;,
  3;325,319,320;,
  3;320,322,325;,
  3;322,320,315;,
  3;322,326,327;,
  3;326,322,321;,
  3;323,328,329;,
  3;328,323,316;,
  3;316,330,328;,
  3;330,316,318;,
  3;318,331,330;,
  3;331,318,324;,
  3;324,332,331;,
  3;332,324,325;,
  3;325,327,332;,
  3;327,325,322;,
  3;327,333,334;,
  3;333,327,326;,
  3;329,328,335;,
  3;330,331,336;,
  3;331,337,336;,
  3;337,331,332;,
  3;332,334,337;,
  3;334,332,327;,
  3;334,338,339;,
  3;338,334,333;,
  3;335,340,341;,
  3;340,335,328;,
  3;328,342,340;,
  3;342,328,330;,
  3;330,343,342;,
  3;343,330,336;,
  3;336,344,343;,
  3;344,336,337;,
  3;337,339,344;,
  3;339,337,334;,
  3;203,202,251;,
  3;251,225,203;,
  3;225,251,258;,
  3;293,345,346;,
  3;345,293,306;,
  3;306,347,345;,
  3;347,306,301;,
  3;301,348,347;,
  3;348,301,303;,
  3;154,349,108;,
  3;347,350,351;,
  3;350,347,348;,
  3;346,351,352;,
  3;351,346,345;,
  3;345,347,351;,
  3;108,353,106;,
  3;353,108,349;,
  3;352,354,355;,
  3;354,352,351;,
  3;351,356,354;,
  3;356,351,350;,
  3;97,357,162;,
  3;357,97,290;,
  3;290,358,357;,
  3;358,290,291;,
  3;291,359,358;,
  3;359,291,292;,
  3;292,355,359;,
  3;355,292,352;,
  3;360,355,354;,
  3;355,360,361;,
  3;362,354,356;,
  3;354,362,360;,
  3;363,162,357;,
  3;162,363,169;,
  3;364,357,358;,
  3;357,364,363;,
  3;365,358,359;,
  3;358,365,364;,
  3;361,359,355;,
  3;359,361,365;,
  3;292,346,352;,
  3;346,292,293;,
  3;280,264,265;,
  3;264,280,284;,
  3;361,366,367;,
  3;366,361,360;,
  3;360,368,366;,
  3;368,360,362;,
  3;169,369,176;,
  3;369,169,363;,
  3;363,370,369;,
  3;370,363,364;,
  3;364,371,370;,
  3;371,364,365;,
  3;365,367,371;,
  3;367,365,361;,
  3;176,372,180;,
  3;372,176,369;,
  3;369,373,372;,
  3;373,369,370;,
  3;370,374,373;,
  3;374,370,371;,
  3;371,367,374;,
  3;367,375,376;,
  3;375,367,366;,
  3;366,377,375;,
  3;377,366,368;,
  3;180,378,187;,
  3;378,180,372;,
  3;372,379,378;,
  3;379,372,373;,
  3;373,376,379;,
  3;376,373,374;,
  3;374,367,376;,
  3;376,380,381;,
  3;380,376,375;,
  3;375,382,380;,
  3;382,375,377;,
  3;187,383,193;,
  3;383,187,378;,
  3;378,384,383;,
  3;384,378,379;,
  3;379,385,384;,
  3;385,379,376;,
  3;384,385,386;,
  3;380,387,381;,
  3;387,380,388;,
  3;382,388,380;,
  3;388,382,389;,
  3;383,200,193;,
  3;200,383,384;,
  3;390,0,4;,
  3;0,390,391;,
  3;0,392,16;,
  3;392,0,391;,
  3;16,393,201;,
  3;393,16,392;,
  3;201,394,205;,
  3;394,201,393;,
