xof 0303txt 0032
template ColorRGBA {
 <35ff44e0-6c7c-11cf-8f52-0040333594a3>
 FLOAT red;
 FLOAT green;
 FLOAT blue;
 FLOAT alpha;
}

template ColorRGB {
 <d3e16e81-7835-11cf-8f52-0040333594a3>
 FLOAT red;
 FLOAT green;
 FLOAT blue;
}

template Material {
 <3d82ab4d-62da-11cf-ab39-0020af71e433>
 ColorRGBA faceColor;
 FLOAT power;
 ColorRGB specularColor;
 ColorRGB emissiveColor;
 [...]
}

template TextureFilename {
 <a42790e1-7810-11cf-8f52-0040333594a3>
 STRING filename;
}

template Frame {
 <3d82ab46-62da-11cf-ab39-0020af71e433>
 [...]
}

template Matrix4x4 {
 <f6f23f45-7686-11cf-8f52-0040333594a3>
 array FLOAT matrix[16];
}

template FrameTransformMatrix {
 <f6f23f41-7686-11cf-8f52-0040333594a3>
 Matrix4x4 frameMatrix;
}

template Vector {
 <3d82ab5e-62da-11cf-ab39-0020af71e433>
 FLOAT x;
 FLOAT y;
 FLOAT z;
}

template MeshFace {
 <3d82ab5f-62da-11cf-ab39-0020af71e433>
 DWORD nFaceVertexIndices;
 array DWORD faceVertexIndices[nFaceVertexIndices];
}

template Mesh {
 <3d82ab44-62da-11cf-ab39-0020af71e433>
 DWORD nVertices;
 array Vector vertices[nVertices];
 DWORD nFaces;
 array MeshFace faces[nFaces];
 [...]
}

template MeshNormals {
 <f6f23f43-7686-11cf-8f52-0040333594a3>
 DWORD nNormals;
 array Vector normals[nNormals];
 DWORD nFaceNormals;
 array MeshFace faceNormals[nFaceNormals];
}

template MeshMaterialList {
 <f6f23f42-7686-11cf-8f52-0040333594a3>
 DWORD nMaterials;
 DWORD nFaceIndexes;
 array DWORD faceIndexes[nFaceIndexes];
 [Material <3d82ab4d-62da-11cf-ab39-0020af71e433>]
}

template Coords2d {
 <f6f23f44-7686-11cf-8f52-0040333594a3>
 FLOAT u;
 FLOAT v;
}

template MeshTextureCoords {
 <f6f23f40-7686-11cf-8f52-0040333594a3>
 DWORD nTextureCoords;
 array Coords2d textureCoords[nTextureCoords];
}

template XSkinMeshHeader {
 <3cf169ce-ff7c-44ab-93c0-f78f62d172e2>
 WORD nMaxSkinWeightsPerVertex;
 WORD nMaxSkinWeightsPerFace;
 WORD nBones;
}

template SkinWeights {
 <6f0d123b-bad2-4167-a0d0-80224f25fabb>
 STRING transformNodeName;
 DWORD nWeights;
 array DWORD vertexIndices[nWeights];
 array FLOAT weights[nWeights];
 Matrix4x4 matrixOffset;
}

template AnimTicksPerSecond {
 <9e415a43-7ba6-4a73-8743-b73d47e88476>
 DWORD AnimTicksPerSecond;
}

template Animation {
 <3d82ab4f-62da-11cf-ab39-0020af71e433>
 [...]
}

template AnimationSet {
 <3d82ab50-62da-11cf-ab39-0020af71e433>
 [Animation <3d82ab4f-62da-11cf-ab39-0020af71e433>]
}

template FloatKeys {
 <10dd46a9-775b-11cf-8f52-0040333594a3>
 DWORD nValues;
 array FLOAT values[nValues];
}

template TimedFloatKeys {
 <f406b180-7b3b-11cf-8f52-0040333594a3>
 DWORD time;
 FloatKeys tfkeys;
}

template AnimationKey {
 <10dd46a8-775b-11cf-8f52-0040333594a3>
 DWORD keyType;
 DWORD nKeys;
 array TimedFloatKeys keys[nKeys];
}


Material _02_-_Default {
 1.000000;1.000000;1.000000;1.000000;;
 9.999999;
 0.000000;0.000000;0.000000;;
 0.000000;0.000000;0.000000;;

 TextureFilename {
  "Sheep.png";
 }
}

Frame Dummy01 {
 

 FrameTransformMatrix {
  1.000000,0.000000,0.000000,0.000000,0.000000,-0.000000,-1.000000,0.000000,0.000000,1.000000,-0.000000,0.000000,0.000000,0.000000,0.000000,1.000000;;
 }

 Frame Bip01 {
  

  FrameTransformMatrix {
   0.000000,0.500581,-0.865690,0.000000,0.052336,0.864503,0.499895,0.000000,0.998630,-0.045307,-0.026198,0.000000,-0.004789,-0.098340,0.305749,1.000000;;
  }

  Frame Bip01_Pelvis {
   

   FrameTransformMatrix {
    0.000000,0.994522,0.104527,0.000000,-0.000001,-0.104527,0.994522,0.000000,1.000000,-0.000000,0.000001,0.000000,0.000000,0.000000,0.000000,1.000000;;
   }

   Frame Bip01_Spine {
    

    FrameTransformMatrix {
     0.803572,-0.138779,0.578803,0.000000,0.129596,0.989903,0.057426,0.000000,-0.580928,0.028864,0.813443,0.000000,0.054671,-0.005739,-0.000171,1.000000;;
    }

    Frame Bip01_L_Thigh {
     

     FrameTransformMatrix {
      0.225500,0.158476,0.961268,0.000000,0.116313,-0.984004,0.134938,0.000000,0.967275,0.081380,-0.240325,0.000000,-0.053896,0.064701,0.033992,1.000000;;
     }

     Frame Bip01_L_Calf {
      

      FrameTransformMatrix {
       0.639537,-0.000000,-0.768760,0.000000,-0.000000,1.000000,-0.000000,0.000000,0.768760,0.000000,0.639537,0.000000,0.105036,0.000000,-0.000000,1.000000;;
      }

      Frame Bip01_L_Foot {
       

       FrameTransformMatrix {
        0.481613,-0.114271,-0.868902,0.000000,0.004340,0.991762,-0.128023,0.000000,0.876373,0.057886,0.478141,0.000000,0.119827,0.000000,-0.000000,1.000000;;
       }

       Frame Bip01_L_Toe0 {
        

        FrameTransformMatrix {
         -0.627523,-0.044251,0.777340,0.000000,-0.027795,0.999021,0.034432,0.000000,-0.778102,0.000000,-0.628138,0.000000,0.016376,0.000000,0.073046,1.000000;;
        }

        Frame Bip01_L_Toe0Nub {
         

         FrameTransformMatrix {
          -1.000000,0.000000,0.000000,0.000000,-0.000000,1.000000,0.000000,0.000000,0.000000,0.000000,-1.000000,0.000000,0.040825,0.000000,0.000000,1.000000;;
         }
        }
       }
      }
     }
    }

    Frame Bip01_R_Thigh {
     

     FrameTransformMatrix {
      0.664085,0.045344,0.746281,0.000000,-0.012540,-0.997343,0.071757,0.000000,0.747552,-0.057011,-0.661752,0.000000,-0.035364,-0.067489,0.030137,1.000000;;
     }

     Frame Bip01_R_Calf {
      

      FrameTransformMatrix {
       0.642028,0.000000,-0.766682,0.000000,0.000000,1.000000,0.000000,0.000000,0.766682,0.000000,0.642028,0.000000,0.105036,0.000000,0.000000,1.000000;;
      }

      Frame Bip01_R_Foot {
       

       FrameTransformMatrix {
        0.747421,0.024369,-0.663903,0.000000,-0.012820,0.999670,0.022261,0.000000,0.664227,-0.008127,0.747487,0.000000,0.119827,0.000000,0.000000,1.000000;;
       }

       Frame Bip01_R_Toe0 {
        

        FrameTransformMatrix {
         0.157463,0.044253,0.986533,0.000000,-0.006975,0.999020,-0.043699,0.000000,-0.987500,0.000000,0.157617,0.000000,0.016376,0.000000,0.073046,1.000000;;
        }

        Frame Bip01_R_Toe0Nub {
         

         FrameTransformMatrix {
          1.000000,0.000000,0.000000,0.000000,0.000000,1.000000,0.000000,0.000000,0.000000,-0.000000,1.000000,0.000000,0.040825,-0.000000,-0.000000,1.000000;;
         }
        }
       }
      }
     }
    }

    Frame Bip01_Neck {
     

     FrameTransformMatrix {
      0.961144,-0.000001,-0.276047,0.000000,0.000001,1.000000,-0.000000,0.000000,0.276047,-0.000000,0.961144,0.000000,0.276691,-0.000000,-0.000807,1.000000;;
     }

     Frame Bip01_Neck1 {
      

      FrameTransformMatrix {
       0.946309,-0.000001,-0.323265,0.000000,0.000001,1.000000,-0.000000,0.000000,0.323265,-0.000000,0.946309,0.000000,0.050075,0.000000,-0.000051,1.000000;;
      }

      Frame Bip01_Neck2 {
       

       FrameTransformMatrix {
        0.967192,-0.000001,-0.254048,0.000000,0.000001,1.000000,-0.000000,0.000000,0.254049,-0.000000,0.967192,0.000000,0.067872,-0.000000,-0.000031,1.000000;;
       }

       Frame Bip01_Head {
        

        FrameTransformMatrix {
         0.946482,-0.033642,-0.321001,0.000000,0.026895,0.999315,-0.025432,0.000000,0.321636,0.015437,0.946738,0.000000,0.041760,-0.000000,0.003111,1.000000;;
        }

        Frame Bip01_HeadNub {
         

         FrameTransformMatrix {
          1.000000,0.000000,-0.000000,0.000000,0.000000,1.000000,0.000000,0.000000,0.000000,0.000000,1.000000,0.000000,0.036391,0.000000,-0.000000,1.000000;;
         }
        }

        Frame Bip01_Jaw {
         

         FrameTransformMatrix {
          0.030337,0.000003,0.999540,0.000000,-0.000003,1.000000,-0.000003,0.000000,-0.999540,-0.000003,0.030337,0.000000,-0.015828,-0.000000,0.021331,1.000000;;
         }

         Frame Bip01_JawNub {
          

          FrameTransformMatrix {
           0.000796,0.000003,1.000000,0.000000,0.000000,-1.000000,0.000003,0.000000,1.000000,-0.000000,-0.000796,0.000000,0.070419,0.000000,0.000000,1.000000;;
          }
         }
        }

        Frame Bip01_LeftEar {
         

         FrameTransformMatrix {
          0.046688,0.975887,0.213225,0.000000,-0.940357,-0.029069,0.338945,0.000000,0.336970,-0.216333,0.916325,0.000000,0.031577,0.044804,-0.026839,1.000000;;
         }

         Frame Bip01_LeftEarNub {
          

          FrameTransformMatrix {
           0.000796,0.000003,1.000000,0.000000,0.000000,-1.000000,0.000003,0.000000,1.000000,-0.000000,-0.000796,0.000000,0.054269,0.000000,-0.000000,1.000000;;
          }
         }
        }

        Frame Bip01_RightEar {
         

         FrameTransformMatrix {
          0.047287,-0.975677,0.214050,0.000000,0.942145,-0.027627,-0.334065,0.000000,0.331853,0.217464,0.917923,0.000000,0.031577,-0.044805,-0.026839,1.000000;;
         }

         Frame Bip01_RightEarNub {
          

          FrameTransformMatrix {
           0.000796,0.000003,1.000000,0.000000,0.000000,-1.000000,0.000003,0.000000,1.000000,-0.000000,-0.000796,0.000000,0.054269,0.000000,0.000000,1.000000;;
          }
         }
        }
       }
      }
     }

     Frame Bip01_L_Clavicle {
      

      FrameTransformMatrix {
       0.334877,0.091196,0.937838,0.000000,0.941758,-0.064948,-0.329960,0.000000,0.030820,0.993713,-0.107634,0.000000,-0.028891,0.053347,-0.015636,1.000000;;
      }

      Frame Bip01_L_UpperArm {
       

       FrameTransformMatrix {
        -0.174662,-0.984504,-0.015643,0.000000,-0.017710,-0.012743,0.999762,0.000000,-0.984469,0.174897,-0.015210,0.000000,0.096119,0.000000,0.000000,1.000000;;
       }

       Frame Bip01_L_Forearm {
        

        FrameTransformMatrix {
         0.104588,-0.000000,-0.994516,0.000000,0.000000,1.000000,0.000000,0.000000,0.994516,0.000000,0.104588,0.000000,0.077298,0.000000,0.000000,1.000000;;
        }

        Frame Bip01_L_Hand {
         

         FrameTransformMatrix {
          0.994932,-0.090063,0.044719,0.000000,0.088551,0.995467,0.034706,0.000000,-0.047642,-0.030570,0.998397,0.000000,0.103517,0.000000,-0.000000,1.000000;;
         }

         Frame Bip01_L_Finger0 {
          

          FrameTransformMatrix {
           0.997157,0.000060,-0.075358,0.000000,0.000000,1.000000,0.000796,0.000000,0.075358,-0.000794,0.997157,0.000000,0.066735,0.000000,-0.000000,1.000000;;
          }

          Frame Bip01_L_Finger0Nub {
           

           FrameTransformMatrix {
            1.000000,-0.000000,0.000000,0.000000,0.000000,1.000000,0.000000,0.000000,0.000000,0.000000,1.000000,0.000000,0.043993,0.000000,-0.000000,1.000000;;
           }
          }
         }
        }
       }
      }
     }

     Frame Bip01_R_Clavicle {
      

      FrameTransformMatrix {
       0.453592,-0.082049,0.887425,0.000000,-0.890677,-0.076170,0.448211,0.000000,0.030820,-0.993713,-0.107629,0.000000,-0.028891,-0.053347,-0.015636,1.000000;;
      }

      Frame Bip01_R_UpperArm {
       

       FrameTransformMatrix {
        -0.179131,0.979009,-0.097225,0.000000,-0.277593,-0.145104,-0.949677,0.000000,-0.943851,-0.143128,0.297759,0.000000,0.096119,0.000000,-0.000000,1.000000;;
       }

       Frame Bip01_R_Forearm {
        

        FrameTransformMatrix {
         -0.195719,0.000000,-0.980660,0.000000,0.000000,1.000000,0.000000,0.000000,0.980660,-0.000000,-0.195719,0.000000,0.077298,0.000000,0.000000,1.000000;;
        }

        Frame Bip01_R_Hand {
         

         FrameTransformMatrix {
          0.815498,-0.106506,0.568875,0.000000,0.129588,0.991568,-0.000125,0.000000,-0.564065,0.073822,0.822424,0.000000,0.103517,-0.000000,0.000000,1.000000;;
         }

         Frame Bip01_R_Finger0 {
          

          FrameTransformMatrix {
           0.549455,0.000665,0.835523,0.000000,0.000000,1.000000,-0.000796,0.000000,-0.835523,0.000438,0.549455,0.000000,0.066735,-0.000000,0.000000,1.000000;;
          }

          Frame Bip01_R_Finger0Nub {
           

           FrameTransformMatrix {
            -1.000000,0.000000,-0.000000,0.000000,0.000000,1.000000,-0.000000,0.000000,0.000000,-0.000000,-1.000000,0.000000,0.043993,0.000000,-0.000000,1.000000;;
           }
          }
         }
        }
       }
      }
     }
    }

    Frame Bip01_Tail {
     

     FrameTransformMatrix {
      -0.638989,0.023373,0.768861,0.000000,-0.048082,0.996370,-0.070249,0.000000,-0.767712,-0.081857,-0.635546,0.000000,-0.094293,-0.005045,0.002022,1.000000;;
     }

     Frame Bip01_Tail1 {
      

      FrameTransformMatrix {
       0.878889,0.080477,-0.470190,0.000000,-0.091812,0.995776,-0.001182,0.000000,0.468109,0.044208,0.882564,0.000000,0.082185,-0.000004,-0.000083,1.000000;;
      }

      Frame Bip01_Tail2 {
       

       FrameTransformMatrix {
        0.989270,0.116315,-0.088413,0.000000,-0.116710,0.993166,0.000706,0.000000,0.087890,0.009621,0.996084,0.000000,0.117559,-0.000001,-0.000096,1.000000;;
       }

       Frame Bip01_TailNub {
        

        FrameTransformMatrix {
         0.000796,0.000003,1.000000,0.000000,-0.000000,-1.000000,0.000003,0.000000,1.000000,0.000000,-0.000796,0.000000,0.120987,0.000000,0.000000,1.000000;;
        }
       }
      }
     }
    }
   }

   Frame Bip01_Testicles {
    

    FrameTransformMatrix {
     -0.662989,-0.034393,0.747839,0.000000,-0.007596,0.999202,0.039220,0.000000,-0.748591,0.020322,-0.662721,0.000000,-0.069160,-0.000002,0.113774,1.000000;;
    }
   }
  }
 }
}

Frame Sheep_RamFleece {
 

 FrameTransformMatrix {
  1.000000,0.000000,0.000000,0.000000,0.000000,1.000000,0.000000,0.000000,0.000000,0.000000,1.000000,0.000000,0.000000,0.000000,0.000000,1.000000;;
 }

 Mesh Sheep_RamFleece {
  711;
  -0.044900;0.425652;0.079969;,
  -0.083654;0.386420;0.142652;,
  -0.046527;0.404062;0.154048;,
  -0.089215;0.396194;0.078415;,
  -0.044741;0.228499;0.207498;,
  -0.098403;0.320538;0.194665;,
  -0.110727;0.242569;0.186466;,
  -0.042548;0.317291;0.217024;,
  -0.035751;0.185671;0.186065;,
  -0.109563;0.195319;0.170478;,
  -0.049268;-0.000672;0.129770;,
  -0.085921;-0.001058;0.150776;,
  -0.093781;-0.000705;0.129603;,
  -0.060458;-0.001177;0.152933;,
  -0.057253;0.001203;0.098442;,
  -0.084738;0.000955;0.099594;,
  -0.000006;0.416148;0.159560;,
  -0.000007;0.434036;0.079378;,
  -0.000006;0.222531;0.206876;,
  -0.000001;0.300939;0.201225;,
  -0.000002;0.175185;0.151640;,
  -0.021042;0.168355;0.138525;,
  -0.000003;0.164132;0.105835;,
  -0.021042;0.168355;0.138525;,
  -0.039419;0.158665;0.089306;,
  -0.000002;0.175185;0.151640;,
  -0.049325;0.410428;-0.056823;,
  -0.000007;0.418980;-0.057685;,
  -0.127434;0.188778;0.128507;,
  -0.103533;0.150613;0.175195;,
  -0.119521;0.133046;0.142146;,
  -0.046726;0.152863;0.183754;,
  -0.026200;0.137779;0.153935;,
  -0.037256;0.120306;0.114349;,
  -0.026200;0.137779;0.153935;,
  -0.102012;0.118935;0.107143;,
  -0.110065;0.164714;0.079852;,
  -0.099521;0.128153;0.141519;,
  -0.091451;0.119645;0.169166;,
  -0.091732;0.144456;0.169832;,
  -0.098843;0.118719;0.141935;,
  -0.054114;0.119308;0.174543;,
  -0.054224;0.147678;0.176210;,
  -0.046372;0.118825;0.147909;,
  -0.045566;0.133951;0.150897;,
  -0.045566;0.133951;0.150897;,
  -0.046372;0.118825;0.147909;,
  -0.052249;0.119900;0.123364;,
  -0.090429;0.117605;0.119014;,
  -0.087509;0.042340;0.160918;,
  -0.092902;0.042101;0.136918;,
  -0.056866;0.042755;0.162765;,
  -0.050678;0.042640;0.140037;,
  -0.055856;0.042595;0.119271;,
  -0.050678;0.042640;0.140037;,
  -0.086542;0.042406;0.118846;,
  -0.136857;0.250905;0.111501;,
  -0.118219;0.325284;0.037895;,
  -0.124197;0.214190;0.050713;,
  -0.119020;0.333245;0.116472;,
  -0.087040;0.393084;0.037121;,
  -0.042799;0.176547;0.057490;,
  -0.000006;0.164408;0.066967;,
  -0.100994;0.213809;0.031837;,
  -0.048631;0.182652;0.042779;,
  -0.000007;0.166310;0.043699;,
  -0.118385;0.308507;-0.047591;,
  -0.094028;0.377342;-0.053808;,
  -0.105276;0.204829;-0.037511;,
  -0.062463;0.169562;-0.033017;,
  -0.000003;0.152783;-0.033405;,
  -0.000007;0.418215;-0.163757;,
  -0.049768;0.409495;-0.163772;,
  -0.088897;0.377799;-0.164168;,
  -0.116650;0.314861;-0.143020;,
  -0.101340;0.213855;-0.131668;,
  -0.067401;0.173699;-0.133443;,
  -0.000159;0.157477;-0.134654;,
  -0.087010;0.033590;0.158687;,
  -0.092788;0.038565;0.136760;,
  -0.057066;0.033027;0.160542;,
  -0.050834;0.038100;0.139100;,
  -0.050834;0.038100;0.139100;,
  -0.085921;-0.001058;0.150776;,
  -0.093781;-0.000705;0.129603;,
  -0.060458;-0.001177;0.152933;,
  -0.049268;-0.000672;0.129770;,
  -0.049268;-0.000672;0.129770;,
  -0.057253;0.001203;0.098442;,
  -0.084738;0.000955;0.099594;,
  -0.067767;0.180021;-0.139078;,
  -0.111073;0.219751;-0.144619;,
  -0.034442;0.158549;-0.139681;,
  -0.045253;0.413610;-0.202130;,
  -0.000007;0.420228;-0.200834;,
  -0.086546;0.382035;-0.204687;,
  -0.110909;0.313541;-0.209179;,
  -0.119058;0.313999;-0.155682;,
  -0.117191;0.223830;-0.201559;,
  -0.081438;-0.000865;-0.186981;,
  -0.046956;-0.001044;-0.207407;,
  -0.058261;-0.000983;-0.180421;,
  -0.086916;-0.000634;-0.207823;,
  -0.043941;0.416529;-0.236973;,
  -0.000004;0.425168;-0.232484;,
  -0.076443;0.387249;-0.246411;,
  -0.100753;0.318187;-0.257937;,
  -0.106694;0.221425;-0.244046;,
  -0.052864;0.000598;-0.238141;,
  -0.080798;0.001079;-0.237150;,
  -0.041428;0.172933;-0.143777;,
  -0.025280;0.158075;-0.190097;,
  -0.015064;0.154426;-0.187460;,
  -0.015064;0.154426;-0.187460;,
  -0.033284;0.162287;-0.241172;,
  -0.016813;0.153113;-0.233746;,
  -0.025280;0.158075;-0.190097;,
  -0.099397;0.184343;-0.150597;,
  -0.103687;0.186444;-0.192148;,
  -0.091759;0.176929;-0.239057;,
  -0.046887;0.176314;-0.150798;,
  -0.041098;0.122967;-0.189817;,
  -0.027740;0.173406;-0.190564;,
  -0.052286;0.123535;-0.161929;,
  -0.027740;0.173406;-0.190564;,
  -0.045394;0.122405;-0.220940;,
  -0.039655;0.175538;-0.230359;,
  -0.041098;0.122967;-0.189817;,
  -0.077093;0.122094;-0.220552;,
  -0.078810;0.182285;-0.226915;,
  -0.083047;0.122734;-0.191228;,
  -0.088943;0.181075;-0.191699;,
  -0.079670;0.122963;-0.168140;,
  -0.086082;0.180568;-0.157754;,
  -0.042561;0.110158;-0.190252;,
  -0.052706;0.112362;-0.167971;,
  -0.049751;0.107573;-0.212692;,
  -0.042561;0.110158;-0.190252;,
  -0.073837;0.107328;-0.212304;,
  -0.081939;0.109215;-0.191402;,
  -0.077506;0.111580;-0.172512;,
  -0.042475;0.105666;-0.189444;,
  -0.052762;0.103524;-0.168032;,
  -0.042475;0.105666;-0.189444;,
  -0.081861;0.104884;-0.190849;,
  -0.077527;0.103055;-0.172955;,
  -0.045217;0.046549;-0.192951;,
  -0.055619;0.045753;-0.170084;,
  -0.051990;0.048584;-0.217652;,
  -0.045217;0.046549;-0.192951;,
  -0.075764;0.049024;-0.216868;,
  -0.083411;0.046996;-0.194281;,
  -0.079344;0.046118;-0.175522;,
  -0.045196;0.040542;-0.194362;,
  -0.055236;0.033191;-0.173185;,
  -0.045196;0.040542;-0.194362;,
  -0.083377;0.041352;-0.195408;,
  -0.079294;0.035190;-0.178006;,
  -0.046956;-0.001044;-0.207407;,
  -0.058261;-0.000983;-0.180421;,
  -0.052864;0.000598;-0.238141;,
  -0.046956;-0.001044;-0.207407;,
  -0.080798;0.001079;-0.237150;,
  -0.086916;-0.000634;-0.207823;,
  -0.081438;-0.000865;-0.186981;,
  -0.069180;0.181250;-0.267920;,
  -0.092447;0.223510;-0.272743;,
  -0.047126;0.164347;-0.267883;,
  -0.000814;0.156155;-0.272559;,
  0.000026;0.195035;-0.312499;,
  -0.046869;0.204150;-0.305585;,
  -0.089256;0.240090;-0.285078;,
  -0.038457;0.284477;-0.348733;,
  -0.076124;0.309050;-0.327398;,
  -0.000006;0.280068;-0.353285;,
  -0.037153;0.430183;-0.252819;,
  0.000000;0.435453;-0.247792;,
  -0.069150;0.408444;-0.266732;,
  -0.086005;0.361673;-0.293699;,
  -0.029154;0.347367;-0.357032;,
  -0.055969;0.369514;-0.340686;,
  -0.000022;0.340172;-0.362133;,
  -0.026062;0.449705;-0.282336;,
  -0.000362;0.454365;-0.278593;,
  -0.056109;0.428557;-0.295368;,
  -0.071370;0.394094;-0.317236;,
  -0.045067;0.372906;-0.340262;,
  -0.019626;0.356514;-0.361747;,
  -0.021490;0.358304;-0.354223;,
  -0.045953;0.382037;-0.357068;,
  -0.000007;0.349666;-0.365255;,
  -0.000021;0.352561;-0.357620;,
  -0.000207;0.441457;-0.289200;,
  -0.021124;0.465046;-0.337532;,
  -0.019907;0.437885;-0.291594;,
  -0.000096;0.468211;-0.336219;,
  -0.037872;0.450563;-0.341917;,
  -0.044215;0.422121;-0.302049;,
  -0.047169;0.430496;-0.345790;,
  -0.056272;0.395027;-0.319704;,
  -0.020460;0.461139;-0.381042;,
  -0.000096;0.463586;-0.381256;,
  -0.037110;0.448134;-0.380653;,
  -0.046655;0.428579;-0.378836;,
  -0.025828;0.356409;-0.392077;,
  -0.031232;0.378777;-0.403634;,
  -0.000007;0.348756;-0.386692;,
  -0.000005;0.415609;-0.429683;,
  -0.018837;0.410734;-0.426276;,
  -0.028845;0.396908;-0.417628;,
  -0.014384;0.345376;-0.409981;,
  -0.021737;0.361856;-0.419350;,
  -0.000007;0.340310;-0.406045;,
  -0.015928;0.394791;-0.441229;,
  -0.000007;0.399899;-0.442964;,
  -0.023067;0.384038;-0.433278;,
  -0.022663;0.363870;-0.421180;,
  -0.012314;0.356658;-0.430600;,
  -0.013190;0.353411;-0.428230;,
  -0.010691;0.346104;-0.420717;,
  -0.000007;0.342776;-0.419393;,
  -0.000007;0.382711;-0.444253;,
  0.083641;0.386419;0.142654;,
  0.044886;0.425652;0.079968;,
  0.046514;0.404062;0.154048;,
  0.089220;0.396184;0.078414;,
  0.044822;0.228501;0.207498;,
  0.098386;0.320547;0.194667;,
  0.042533;0.317292;0.217024;,
  0.110809;0.242579;0.186465;,
  0.035839;0.185676;0.186070;,
  0.109645;0.195308;0.170476;,
  0.049272;-0.000672;0.129770;,
  0.085924;-0.001058;0.150776;,
  0.060462;-0.001177;0.152933;,
  0.093785;-0.000705;0.129603;,
  0.057258;0.001203;0.098442;,
  0.084742;0.000955;0.099594;,
  -0.000006;0.222531;0.206876;,
  -0.000001;0.300939;0.201225;,
  -0.000002;0.175185;0.151640;,
  0.021118;0.168360;0.138524;,
  -0.000003;0.164132;0.105835;,
  0.021118;0.168360;0.138524;,
  -0.000002;0.175185;0.151640;,
  0.039504;0.158665;0.089303;,
  0.049312;0.410428;-0.056823;,
  0.127513;0.188768;0.128510;,
  0.103530;0.150604;0.175198;,
  0.119523;0.133033;0.142152;,
  0.046720;0.152868;0.183751;,
  0.026199;0.137794;0.153928;,
  0.037262;0.120317;0.114350;,
  0.026199;0.137794;0.153928;,
  0.102016;0.118927;0.107141;,
  0.110148;0.164708;0.079858;,
  0.099525;0.128153;0.141519;,
  0.091456;0.119645;0.169166;,
  0.098847;0.118719;0.141935;,
  0.091736;0.144456;0.169832;,
  0.054119;0.119308;0.174543;,
  0.054228;0.147678;0.176210;,
  0.046376;0.118825;0.147909;,
  0.045570;0.133951;0.150897;,
  0.045570;0.133951;0.150897;,
  0.052254;0.119900;0.123364;,
  0.046376;0.118825;0.147909;,
  0.090433;0.117605;0.119013;,
  0.087513;0.042340;0.160918;,
  0.092906;0.042101;0.136918;,
  0.056871;0.042755;0.162765;,
  0.050682;0.042640;0.140037;,
  0.055860;0.042595;0.119271;,
  0.050682;0.042640;0.140037;,
  0.086546;0.042406;0.118846;,
  0.136937;0.250919;0.111498;,
  0.118205;0.325288;0.037891;,
  0.119003;0.333255;0.116472;,
  0.124273;0.214198;0.050699;,
  0.087026;0.393085;0.037119;,
  0.042781;0.176548;0.057485;,
  -0.000006;0.164408;0.066967;,
  0.100972;0.213808;0.031819;,
  0.048618;0.182652;0.042779;,
  -0.000007;0.166310;0.043699;,
  0.118372;0.308507;-0.047591;,
  0.094015;0.377342;-0.053808;,
  0.105263;0.204829;-0.037511;,
  0.062450;0.169562;-0.033017;,
  -0.000003;0.152783;-0.033405;,
  0.049755;0.409495;-0.163772;,
  0.088884;0.377799;-0.164168;,
  0.116637;0.314861;-0.143020;,
  0.101327;0.213855;-0.131668;,
  0.067371;0.173689;-0.133445;,
  0.087013;0.033590;0.158687;,
  0.092792;0.038565;0.136761;,
  0.057070;0.033027;0.160542;,
  0.050838;0.038100;0.139100;,
  0.050838;0.038100;0.139100;,
  0.085924;-0.001058;0.150776;,
  0.093785;-0.000705;0.129603;,
  0.060462;-0.001177;0.152933;,
  0.049272;-0.000672;0.129770;,
  0.049272;-0.000672;0.129770;,
  0.057258;0.001203;0.098442;,
  0.084742;0.000955;0.099594;,
  0.067753;0.180021;-0.139077;,
  0.111060;0.219751;-0.144619;,
  0.045240;0.413610;-0.202129;,
  0.086533;0.382035;-0.204686;,
  0.110896;0.313541;-0.209178;,
  0.119045;0.314000;-0.155682;,
  0.117178;0.223829;-0.201559;,
  0.081543;-0.000865;-0.186982;,
  0.047061;-0.001044;-0.207407;,
  0.087019;-0.000635;-0.207823;,
  0.058367;-0.000983;-0.180421;,
  0.043933;0.416529;-0.236974;,
  0.076435;0.387249;-0.246411;,
  0.100729;0.318241;-0.257964;,
  0.106681;0.221425;-0.244044;,
  0.052970;0.000598;-0.238140;,
  0.080903;0.001079;-0.237150;,
  0.034416;0.158579;-0.139621;,
  0.041422;0.172925;-0.143780;,
  0.025266;0.158076;-0.190097;,
  0.015051;0.154426;-0.187460;,
  0.015051;0.154426;-0.187460;,
  0.033270;0.162288;-0.241172;,
  0.025266;0.158076;-0.190097;,
  0.016853;0.153130;-0.233879;,
  0.099385;0.184342;-0.150598;,
  0.103672;0.186442;-0.192149;,
  0.091747;0.176929;-0.239057;,
  0.046873;0.176314;-0.150797;,
  0.041205;0.122967;-0.189808;,
  0.052387;0.123535;-0.161929;,
  0.027726;0.173406;-0.190564;,
  0.027726;0.173406;-0.190564;,
  0.045448;0.122404;-0.220930;,
  0.041205;0.122967;-0.189808;,
  0.039642;0.175539;-0.230360;,
  0.077250;0.122093;-0.220543;,
  0.078797;0.182287;-0.226916;,
  0.083151;0.122735;-0.191218;,
  0.088928;0.181075;-0.191699;,
  0.079775;0.122963;-0.168140;,
  0.086069;0.180568;-0.157754;,
  0.042667;0.110158;-0.190253;,
  0.052807;0.112362;-0.167972;,
  0.049861;0.107565;-0.212693;,
  0.042667;0.110158;-0.190253;,
  0.073942;0.107321;-0.212304;,
  0.082045;0.109216;-0.191401;,
  0.077611;0.111580;-0.172512;,
  0.042580;0.105666;-0.189446;,
  0.052862;0.103524;-0.168032;,
  0.042580;0.105666;-0.189446;,
  0.081966;0.104884;-0.190848;,
  0.077632;0.103055;-0.172955;,
  0.044796;0.046549;-0.192952;,
  0.055720;0.045753;-0.170084;,
  0.052095;0.048584;-0.217652;,
  0.044796;0.046549;-0.192952;,
  0.075873;0.049023;-0.216867;,
  0.083516;0.046996;-0.194281;,
  0.079449;0.046118;-0.175522;,
  0.045302;0.040542;-0.194363;,
  0.055336;0.033191;-0.173186;,
  0.045302;0.040542;-0.194363;,
  0.083482;0.041351;-0.195407;,
  0.079399;0.035190;-0.178006;,
  0.047061;-0.001044;-0.207407;,
  0.058367;-0.000983;-0.180421;,
  0.052970;0.000598;-0.238140;,
  0.047061;-0.001044;-0.207407;,
  0.080903;0.001079;-0.237150;,
  0.087019;-0.000635;-0.207823;,
  0.081543;-0.000865;-0.186982;,
  0.069166;0.181248;-0.267920;,
  0.092440;0.223511;-0.272741;,
  0.047038;0.164321;-0.267895;,
  -0.000814;0.156155;-0.272559;,
  -0.000745;0.152891;-0.232592;,
  0.000026;0.195035;-0.312499;,
  0.046856;0.204150;-0.305584;,
  0.089247;0.240090;-0.285079;,
  -0.000477;0.154439;-0.186911;,
  0.038445;0.284478;-0.348733;,
  0.076120;0.309073;-0.327391;,
  -0.000006;0.280068;-0.353285;,
  0.037063;0.430080;-0.252603;,
  0.069276;0.408297;-0.266905;,
  0.085967;0.357665;-0.294066;,
  0.029112;0.347366;-0.357034;,
  0.055932;0.369515;-0.340690;,
  -0.000022;0.340172;-0.362133;,
  0.027761;0.449662;-0.282133;,
  0.056256;0.428310;-0.295656;,
  0.071447;0.394133;-0.317039;,
  0.045024;0.372905;-0.340262;,
  0.019613;0.356514;-0.361747;,
  0.045947;0.382056;-0.357065;,
  0.021448;0.358304;-0.354223;,
  -0.000007;0.349666;-0.365255;,
  -0.000021;0.352561;-0.357620;,
  0.020913;0.465069;-0.337579;,
  0.021419;0.437874;-0.291611;,
  0.037681;0.450567;-0.341929;,
  0.044242;0.422059;-0.302104;,
  0.046976;0.430513;-0.345806;,
  0.056232;0.395033;-0.319705;,
  0.020269;0.461140;-0.381039;,
  0.036920;0.448137;-0.380647;,
  0.046464;0.428595;-0.378830;,
  0.025814;0.356409;-0.392077;,
  0.031221;0.378786;-0.403631;,
  -0.000007;0.348756;-0.386692;,
  0.018826;0.410739;-0.426268;,
  0.028833;0.396915;-0.417620;,
  0.014371;0.345376;-0.409981;,
  0.021724;0.361856;-0.419350;,
  -0.000007;0.340310;-0.406045;,
  0.015915;0.394791;-0.441229;,
  0.023053;0.384038;-0.433278;,
  0.022649;0.363870;-0.421180;,
  0.012300;0.356658;-0.430600;,
  0.013177;0.353411;-0.428230;,
  0.010678;0.346104;-0.420717;,
  -0.000007;0.342776;-0.419393;,
  -0.000007;0.392241;0.203166;,
  -0.034833;0.366664;0.209853;,
  0.034821;0.366664;0.209853;,
  0.021921;0.334692;0.216557;,
  -0.021940;0.334692;0.216558;,
  -0.021940;0.334692;0.216558;,
  -0.029082;0.319994;0.218930;,
  -0.034833;0.366664;0.209853;,
  -0.028660;0.310251;0.183206;,
  0.000001;0.331027;0.236721;,
  -0.000007;0.392241;0.203166;,
  0.034821;0.366664;0.209853;,
  0.029084;0.319996;0.218930;,
  0.028663;0.310255;0.183206;,
  0.021921;0.334692;0.216557;,
  -0.000001;0.300939;0.201225;,
  -0.000001;0.300939;0.201225;,
  0.000000;0.285137;0.209726;,
  -0.000007;0.355407;-0.432266;,
  -0.000007;0.351912;-0.429663;,
  -0.000007;0.351912;-0.429663;,
  -0.000159;0.157477;-0.134654;,
  -0.000477;0.154439;-0.186911;,
  0.062281;0.432580;-0.335261;,
  0.090173;0.442457;-0.348402;,
  0.061918;0.455732;-0.343851;,
  0.035560;0.439649;-0.331643;,
  0.020343;0.463475;-0.338905;,
  0.032491;0.433827;-0.360500;,
  0.051325;0.439838;-0.356427;,
  0.038965;0.425355;-0.346687;,
  0.034098;0.448211;-0.359359;,
  0.068363;0.414873;-0.346674;,
  0.090040;0.420664;-0.354015;,
  0.058024;0.457297;-0.358027;,
  0.020234;0.461665;-0.356714;,
  0.084340;0.448513;-0.362011;,
  0.038965;0.425355;-0.346687;,
  0.032491;0.433827;-0.360500;,
  0.068363;0.414873;-0.346674;,
  0.090040;0.420664;-0.354015;,
  0.109786;0.428451;-0.357931;,
  0.084340;0.448513;-0.362011;,
  0.058024;0.457297;-0.358027;,
  0.020234;0.461665;-0.356714;,
  -0.062273;0.433003;-0.335901;,
  -0.061847;0.461056;-0.341565;,
  -0.099967;0.442480;-0.352336;,
  -0.034190;0.439618;-0.331460;,
  -0.021159;0.463455;-0.338643;,
  -0.042223;0.433820;-0.360508;,
  -0.051322;0.441144;-0.355912;,
  -0.031670;0.449592;-0.360888;,
  -0.048711;0.425484;-0.347901;,
  -0.069652;0.415320;-0.347151;,
  -0.094688;0.419140;-0.354136;,
  -0.058022;0.461105;-0.357618;,
  -0.020669;0.461816;-0.357320;,
  -0.094190;0.448628;-0.363929;,
  -0.048711;0.425484;-0.347901;,
  -0.042223;0.433820;-0.360508;,
  -0.069652;0.415320;-0.347151;,
  -0.094688;0.419140;-0.354136;,
  -0.110819;0.428451;-0.359899;,
  -0.094190;0.448628;-0.363929;,
  -0.058022;0.461105;-0.357618;,
  -0.020669;0.461816;-0.357320;,
  0.113471;0.438819;-0.362416;,
  -0.112428;0.441632;-0.362771;,
  -0.112428;0.441632;-0.362771;,
  -0.110819;0.428451;-0.359899;,
  0.109786;0.428451;-0.357931;,
  0.113471;0.438819;-0.362416;,
  -0.031232;0.378777;-0.403634;,
  -0.013190;0.353411;-0.428230;,
  -0.021737;0.361856;-0.419350;,
  -0.013190;0.353411;-0.428230;,
  0.013177;0.353411;-0.428230;,
  -0.000007;0.351912;-0.429663;,
  -0.013190;0.353411;-0.428230;,
  0.021724;0.361856;-0.419350;,
  0.013177;0.353411;-0.428230;,
  -0.031232;0.378777;-0.403634;,
  0.021724;0.361856;-0.419350;,
  -0.013190;0.353411;-0.428230;,
  0.031221;0.378786;-0.403631;,
  0.021724;0.361856;-0.419350;,
  -0.031232;0.378777;-0.403634;,
  0.012300;0.356658;-0.430600;,
  -0.012314;0.356658;-0.430600;,
  -0.000007;0.355407;-0.432266;,
  -0.012314;0.356658;-0.430600;,
  -0.031232;0.378777;-0.403634;,
  -0.022663;0.363870;-0.421180;,
  -0.012314;0.356658;-0.430600;,
  0.031221;0.378786;-0.403631;,
  -0.031232;0.378777;-0.403634;,
  0.012300;0.356658;-0.430600;,
  0.031221;0.378786;-0.403631;,
  -0.012314;0.356658;-0.430600;,
  0.022649;0.363870;-0.421180;,
  0.031221;0.378786;-0.403631;,
  0.012300;0.356658;-0.430600;,
  -0.000477;0.154439;-0.186911;,
  -0.000477;0.154439;-0.186911;,
  -0.000745;0.152891;-0.232592;,
  0.028359;0.140636;0.126865;,
  0.014149;0.163226;0.123492;,
  0.014149;0.140636;0.131482;,
  0.023662;0.163226;0.120401;,
  0.037141;0.140636;0.114778;,
  0.029542;0.163226;0.112309;,
  0.037141;0.140636;0.099837;,
  0.029542;0.163226;0.102306;,
  0.028359;0.140636;0.087750;,
  0.023662;0.163226;0.094214;,
  0.014149;0.140636;0.083133;,
  0.014149;0.163226;0.091123;,
  0.004636;0.163226;0.094214;,
  0.000000;0.140636;0.087730;,
  0.000000;0.163226;0.100595;,
  0.000000;0.140636;0.126885;,
  0.004636;0.163226;0.120401;,
  0.000000;0.163226;0.114020;,
  0.028359;0.119761;0.126865;,
  0.014149;0.119761;0.131482;,
  0.037141;0.119761;0.114778;,
  0.037141;0.119761;0.099837;,
  0.028359;0.119761;0.087750;,
  0.014149;0.119761;0.083133;,
  0.000000;0.119761;0.126885;,
  0.022931;0.102874;0.119395;,
  0.014149;0.102874;0.122248;,
  0.028359;0.102874;0.111924;,
  0.028359;0.102874;0.102690;,
  0.022931;0.102874;0.095220;,
  0.014149;0.102874;0.092367;,
  0.000000;0.102860;0.118312;,
  0.014149;0.096423;0.107307;,
  0.000000;0.102860;0.096302;,
  0.020225;0.203070;0.115602;,
  0.014211;0.203070;0.117556;,
  0.023942;0.203070;0.110486;,
  0.023942;0.203070;0.104162;,
  0.020225;0.203070;0.099046;,
  0.014211;0.203070;0.097092;,
  0.005909;0.203070;0.097843;,
  -0.000075;0.203070;0.101143;,
  0.000000;0.171835;0.102710;,
  -0.000075;0.203070;0.113506;,
  0.000000;0.171835;0.111905;,
  0.005909;0.203070;0.116805;,
  0.000000;0.119761;0.087730;,
  -0.028358;0.140636;0.126865;,
  -0.014149;0.163226;0.123492;,
  -0.023662;0.163226;0.120401;,
  -0.014149;0.140636;0.131482;,
  -0.037140;0.140636;0.114778;,
  -0.029541;0.163226;0.112309;,
  -0.037140;0.140636;0.099837;,
  -0.029541;0.163226;0.102306;,
  -0.028358;0.140636;0.087750;,
  -0.023662;0.163226;0.094214;,
  -0.014149;0.140636;0.083133;,
  -0.014149;0.163226;0.091123;,
  -0.004636;0.163226;0.094214;,
  -0.004636;0.163226;0.120401;,
  -0.028358;0.119761;0.126865;,
  -0.014149;0.119761;0.131482;,
  -0.037140;0.119761;0.114778;,
  -0.037140;0.119761;0.099837;,
  -0.028358;0.119761;0.087750;,
  -0.014149;0.119761;0.083133;,
  -0.022931;0.102874;0.119395;,
  -0.014149;0.102874;0.122248;,
  -0.028358;0.102874;0.111924;,
  -0.028358;0.102874;0.102690;,
  -0.022931;0.102874;0.095220;,
  -0.014149;0.102874;0.092367;,
  -0.014149;0.096423;0.107307;,
  -0.020105;0.203070;0.115506;,
  -0.014149;0.203070;0.117441;,
  -0.023787;0.203070;0.110439;,
  -0.024092;0.203070;0.104162;,
  -0.020105;0.203070;0.099109;,
  -0.014361;0.203070;0.097092;,
  -0.006060;0.203070;0.097843;,
  -0.005927;0.203070;0.116697;,
  -0.005529;0.147252;-0.038329;,
  0.005529;0.145396;-0.033335;,
  -0.005529;0.145396;-0.033335;,
  0.005529;0.147252;-0.038329;,
  -0.008832;0.160843;-0.040372;,
  0.008832;0.162694;-0.016272;,
  0.008832;0.160843;-0.040372;,
  -0.008832;0.162694;-0.016272;,
  -0.021490;0.358304;-0.354223;,
  -0.055969;0.369514;-0.340686;,
  -0.045067;0.372906;-0.340262;,
  -0.055969;0.369514;-0.340686;,
  -0.021490;0.358304;-0.354223;,
  -0.029154;0.347367;-0.357032;,
  -0.045067;0.372906;-0.340262;,
  -0.071370;0.394094;-0.317236;,
  -0.056272;0.395027;-0.319704;,
  -0.071370;0.394094;-0.317236;,
  -0.045067;0.372906;-0.340262;,
  -0.055969;0.369514;-0.340686;,
  -0.056272;0.395027;-0.319704;,
  -0.056109;0.428557;-0.295368;,
  -0.044215;0.422121;-0.302049;,
  -0.056109;0.428557;-0.295368;,
  -0.056272;0.395027;-0.319704;,
  -0.071370;0.394094;-0.317236;,
  -0.044215;0.422121;-0.302049;,
  -0.026062;0.449705;-0.282336;,
  -0.019907;0.437885;-0.291594;,
  -0.026062;0.449705;-0.282336;,
  -0.044215;0.422121;-0.302049;,
  -0.056109;0.428557;-0.295368;,
  -0.019907;0.437885;-0.291594;,
  -0.000362;0.454365;-0.278593;,
  -0.000207;0.441457;-0.289200;,
  -0.000362;0.454365;-0.278593;,
  -0.019907;0.437885;-0.291594;,
  -0.026062;0.449705;-0.282336;,
  -0.000207;0.441457;-0.289200;,
  0.027761;0.449662;-0.282133;,
  0.021419;0.437874;-0.291611;,
  0.027761;0.449662;-0.282133;,
  -0.000207;0.441457;-0.289200;,
  -0.000362;0.454365;-0.278593;,
  0.021419;0.437874;-0.291611;,
  0.056256;0.428310;-0.295656;,
  0.044242;0.422059;-0.302104;,
  0.056256;0.428310;-0.295656;,
  0.021419;0.437874;-0.291611;,
  0.027761;0.449662;-0.282133;,
  0.044242;0.422059;-0.302104;,
  0.071447;0.394133;-0.317039;,
  0.056232;0.395033;-0.319705;,
  0.071447;0.394133;-0.317039;,
  0.044242;0.422059;-0.302104;,
  0.056256;0.428310;-0.295656;,
  0.056232;0.395033;-0.319705;,
  0.055932;0.369515;-0.340690;,
  0.045024;0.372905;-0.340262;,
  0.055932;0.369515;-0.340690;,
  0.056232;0.395033;-0.319705;,
  0.071447;0.394133;-0.317039;,
  0.045024;0.372905;-0.340262;,
  0.029112;0.347366;-0.357034;,
  0.021448;0.358304;-0.354223;,
  0.029112;0.347366;-0.357034;,
  0.045024;0.372905;-0.340262;,
  0.055932;0.369515;-0.340690;,
  0.021448;0.358304;-0.354223;,
  -0.000022;0.340172;-0.362133;,
  -0.000021;0.352561;-0.357620;,
  -0.000022;0.340172;-0.362133;,
  0.021448;0.358304;-0.354223;,
  0.029112;0.347366;-0.357034;,
  -0.000021;0.352561;-0.357620;,
  -0.029154;0.347367;-0.357032;,
  -0.021490;0.358304;-0.354223;,
  -0.029154;0.347367;-0.357032;,
  -0.000021;0.352561;-0.357620;,
  -0.000022;0.340172;-0.362133;,
  0.099525;0.128153;0.141519;,
  0.103530;0.150604;0.175198;,
  0.091736;0.144456;0.169832;,
  0.103530;0.150604;0.175198;,
  0.099525;0.128153;0.141519;,
  0.119523;0.133033;0.142152;,
  0.090433;0.117605;0.119013;,
  0.119523;0.133033;0.142152;,
  0.099525;0.128153;0.141519;,
  0.119523;0.133033;0.142152;,
  0.090433;0.117605;0.119013;,
  0.102016;0.118927;0.107141;;
  942;
  3;0,1,2;,
  3;1,0,3;,
  3;4,5,6;,
  3;5,4,7;,
  3;8,6,9;,
  3;6,8,4;,
  3;10,11,12;,
  3;11,10,13;,
  3;14,12,15;,
  3;12,14,10;,
  3;16,0,2;,
  3;0,16,17;,
  3;18,7,4;,
  3;7,18,19;,
  3;4,8,18;,
  3;20,8,21;,
  3;8,20,18;,
  3;22,23,24;,
  3;23,22,25;,
  3;17,26,0;,
  3;26,17,27;,
  3;28,29,9;,
  3;29,28,30;,
  3;9,31,8;,
  3;31,9,29;,
  3;8,32,21;,
  3;32,8,31;,
  3;23,33,24;,
  3;33,23,34;,
  3;24,35,36;,
  3;35,24,33;,
  3;36,30,28;,
  3;30,36,35;,
  3;37,38,39;,
  3;38,37,40;,
  3;39,41,42;,
  3;41,39,38;,
  3;42,43,44;,
  3;43,42,41;,
  3;45,46,47;,
  3;48,40,37;,
  3;40,49,38;,
  3;49,40,50;,
  3;38,51,41;,
  3;51,38,49;,
  3;41,52,43;,
  3;52,41,51;,
  3;46,53,47;,
  3;53,46,54;,
  3;47,55,48;,
  3;55,47,53;,
  3;48,50,40;,
  3;50,48,55;,
  3;56,57,58;,
  3;57,56,59;,
  3;5,1,59;,
  3;6,59,56;,
  3;59,6,5;,
  3;57,3,60;,
  3;59,3,57;,
  3;1,3,59;,
  3;61,36,58;,
  3;36,61,24;,
  3;56,9,6;,
  3;9,56,28;,
  3;28,58,36;,
  3;58,28,56;,
  3;61,22,24;,
  3;22,61,62;,
  3;57,63,58;,
  3;64,62,61;,
  3;62,64,65;,
  3;60,66,57;,
  3;66,60,67;,
  3;57,68,63;,
  3;68,57,66;,
  3;63,69,64;,
  3;69,63,68;,
  3;64,70,65;,
  3;70,64,69;,
  3;26,71,72;,
  3;71,26,27;,
  3;67,72,73;,
  3;72,67,26;,
  3;66,73,74;,
  3;73,66,67;,
  3;66,75,68;,
  3;75,66,74;,
  3;68,76,69;,
  3;76,68,75;,
  3;69,77,70;,
  3;77,69,76;,
  3;50,78,49;,
  3;78,50,79;,
  3;49,80,51;,
  3;80,49,78;,
  3;52,80,81;,
  3;80,52,51;,
  3;54,82,53;,
  3;55,79,50;,
  3;83,79,84;,
  3;79,83,78;,
  3;85,78,83;,
  3;78,85,80;,
  3;81,85,86;,
  3;85,81,80;,
  3;53,87,88;,
  3;87,53,82;,
  3;55,88,89;,
  3;88,55,53;,
  3;84,55,89;,
  3;55,84,79;,
  3;61,63,64;,
  3;63,61,58;,
  3;75,90,76;,
  3;90,75,91;,
  3;76,92,77;,
  3;92,76,90;,
  3;71,93,72;,
  3;93,71,94;,
  3;72,95,73;,
  3;95,72,93;,
  3;73,96,97;,
  3;96,73,95;,
  3;97,98,91;,
  3;98,97,96;,
  3;99,100,101;,
  3;100,99,102;,
  3;94,103,93;,
  3;103,94,104;,
  3;93,105,95;,
  3;105,93,103;,
  3;95,106,96;,
  3;106,95,105;,
  3;96,107,98;,
  3;107,96,106;,
  3;102,108,100;,
  3;108,102,109;,
  3;90,110,92;,
  3;92,111,112;,
  3;111,92,110;,
  3;113,114,115;,
  3;114,113,116;,
  3;98,117,91;,
  3;117,98,118;,
  3;107,118,98;,
  3;118,107,119;,
  3;120,121,122;,
  3;121,120,123;,
  3;124,125,126;,
  3;125,124,127;,
  3;126,128,129;,
  3;128,126,125;,
  3;129,130,131;,
  3;130,129,128;,
  3;131,132,133;,
  3;132,131,130;,
  3;133,123,120;,
  3;123,133,132;,
  3;74,73,97;,
  3;90,117,110;,
  3;117,90,91;,
  3;123,134,121;,
  3;134,123,135;,
  3;127,136,125;,
  3;136,127,137;,
  3;125,138,128;,
  3;138,125,136;,
  3;128,139,130;,
  3;139,128,138;,
  3;130,140,132;,
  3;140,130,139;,
  3;132,135,123;,
  3;135,132,140;,
  3;135,141,134;,
  3;141,135,142;,
  3;137,143,136;,
  3;138,144,139;,
  3;139,145,140;,
  3;145,139,144;,
  3;140,142,135;,
  3;142,140,145;,
  3;142,146,141;,
  3;146,142,147;,
  3;143,148,136;,
  3;148,143,149;,
  3;136,150,138;,
  3;150,136,148;,
  3;138,151,144;,
  3;151,138,150;,
  3;144,152,145;,
  3;152,144,151;,
  3;145,147,142;,
  3;147,145,152;,
  3;147,153,146;,
  3;153,147,154;,
  3;149,155,148;,
  3;150,156,151;,
  3;151,157,152;,
  3;157,151,156;,
  3;152,154,147;,
  3;154,152,157;,
  3;154,158,153;,
  3;158,154,159;,
  3;155,160,148;,
  3;160,155,161;,
  3;148,162,150;,
  3;162,148,160;,
  3;150,163,156;,
  3;163,150,162;,
  3;156,164,157;,
  3;164,156,163;,
  3;157,159,154;,
  3;159,157,164;,
  3;0,60,3;,
  3;60,26,67;,
  3;26,60,0;,
  3;107,165,119;,
  3;165,107,166;,
  3;119,167,114;,
  3;167,119,165;,
  3;114,168,115;,
  3;168,114,167;,
  3;167,169,168;,
  3;169,167,170;,
  3;166,170,165;,
  3;170,166,171;,
  3;165,170,167;,
  3;171,172,170;,
