xof 0303txt 0032
template ColorRGBA {
 <35ff44e0-6c7c-11cf-8f52-0040333594a3>
 FLOAT red;
 FLOAT green;
 FLOAT blue;
 FLOAT alpha;
}

template ColorRGB {
 <d3e16e81-7835-11cf-8f52-0040333594a3>
 FLOAT red;
 FLOAT green;
 FLOAT blue;
}

template Material {
 <3d82ab4d-62da-11cf-ab39-0020af71e433>
 ColorRGBA faceColor;
 FLOAT power;
 ColorRGB specularColor;
 ColorRGB emissiveColor;
 [...]
}

template TextureFilename {
 <a42790e1-7810-11cf-8f52-0040333594a3>
 STRING filename;
}

template Frame {
 <3d82ab46-62da-11cf-ab39-0020af71e433>
 [...]
}

template Matrix4x4 {
 <f6f23f45-7686-11cf-8f52-0040333594a3>
 array FLOAT matrix[16];
}

template FrameTransformMatrix {
 <f6f23f41-7686-11cf-8f52-0040333594a3>
 Matrix4x4 frameMatrix;
}

template Vector {
 <3d82ab5e-62da-11cf-ab39-0020af71e433>
 FLOAT x;
 FLOAT y;
 FLOAT z;
}

template MeshFace {
 <3d82ab5f-62da-11cf-ab39-0020af71e433>
 DWORD nFaceVertexIndices;
 array DWORD faceVertexIndices[nFaceVertexIndices];
}

template Mesh {
 <3d82ab44-62da-11cf-ab39-0020af71e433>
 DWORD nVertices;
 array Vector vertices[nVertices];
 DWORD nFaces;
 array MeshFace faces[nFaces];
 [...]
}

template MeshNormals {
 <f6f23f43-7686-11cf-8f52-0040333594a3>
 DWORD nNormals;
 array Vector normals[nNormals];
 DWORD nFaceNormals;
 array MeshFace faceNormals[nFaceNormals];
}

template MeshMaterialList {
 <f6f23f42-7686-11cf-8f52-0040333594a3>
 DWORD nMaterials;
 DWORD nFaceIndexes;
 array DWORD faceIndexes[nFaceIndexes];
 [Material <3d82ab4d-62da-11cf-ab39-0020af71e433>]
}

template Coords2d {
 <f6f23f44-7686-11cf-8f52-0040333594a3>
 FLOAT u;
 FLOAT v;
}

template MeshTextureCoords {
 <f6f23f40-7686-11cf-8f52-0040333594a3>
 DWORD nTextureCoords;
 array Coords2d textureCoords[nTextureCoords];
}

template XSkinMeshHeader {
 <3cf169ce-ff7c-44ab-93c0-f78f62d172e2>
 WORD nMaxSkinWeightsPerVertex;
 WORD nMaxSkinWeightsPerFace;
 WORD nBones;
}

template SkinWeights {
 <6f0d123b-bad2-4167-a0d0-80224f25fabb>
 STRING transformNodeName;
 DWORD nWeights;
 array DWORD vertexIndices[nWeights];
 array FLOAT weights[nWeights];
 Matrix4x4 matrixOffset;
}

template AnimTicksPerSecond {
 <9e415a43-7ba6-4a73-8743-b73d47e88476>
 DWORD AnimTicksPerSecond;
}

template Animation {
 <3d82ab4f-62da-11cf-ab39-0020af71e433>
 [...]
}

template AnimationSet {
 <3d82ab50-62da-11cf-ab39-0020af71e433>
 [Animation <3d82ab4f-62da-11cf-ab39-0020af71e433>]
}

template FloatKeys {
 <10dd46a9-775b-11cf-8f52-0040333594a3>
 DWORD nValues;
 array FLOAT values[nValues];
}

template TimedFloatKeys {
 <f406b180-7b3b-11cf-8f52-0040333594a3>
 DWORD time;
 FloatKeys tfkeys;
}

template AnimationKey {
 <10dd46a8-775b-11cf-8f52-0040333594a3>
 DWORD keyType;
 DWORD nKeys;
 array TimedFloatKeys keys[nKeys];
}


Material _14_-_Default {
 1.000000;1.000000;1.000000;1.000000;;
 9.999999;
 0.000000;0.000000;0.000000;;
 0.000000;0.000000;0.000000;;

 TextureFilename {
  "FarmPig01.png";
 }
}

Frame Dummy01 {
 

 FrameTransformMatrix {
  1.000000,0.000000,0.000000,0.000000,0.000000,-0.000000,-1.000000,0.000000,0.000000,1.000000,-0.000000,0.000000,0.000000,0.000000,0.000000,1.000000;;
 }

 Frame Bip01 {
  

  FrameTransformMatrix {
   -0.036314,0.498679,-0.866026,0.000000,0.024267,0.866782,0.498097,0.000000,0.999046,-0.002927,-0.043578,0.000000,0.003543,-0.048425,0.084154,1.000000;;
  }

  Frame Bip01_Pelvis {
   

   FrameTransformMatrix {
    -0.002283,0.999386,0.034947,0.000000,0.043558,-0.034815,0.998444,0.000000,0.999048,0.003802,-0.043452,0.000000,0.000000,0.000000,0.000000,1.000000;;
   }

   Frame Bip01_Spine {
    

    FrameTransformMatrix {
     0.861606,-0.051871,0.504921,0.000000,0.072615,0.997129,-0.021476,0.000000,-0.502357,0.055169,0.862899,0.000000,0.016279,-0.000569,0.000029,1.000000;;
    }

    Frame Bip01_L_Thigh {
     

     FrameTransformMatrix {
      -0.102813,-0.016364,0.994566,0.000000,0.109111,-0.994017,-0.005076,0.000000,0.988698,0.107996,0.103983,0.000000,-0.014836,0.014092,0.008998,1.000000;;
     }

     Frame Bip01_L_Calf {
      

      FrameTransformMatrix {
       0.789445,0.000000,-0.613822,0.000000,-0.000000,1.000000,0.000000,0.000000,0.613822,-0.000000,0.789445,0.000000,0.035259,-0.000000,-0.000000,1.000000;;
      }

      Frame Bip01_L_Foot {
       

       FrameTransformMatrix {
        0.485759,0.007910,-0.874057,0.000000,-0.001370,0.999965,0.008288,0.000000,0.874092,-0.002829,0.485752,0.000000,0.026541,0.000000,0.000000,1.000000;;
       }

       Frame Bip01_L_Toe0 {
        

        FrameTransformMatrix {
         -0.150012,-0.036835,0.987998,0.000000,0.072633,0.996195,0.048168,0.000000,-0.986013,0.078987,-0.146766,0.000000,0.003622,0.000000,0.017063,1.000000;;
        }
       }
      }
     }
    }

    Frame Bip01_R_Thigh {
     

     FrameTransformMatrix {
      0.516338,0.096568,0.850923,0.000000,-0.028873,-0.991094,0.129996,0.000000,0.855898,-0.091690,-0.508952,0.000000,-0.013306,-0.015322,0.007370,1.000000;;
     }

     Frame Bip01_R_Calf {
      

      FrameTransformMatrix {
       0.890763,0.000000,-0.454468,0.000000,0.000000,1.000000,-0.000000,0.000000,0.454468,-0.000000,0.890763,0.000000,0.035259,0.000000,0.000000,1.000000;;
      }

      Frame Bip01_R_Foot {
       

       FrameTransformMatrix {
        0.512339,0.039962,-0.857853,0.000000,0.000838,0.998893,0.047032,0.000000,0.858783,-0.024815,0.511738,0.000000,0.026541,0.000000,0.000000,1.000000;;
       }

       Frame Bip01_R_Toe0 {
        

        FrameTransformMatrix {
         0.444685,0.084189,0.891722,0.000000,-0.017299,0.996194,-0.085426,0.000000,-0.895520,0.022561,0.444449,0.000000,0.003622,-0.000000,0.017063,1.000000;;
        }
       }
      }
     }
    }

    Frame Bip01_Spine1 {
     

     FrameTransformMatrix {
      0.996464,0.017001,0.082283,0.000000,-0.014078,0.999254,-0.035972,0.000000,-0.082834,0.034686,0.995960,0.000000,0.047199,-0.000002,-0.000055,1.000000;;
     }

     Frame Bip01_Neck {
      

      FrameTransformMatrix {
       0.996435,0.075514,0.037614,0.000000,-0.073742,0.996195,-0.046457,0.000000,-0.040979,0.043518,0.998212,0.000000,0.069851,-0.000001,-0.000021,1.000000;;
      }

      Frame Bip01_Head {
       

       FrameTransformMatrix {
        0.389541,-0.004459,-0.920999,0.000000,0.072874,0.997002,0.025996,0.000000,0.918122,-0.077243,0.388698,0.000000,0.026356,0.000000,0.000000,1.000000;;
       }

       Frame Bip01_Jaw {
        

        FrameTransformMatrix {
         0.050098,0.000003,0.998744,0.000000,-0.000003,1.000000,-0.000003,0.000000,-0.998744,-0.000003,0.050098,0.000000,-0.001295,0.000000,0.007209,1.000000;;
        }
       }

       Frame Bip01_RightEar {
        

        FrameTransformMatrix {
         0.082255,-0.010797,0.996553,0.000000,0.663685,0.746553,-0.046692,0.000000,-0.743476,0.665238,0.068573,0.000000,0.019274,-0.012496,-0.016094,1.000000;;
        }
       }

       Frame Bip01_LeftEar {
        

        FrameTransformMatrix {
         0.085949,0.088007,0.992405,0.000000,-0.695442,0.718574,-0.003494,0.000000,-0.713423,-0.689860,0.122965,0.000000,0.019274,0.012497,-0.016095,1.000000;;
        }
       }
      }

      Frame Bip01_L_Clavicle {
       

       FrameTransformMatrix {
        0.663939,0.013557,0.747664,0.000000,0.744486,-0.105819,-0.659199,0.000000,0.070180,0.994293,-0.080350,0.000000,-0.006110,0.013738,0.001524,1.000000;;
       }

       Frame Bip01_L_UpperArm {
        

        FrameTransformMatrix {
         -0.059886,-0.985970,-0.155813,0.000000,0.111554,-0.161726,0.980510,0.000000,-0.991952,0.041337,0.119674,0.000000,0.030142,-0.000000,0.000000,1.000000;;
        }

        Frame Bip01_L_Forearm {
         

         FrameTransformMatrix {
          0.207305,-0.000000,-0.978276,0.000000,-0.000000,1.000000,-0.000000,0.000000,0.978277,0.000000,0.207305,0.000000,0.026396,0.000000,0.000000,1.000000;;
         }

         Frame Bip01_L_Hand {
          

          FrameTransformMatrix {
           0.997412,0.071511,0.007390,0.000000,-0.071824,0.995661,0.059161,0.000000,-0.003127,-0.059539,0.998221,0.000000,0.025315,0.000000,0.000000,1.000000;;
          }

          Frame Bip01_L_Finger0 {
           

           FrameTransformMatrix {
            0.984808,-0.000138,0.173648,0.000000,-0.000000,1.000000,0.000796,0.000000,-0.173648,-0.000784,0.984808,0.000000,0.013105,0.000000,0.000000,1.000000;;
           }
          }
         }
        }
       }
      }

      Frame Bip01_R_Clavicle {
       

       FrameTransformMatrix {
        0.184484,-0.178894,0.966417,0.000000,-0.979600,0.046255,0.195563,0.000000,-0.079686,-0.982780,-0.166711,0.000000,-0.008118,-0.012740,0.000368,1.000000;;
       }

       Frame Bip01_R_UpperArm {
        

        FrameTransformMatrix {
         0.370097,0.919368,-0.133385,0.000000,-0.204152,-0.059583,-0.977125,0.000000,-0.906284,0.388862,0.165639,0.000000,0.030142,0.000000,0.000000,1.000000;;
        }

        Frame Bip01_R_Forearm {
         

         FrameTransformMatrix {
          0.094185,-0.000000,-0.995555,0.000000,-0.000000,1.000000,0.000000,0.000000,0.995555,0.000000,0.094185,0.000000,0.026396,-0.000000,0.000000,1.000000;;
         }

         Frame Bip01_R_Hand {
          

          FrameTransformMatrix {
           0.248305,-0.011458,0.968614,0.000000,0.089681,0.995908,-0.011209,0.000000,-0.964522,0.089650,0.248317,0.000000,0.025315,0.000000,0.000000,1.000000;;
          }

          Frame Bip01_R_Finger0 {
           

           FrameTransformMatrix {
            0.996386,0.000068,0.084948,0.000000,-0.000000,1.000000,-0.000796,0.000000,-0.084948,0.000793,0.996385,0.000000,0.013105,0.000000,-0.000000,1.000000;;
           }
          }
         }
        }
       }
      }
     }
    }

    Frame Bip01_Tail {
     

     FrameTransformMatrix {
      -0.826116,-0.090713,-0.556151,0.000000,-0.047333,0.994640,-0.091925,0.000000,0.561509,-0.049616,-0.825982,0.000000,-0.020470,-0.000892,-0.011709,1.000000;;
     }
    }

    Frame Bip01_Belly {
     

     FrameTransformMatrix {
      -0.000108,0.504485,0.863420,0.000000,-0.000405,0.863420,-0.504485,0.000000,-1.000000,-0.000404,0.000111,0.000000,0.038197,0.000000,0.022874,1.000000;;
     }
    }
   }
  }
 }
}

Frame Translation_Data {
 

 FrameTransformMatrix {
  -0.000000,0.000000,-1.000000,0.000000,-1.000000,-0.000000,0.000000,0.000000,-0.000000,1.000000,0.000000,0.000000,0.000000,0.000000,0.000000,1.000000;;
 }
}

Frame Piglet {
 

 FrameTransformMatrix {
  1.000000,0.000000,0.000000,0.000000,0.000000,1.000000,0.000000,0.000000,0.000000,0.000000,1.000000,0.000000,0.000000,0.000000,-0.000000,1.000000;;
 }

 Mesh Piglet {
  492;
  -0.000000;0.079573;-0.142569;,
  -0.005442;0.089249;-0.144927;,
  0.000000;0.091124;-0.145496;,
  -0.008793;0.085178;-0.143936;,
  -0.009453;0.080244;-0.142642;,
  -0.013473;0.106722;0.027869;,
  0.000000;0.110759;-0.005202;,
  -0.014636;0.106986;-0.005202;,
  0.000000;0.112673;0.030350;,
  -0.024914;0.089920;0.026932;,
  -0.027244;0.089228;-0.005202;,
  -0.024798;0.066718;0.021722;,
  -0.030269;0.068048;-0.005034;,
  -0.029225;0.066531;0.032441;,
  -0.010985;0.102058;0.052367;,
  0.000000;0.107343;0.052367;,
  -0.022995;0.088087;0.052130;,
  -0.025986;0.067914;0.052786;,
  -0.009287;0.093699;0.066313;,
  -0.000000;0.097680;0.066313;,
  -0.016085;0.082823;0.066313;,
  -0.017004;0.067763;0.068050;,
  -0.000000;0.083774;0.070120;,
  -0.013188;-0.000065;0.060434;,
  -0.006877;0.000041;0.051444;,
  -0.008296;0.000030;0.061078;,
  -0.017709;-0.000065;0.055907;,
  -0.012150;0.000071;0.047730;,
  -0.018033;0.000020;0.050807;,
  0.000000;0.078573;-0.140428;,
  -0.008060;0.076338;-0.139205;,
  -0.008118;0.079207;-0.139649;,
  -0.004553;0.073313;-0.138674;,
  -0.022560;0.054346;0.021467;,
  -0.027879;0.054602;-0.005039;,
  -0.027430;0.052499;0.036806;,
  -0.024290;0.054233;0.052808;,
  -0.014262;0.054384;0.063569;,
  -0.000000;0.063907;0.068390;,
  -0.000000;0.054954;0.064372;,
  0.000000;0.048570;-0.018340;,
  -0.016401;0.050115;0.006633;,
  -0.019323;0.050344;-0.018310;,
  -0.000000;0.048650;0.007129;,
  -0.020490;0.032141;0.053713;,
  -0.020764;0.029301;0.047686;,
  -0.013365;0.034136;0.061189;,
  -0.004500;0.034020;0.062211;,
  -0.004104;0.029553;0.048768;,
  -0.000000;0.052118;0.035577;,
  -0.013324;0.051251;0.035188;,
  -0.004104;0.029553;0.048768;,
  -0.012233;0.027185;0.044683;,
  -0.000000;0.052118;0.035577;,
  -0.000000;0.049606;0.020560;,
  -0.014648;0.050968;0.020893;,
  -0.019435;0.027933;0.055143;,
  -0.020285;0.027193;0.048366;,
  -0.013448;0.028337;0.061194;,
  -0.006159;0.028012;0.062197;,
  -0.004685;0.027278;0.049438;,
  -0.004685;0.027278;0.049438;,
  -0.018102;0.012945;0.056949;,
  -0.018463;0.012325;0.052920;,
  -0.013514;0.013318;0.061297;,
  -0.008088;0.013073;0.061918;,
  -0.007112;0.012440;0.053694;,
  -0.012451;0.012506;0.050092;,
  -0.007112;0.012440;0.053694;,
  -0.018129;0.011803;0.057367;,
  -0.013549;0.011132;0.061722;,
  -0.008177;0.011421;0.062288;,
  -0.017709;-0.000065;0.055907;,
  -0.018033;0.000020;0.050807;,
  -0.013188;-0.000065;0.060434;,
  -0.008296;0.000030;0.061078;,
  -0.006877;0.000041;0.051444;,
  -0.012150;0.000071;0.047730;,
  -0.006877;0.000041;0.051444;,
  -0.013288;0.106845;-0.035696;,
  0.000000;0.110618;-0.035696;,
  -0.026099;0.090863;-0.035696;,
  -0.029203;0.072754;-0.035696;,
  -0.026751;0.058212;-0.035704;,
  -0.018323;0.051615;-0.035677;,
  0.000000;0.049719;-0.035689;,
  -0.012381;0.109412;-0.058907;,
  0.000000;0.112914;-0.056690;,
  -0.024281;0.094192;-0.058228;,
  -0.027282;0.078297;-0.056356;,
  -0.025932;0.063379;-0.054370;,
  -0.022825;0.054838;-0.054618;,
  -0.008568;0.050870;-0.056472;,
  0.000000;0.051154;-0.054625;,
  -0.011979;0.110935;-0.069411;,
  0.000000;0.114698;-0.068225;,
  -0.024326;0.096147;-0.071151;,
  -0.028992;0.078475;-0.072508;,
  -0.029364;0.065077;-0.071514;,
  -0.028840;0.063945;-0.055656;,
  -0.027566;0.053291;-0.069622;,
  -0.026773;0.053757;-0.055961;,
  -0.015919;-0.000108;-0.064043;,
  -0.010866;-0.000063;-0.069601;,
  -0.011974;0.000006;-0.064751;,
  -0.020801;-0.000064;-0.069841;,
  -0.019948;0.000021;-0.064845;,
  -0.011184;0.110555;-0.080911;,
  0.000000;0.114239;-0.079978;,
  -0.022550;0.096165;-0.083536;,
  -0.025965;0.078661;-0.085506;,
  -0.026961;0.064996;-0.084255;,
  -0.025056;0.052732;-0.079969;,
  -0.015568;0.000019;-0.075614;,
  -0.011903;0.000076;-0.074334;,
  -0.019915;0.000081;-0.074650;,
  -0.018957;0.052434;-0.054676;,
  -0.005422;0.049378;-0.068956;,
  -0.000000;0.050667;-0.068995;,
  -0.000000;0.050667;-0.068995;,
  -0.008132;0.050531;-0.078001;,
  -0.000000;0.052032;-0.080442;,
  -0.005422;0.049378;-0.068956;,
  -0.016224;0.052373;-0.080991;,
  -0.021077;0.025687;-0.060443;,
  -0.021821;0.025684;-0.066359;,
  -0.016468;0.025724;-0.059366;,
  -0.011791;0.025626;-0.060292;,
  -0.010087;0.025629;-0.065958;,
  -0.011310;0.025282;-0.071244;,
  -0.010087;0.025629;-0.065958;,
  -0.015505;0.025596;-0.072818;,
  -0.020457;0.025333;-0.071644;,
  -0.020830;0.022418;-0.060580;,
  -0.021618;0.023987;-0.066357;,
  -0.016440;0.022199;-0.059536;,
  -0.012121;0.022363;-0.060421;,
  -0.010309;0.023855;-0.065970;,
  -0.010309;0.023855;-0.065970;,
  -0.019556;0.011677;-0.062919;,
  -0.020444;0.012122;-0.067609;,
  -0.016161;0.011558;-0.062024;,
  -0.012306;0.011643;-0.062824;,
  -0.011231;0.012085;-0.067391;,
  -0.012234;0.012666;-0.071702;,
  -0.011231;0.012085;-0.067391;,
  -0.015581;0.012841;-0.073007;,
  -0.019545;0.012664;-0.071996;,
  -0.019948;0.000021;-0.064845;,
  -0.020506;0.011229;-0.067703;,
  -0.020801;-0.000064;-0.069841;,
  -0.019644;0.009724;-0.063186;,
  -0.015919;-0.000108;-0.064043;,
  -0.016160;0.009534;-0.062317;,
  -0.012240;0.009708;-0.063110;,
  -0.011974;0.000006;-0.064751;,
  -0.011142;0.011209;-0.067514;,
  -0.010866;-0.000063;-0.069601;,
  -0.011142;0.011209;-0.067514;,
  -0.015568;0.000019;-0.075614;,
  -0.011903;0.000076;-0.074334;,
  -0.019915;0.000081;-0.074650;,
  -0.010866;-0.000063;-0.069601;,
  0.000000;0.072370;-0.138592;,
  -0.013670;0.067158;-0.106671;,
  -0.022266;0.073085;-0.101514;,
  -0.022937;0.074700;-0.105972;,
  -0.013866;0.066388;-0.099724;,
  0.000000;0.062795;-0.098606;,
  0.000000;0.065395;-0.106841;,
  0.000000;0.116580;-0.103127;,
  -0.011083;0.112271;-0.103605;,
  -0.018133;0.099287;-0.104898;,
  -0.023128;0.083146;-0.105257;,
  -0.011051;0.069011;-0.122906;,
  -0.015518;0.075805;-0.123488;,
  0.000000;0.067655;-0.122798;,
  -0.006905;0.098487;-0.123240;,
  0.000000;0.100877;-0.123186;,
  -0.012969;0.091754;-0.123383;,
  -0.015627;0.083182;-0.124097;,
  -0.005400;0.090733;-0.139237;,
  -0.000000;0.092668;-0.139387;,
  -0.008758;0.086552;-0.138923;,
  -0.010408;0.080937;-0.138639;,
  -0.022691;0.069149;-0.091924;,
  -0.015238;0.062833;-0.093018;,
  0.000000;0.061100;-0.093064;,
  -0.010408;0.080937;-0.138639;,
  -0.000000;0.079573;-0.142569;,
  -0.000000;0.080992;-0.138631;,
  -0.009453;0.080244;-0.142642;,
  -0.000000;0.092668;-0.139387;,
  -0.005442;0.089249;-0.144927;,
  -0.005400;0.090733;-0.139237;,
  0.000000;0.091124;-0.145496;,
  -0.015627;0.083182;-0.124097;,
  0.000000;0.078573;-0.140428;,
  -0.008118;0.079207;-0.139649;,
  0.000000;0.083185;-0.123704;,
  0.000000;0.083185;-0.123704;,
  -0.015627;0.083182;-0.124097;,
  -0.022554;0.064222;-0.089692;,
  -0.024965;0.105441;-0.105243;,
  -0.017576;0.114732;-0.100301;,
  -0.019871;0.112667;-0.107255;,
  -0.022270;0.108640;-0.098806;,
  -0.011454;0.119228;-0.102013;,
  -0.012440;0.117703;-0.108957;,
  -0.007289;0.114499;-0.108636;,
  -0.006970;0.117295;-0.100362;,
  -0.012989;0.111636;-0.097792;,
  -0.019249;0.105275;-0.096721;,
  -0.021509;0.100579;-0.104420;,
  -0.014899;0.101292;-0.096383;,
  -0.016138;0.096830;-0.102341;,
  -0.009317;0.107654;-0.096506;,
  -0.002970;0.112572;-0.099076;,
  -0.002673;0.109381;-0.106557;,
  -0.007289;0.114499;-0.108636;,
  -0.010324;0.104373;-0.104449;,
  -0.016503;0.108828;-0.106528;,
  -0.002673;0.109381;-0.106557;,
  -0.016138;0.096830;-0.102341;,
  -0.021509;0.100579;-0.104420;,
  -0.023033;0.097211;-0.121787;,
  -0.019637;0.101676;-0.132477;,
  -0.011684;0.107312;-0.129570;,
  -0.011684;0.107312;-0.129570;,
  -0.019637;0.101676;-0.132477;,
  -0.023033;0.097211;-0.121787;,
  0.005448;0.089249;-0.144927;,
  0.008793;0.085178;-0.143936;,
  0.009453;0.080243;-0.142642;,
  0.013473;0.106722;0.027869;,
  0.014636;0.106986;-0.005202;,
  0.024914;0.089920;0.026932;,
  0.027244;0.089228;-0.005202;,
  0.024798;0.066718;0.021722;,
  0.030269;0.068048;-0.005034;,
  0.029225;0.066531;0.032441;,
  0.010985;0.102058;0.052367;,
  0.022995;0.088087;0.052130;,
  0.025986;0.067914;0.052786;,
  0.009287;0.093699;0.066313;,
  0.016085;0.082823;0.066313;,
  0.017004;0.067763;0.068050;,
  -0.000000;0.083774;0.070120;,
  0.006877;0.000041;0.051444;,
  0.013188;-0.000065;0.060434;,
  0.008296;0.000030;0.061078;,
  0.017709;-0.000065;0.055908;,
  0.012150;0.000071;0.047730;,
  0.018033;0.000019;0.050807;,
  0.000000;0.078573;-0.140428;,
  0.008060;0.076338;-0.139205;,
  0.004553;0.073313;-0.138674;,
  0.008118;0.079207;-0.139649;,
  0.022560;0.054346;0.021467;,
  0.027879;0.054602;-0.005039;,
  0.027430;0.052499;0.036806;,
  0.024290;0.054233;0.052808;,
  0.014262;0.054384;0.063569;,
  -0.000000;0.063907;0.068390;,
  -0.000000;0.054954;0.064372;,
  0.000000;0.048570;-0.018340;,
  0.016401;0.050115;0.006633;,
  -0.000000;0.048650;0.007129;,
  0.019323;0.050344;-0.018310;,
  0.019379;0.032357;0.053158;,
  0.020764;0.029301;0.047686;,
  0.012801;0.034319;0.060077;,
  0.004500;0.034020;0.062211;,
  0.004104;0.029553;0.048768;,
  -0.000000;0.052118;0.035577;,
  0.013324;0.051251;0.035188;,
  0.004104;0.029553;0.048768;,
  -0.000000;0.052118;0.035577;,
  0.012233;0.027185;0.044683;,
  -0.000000;0.049606;0.020560;,
  0.014648;0.050968;0.020893;,
  0.019435;0.027933;0.055143;,
  0.020285;0.027193;0.048366;,
  0.013448;0.028337;0.061194;,
  0.006158;0.028012;0.062197;,
  0.004685;0.027278;0.049438;,
  0.004685;0.027278;0.049438;,
  0.018101;0.012945;0.056949;,
  0.018463;0.012325;0.052920;,
  0.013513;0.013318;0.061297;,
  0.008088;0.013073;0.061918;,
  0.007112;0.012440;0.053694;,
  0.012451;0.012506;0.050092;,
  0.007112;0.012440;0.053694;,
  0.018128;0.011803;0.057367;,
  0.013549;0.011132;0.061722;,
  0.008177;0.011421;0.062288;,
  0.017709;-0.000065;0.055908;,
  0.018033;0.000019;0.050807;,
  0.013188;-0.000065;0.060434;,
  0.008296;0.000030;0.061078;,
  0.006877;0.000041;0.051444;,
  0.012150;0.000071;0.047730;,
  0.006877;0.000041;0.051444;,
  0.013288;0.106845;-0.035696;,
  0.026099;0.090863;-0.035696;,
  0.029203;0.072754;-0.035696;,
  0.026751;0.058212;-0.035704;,
  0.018323;0.051615;-0.035677;,
  0.000000;0.049719;-0.035689;,
  0.012381;0.109412;-0.058907;,
  0.024281;0.094192;-0.058228;,
  0.027282;0.078297;-0.057294;,
  0.025932;0.063378;-0.054369;,
  0.022825;0.054838;-0.054618;,
  0.000000;0.051154;-0.054625;,
  0.008556;0.050870;-0.056472;,
  0.011979;0.110935;-0.069411;,
  0.024326;0.096147;-0.071151;,
  0.028992;0.078475;-0.072507;,
  0.029364;0.065077;-0.071514;,
  0.028836;0.063965;-0.055643;,
  0.027567;0.053291;-0.069622;,
  0.026773;0.053757;-0.055961;,
  0.010868;-0.000063;-0.069601;,
  0.015922;-0.000108;-0.064043;,
  0.011977;0.000006;-0.064751;,
  0.020803;-0.000064;-0.069841;,
  0.019950;0.000021;-0.064845;,
  0.011184;0.110555;-0.080911;,
  0.022550;0.096165;-0.083536;,
  0.025965;0.078661;-0.085506;,
  0.026961;0.064996;-0.084255;,
  0.025056;0.052732;-0.079968;,
  0.015570;0.000018;-0.075614;,
  0.019917;0.000081;-0.074650;,
  0.011905;0.000076;-0.074334;,
  0.018957;0.052434;-0.054676;,
  0.005411;0.049378;-0.068956;,
  -0.000000;0.050667;-0.068995;,
  -0.000000;0.050667;-0.068995;,
  0.008120;0.050531;-0.078001;,
  0.005411;0.049378;-0.068956;,
  -0.000000;0.052032;-0.080442;,
  0.016225;0.052373;-0.080991;,
  0.021079;0.025687;-0.060443;,
  0.021823;0.025684;-0.066359;,
  0.016470;0.025724;-0.059366;,
  0.011793;0.025625;-0.060292;,
  0.010089;0.025629;-0.065958;,
  0.011313;0.025281;-0.071244;,
  0.010089;0.025629;-0.065958;,
  0.015507;0.025596;-0.072818;,
  0.020459;0.025333;-0.071644;,
  0.020832;0.022418;-0.060580;,
  0.021620;0.023987;-0.066357;,
  0.016442;0.022199;-0.059536;,
  0.012123;0.022363;-0.060421;,
  0.010311;0.023855;-0.065970;,
  0.010311;0.023855;-0.065970;,
  0.019559;0.011677;-0.062919;,
  0.020446;0.012122;-0.067609;,
  0.016163;0.011558;-0.062024;,
  0.012308;0.011643;-0.062824;,
  0.011233;0.012085;-0.067391;,
  0.012236;0.012666;-0.071702;,
  0.011233;0.012085;-0.067391;,
  0.015583;0.012841;-0.073007;,
  0.019547;0.012664;-0.071996;,
  0.019950;0.000021;-0.064845;,
  0.020508;0.011229;-0.067703;,
  0.019646;0.009724;-0.063186;,
  0.020803;-0.000064;-0.069841;,
  0.015922;-0.000108;-0.064043;,
  0.016162;0.009534;-0.062317;,
  0.012242;0.009708;-0.063110;,
  0.011977;0.000006;-0.064751;,
  0.011144;0.011209;-0.067513;,
  0.010868;-0.000063;-0.069601;,
  0.011144;0.011209;-0.067513;,
  0.015570;0.000018;-0.075614;,
  0.011905;0.000076;-0.074334;,
  0.019917;0.000081;-0.074650;,
  0.010868;-0.000063;-0.069601;,
  0.000000;0.072370;-0.138592;,
  0.013670;0.067158;-0.106670;,
  0.022266;0.073085;-0.101514;,
  0.013867;0.066388;-0.099724;,
  0.022937;0.074700;-0.105972;,
  0.000000;0.062795;-0.098606;,
  0.000000;0.065395;-0.106841;,
  0.011083;0.112271;-0.103605;,
  0.018133;0.099287;-0.104898;,
  0.023128;0.083146;-0.105257;,
  0.011051;0.069010;-0.122906;,
  0.015518;0.075805;-0.123488;,
  0.000000;0.067655;-0.122798;,
  0.006905;0.098487;-0.123240;,
  0.012969;0.091754;-0.123383;,
  0.015627;0.083182;-0.124097;,
  0.005406;0.090733;-0.139237;,
  0.008758;0.086552;-0.138923;,
  0.010408;0.080937;-0.138639;,
  0.022692;0.069149;-0.091924;,
  0.015238;0.062833;-0.093018;,
  0.000000;0.061100;-0.093064;,
  0.010408;0.080937;-0.138639;,
  0.009453;0.080243;-0.142642;,
  0.005448;0.089249;-0.144927;,
  0.005406;0.090733;-0.139237;,
  0.015627;0.083182;-0.124097;,
  0.008118;0.079207;-0.139649;,
  0.015627;0.083182;-0.124097;,
  0.022554;0.064222;-0.089692;,
  0.024965;0.105441;-0.105243;,
  0.017576;0.114732;-0.100301;,
  0.022270;0.108640;-0.098806;,
  0.019871;0.112667;-0.107255;,
  0.011454;0.119228;-0.102013;,
  0.012440;0.117703;-0.108957;,
  0.007289;0.114499;-0.108636;,
  0.006970;0.117295;-0.100362;,
  0.012989;0.111636;-0.097792;,
  0.019249;0.105275;-0.096721;,
  0.021509;0.100578;-0.104420;,
  0.014899;0.101292;-0.096383;,
  0.016138;0.096830;-0.102341;,
  0.009317;0.107654;-0.096506;,
  0.002970;0.112572;-0.099076;,
  0.002673;0.109381;-0.106557;,
  0.007289;0.114499;-0.108636;,
  0.010324;0.104373;-0.104449;,
  0.002673;0.109381;-0.106557;,
  0.016503;0.108828;-0.106528;,
  0.016138;0.096830;-0.102341;,
  0.021509;0.100578;-0.104420;,
  0.023033;0.097211;-0.121787;,
  0.019637;0.101676;-0.132477;,
  0.011684;0.107312;-0.129570;,
  0.011684;0.107312;-0.129570;,
  0.019637;0.101676;-0.132477;,
  0.023033;0.097211;-0.121787;,
  0.003457;0.104298;0.053950;,
  0.000928;0.108265;0.064458;,
  -0.000746;0.102859;0.056605;,
  0.004392;0.109874;0.061633;,
  -0.002549;0.109814;0.061597;,
  -0.003616;0.105168;0.052513;,
  0.000950;0.113066;0.057941;,
  0.000571;0.107092;0.050666;,
  0.000571;0.107092;0.050666;,
  0.000950;0.113066;0.057941;,
  0.000174;0.117344;0.064317;,
  0.003550;0.117005;0.062097;,
  -0.002213;0.115562;0.061470;,
  0.001414;0.115458;0.058846;,
  0.001414;0.115458;0.058846;,
  -0.002151;0.122605;0.057425;,
  0.000978;0.121337;0.057403;,
  -0.003751;0.119683;0.057913;,
  -0.000060;0.117970;0.057680;,
  -0.000060;0.117970;0.057680;,
  -0.003371;0.115153;0.051641;,
  -0.001484;0.114561;0.053848;,
  -0.005709;0.115345;0.053364;,
  -0.003865;0.115722;0.055948;,
  -0.003865;0.115722;0.055948;,
  -0.006720;0.104863;0.062343;,
  -0.002673;0.109381;-0.106557;,
  -0.009317;0.107654;-0.096506;,
  -0.010324;0.104373;-0.104449;,
  -0.009317;0.107654;-0.096506;,
  -0.002673;0.109381;-0.106557;,
  -0.002970;0.112572;-0.099076;,
  -0.010324;0.104373;-0.104449;,
  -0.014899;0.101292;-0.096383;,
  -0.016138;0.096830;-0.102341;,
  -0.014899;0.101292;-0.096383;,
  -0.010324;0.104373;-0.104449;,
  -0.009317;0.107654;-0.096506;,
  0.009317;0.107654;-0.096506;,
  0.002673;0.109381;-0.106557;,
  0.010324;0.104373;-0.104449;,
  0.002673;0.109381;-0.106557;,
  0.009317;0.107654;-0.096506;,
  0.002970;0.112572;-0.099076;,
  0.014899;0.101292;-0.096383;,
  0.010324;0.104373;-0.104449;,
  0.016138;0.096830;-0.102341;,
  0.010324;0.104373;-0.104449;,
  0.014899;0.101292;-0.096383;,
  0.009317;0.107654;-0.096506;;
  704;
  3;0,1,2;,
  3;0,3,1;,
  3;0,4,3;,
  3;5,6,7;,
  3;6,5,8;,
  3;9,7,10;,
  3;7,9,5;,
  3;11,10,12;,
  3;10,11,9;,
  3;9,11,13;,
  3;14,8,5;,
  3;8,14,15;,
  3;16,5,9;,
  3;5,16,14;,
  3;17,9,13;,
  3;9,17,16;,
  3;18,15,14;,
  3;15,18,19;,
  3;18,16,20;,
  3;16,18,14;,
  3;20,17,21;,
  3;17,20,16;,
  3;22,19,18;,
  3;22,18,20;,
  3;22,20,21;,
  3;23,24,25;,
  3;26,24,23;,
  3;26,27,24;,
  3;28,27,26;,
  3;29,30,31;,
  3;30,29,32;,
  3;12,33,11;,
  3;33,12,34;,
  3;35,11,33;,
  3;11,35,13;,
  3;13,36,17;,
  3;36,13,35;,
  3;36,21,17;,
  3;21,36,37;,
  3;37,38,21;,
  3;38,37,39;,
  3;40,41,42;,
  3;41,40,43;,
  3;34,42,41;,
  3;35,44,36;,
  3;44,35,45;,
  3;36,46,37;,
  3;46,36,44;,
  3;47,37,46;,
  3;37,47,39;,
  3;39,48,49;,
  3;48,39,47;,
  3;50,51,52;,
  3;51,50,53;,
  3;35,52,45;,
  3;52,35,50;,
  3;50,54,53;,
  3;54,50,55;,
  3;35,55,50;,
  3;55,35,33;,
  3;45,56,44;,
  3;56,45,57;,
  3;44,58,46;,
  3;58,44,56;,
  3;46,59,47;,
  3;59,46,58;,
  3;47,60,48;,
  3;60,47,59;,
  3;51,61,52;,
  3;52,57,45;,
  3;57,62,56;,
  3;62,57,63;,
  3;56,64,58;,
  3;64,56,62;,
  3;58,65,59;,
  3;65,58,64;,
  3;59,66,60;,
  3;66,59,65;,
  3;61,67,52;,
  3;67,61,68;,
  3;52,63,57;,
  3;63,52,67;,
  3;63,69,62;,
  3;62,70,64;,
  3;70,62,69;,
  3;64,71,65;,
  3;71,64,70;,
  3;65,71,66;,
  3;63,72,69;,
  3;72,63,73;,
  3;69,74,70;,
  3;74,69,72;,
  3;70,75,71;,
  3;75,70,74;,
  3;71,76,66;,
  3;76,71,75;,
  3;68,77,67;,
  3;77,68,78;,
  3;67,73,63;,
  3;73,67,77;,
  3;6,79,7;,
  3;79,6,80;,
  3;7,81,10;,
  3;81,7,79;,
  3;10,82,12;,
  3;82,10,81;,
  3;12,83,34;,
  3;83,12,82;,
  3;34,84,42;,
  3;84,34,83;,
  3;42,85,40;,
  3;85,42,84;,
  3;80,86,79;,
  3;86,80,87;,
  3;79,88,81;,
  3;88,79,86;,
  3;81,89,82;,
  3;89,81,88;,
  3;82,90,83;,
  3;90,82,89;,
  3;83,91,84;,
  3;91,83,90;,
  3;85,92,93;,
  3;87,94,86;,
  3;94,87,95;,
  3;86,96,88;,
  3;96,86,94;,
  3;88,97,89;,
  3;97,88,96;,
  3;89,98,99;,
  3;98,89,97;,
  3;99,100,101;,
  3;100,99,98;,
  3;102,103,104;,
  3;102,105,103;,
  3;106,105,102;,
  3;95,107,94;,
  3;107,95,108;,
  3;94,109,96;,
  3;109,94,107;,
  3;96,110,97;,
  3;110,96,109;,
  3;97,111,98;,
  3;111,97,110;,
  3;98,112,100;,
  3;112,98,111;,
  3;103,113,114;,
  3;105,113,103;,
  3;105,115,113;,
  3;89,99,90;,
  3;90,101,91;,
  3;101,90,99;,
  3;91,101,116;,
  3;93,117,118;,
  3;117,93,92;,
  3;119,120,121;,
  3;120,119,122;,
  3;123,121,120;,
  3;100,124,101;,
  3;124,100,125;,
  3;101,126,116;,
  3;126,101,124;,
  3;116,127,92;,
  3;127,116,126;,
  3;92,128,117;,
  3;128,92,127;,
  3;122,129,120;,
  3;129,122,130;,
  3;120,131,123;,
  3;131,120,129;,
  3;123,132,112;,
  3;132,123,131;,
  3;112,125,100;,
  3;125,112,132;,
  3;125,133,124;,
  3;133,125,134;,
  3;124,135,126;,
  3;135,124,133;,
  3;126,136,127;,
  3;136,126,135;,
  3;127,137,128;,
  3;137,127,136;,
  3;130,138,129;,
  3;132,134,125;,
  3;134,139,133;,
  3;139,134,140;,
  3;133,141,135;,
  3;141,133,139;,
  3;135,142,136;,
  3;142,135,141;,
  3;136,143,137;,
  3;143,136,142;,
  3;138,144,129;,
  3;144,138,145;,
  3;129,146,131;,
  3;146,129,144;,
  3;131,147,132;,
  3;147,131,146;,
  3;132,140,134;,
  3;140,132,147;,
  3;148,149,150;,
  3;149,148,151;,
  3;152,151,148;,
  3;151,152,153;,
  3;154,152,155;,
  3;152,154,153;,
  3;156,155,157;,
  3;155,156,154;,
  3;145,158,144;,
  3;144,159,146;,
  3;159,144,160;,
  3;146,161,147;,
  3;161,146,159;,
  3;147,150,149;,
  3;150,147,161;,
  3;147,149,140;,
  3;140,151,139;,
  3;151,140,149;,
  3;139,153,141;,
  3;153,139,151;,
  3;153,142,141;,
  3;142,153,154;,
  3;154,143,142;,
  3;143,154,156;,
  3;160,158,162;,
  3;158,160,144;,
  3;163,32,29;,
  3;164,165,166;,
  3;165,164,167;,
  3;168,164,169;,
  3;164,168,167;,
  3;170,107,108;,
  3;107,170,171;,
  3;171,109,107;,
  3;109,171,172;,
  3;165,173,166;,
  3;166,174,164;,
  3;174,166,175;,
  3;164,176,169;,
  3;176,164,174;,
  3;170,177,171;,
  3;177,170,178;,
  3;171,179,172;,
  3;179,171,177;,
  3;172,180,173;,
  3;180,172,179;,
  3;173,175,166;,
  3;175,173,180;,
  3;175,32,174;,
  3;32,175,30;,
  3;174,163,176;,
  3;163,174,32;,
  3;178,181,177;,
  3;181,178,182;,
  3;177,183,179;,
  3;183,177,181;,
  3;179,184,180;,
  3;184,179,183;,
  3;180,30,175;,
  3;30,180,31;,
  3;172,110,109;,
  3;110,172,173;,
  3;173,185,110;,
  3;185,173,165;,
  3;165,186,185;,
  3;186,165,167;,
  3;168,186,167;,
  3;186,168,187;,
  3;188,189,190;,
  3;189,188,191;,
  3;192,193,194;,
  3;193,192,195;,
  3;194,3,183;,
  3;3,194,193;,
  3;183,4,184;,
  3;4,183,3;,
  3;41,33,34;,
  3;33,41,55;,
  3;55,43,54;,
  3;43,55,41;,
  3;21,38,22;,
  3;92,91,116;,
  3;92,84,91;,
  3;84,92,85;,
  3;196,197,198;,
  3;197,196,199;,
  3;200,188,190;,
  3;188,200,201;,
  3;111,202,112;,
  3;112,186,123;,
  3;186,112,202;,
  3;202,185,186;,
  3;111,185,202;,
  3;185,111,110;,
  3;203,204,205;,
  3;204,203,206;,
  3;205,207,208;,
  3;207,205,204;,
  3;209,207,210;,
  3;207,209,208;,
  3;207,211,210;,
  3;211,207,204;,
  3;211,206,212;,
  3;206,211,204;,
  3;212,203,213;,
  3;203,212,206;,
  3;213,214,212;,
  3;214,213,215;,
  3;212,216,211;,
  3;216,212,214;,
  3;216,210,211;,
  3;210,216,217;,
  3;210,218,209;,
  3;218,210,217;,
  3;219,220,221;,
  3;220,219,222;,
  3;221,223,224;,
  3;223,221,220;,
  3;225,221,224;,
  3;221,225,226;,
  3;226,219,221;,
  3;219,226,227;,
  3;209,228,208;,
  3;208,229,205;,
  3;229,208,228;,
  3;205,230,203;,
  3;230,205,229;,
  3;203,230,213;,
  3;0,2,231;,
  3;0,231,232;,
  3;0,232,233;,
  3;234,6,8;,
  3;6,234,235;,
  3;236,235,234;,
  3;235,236,237;,
  3;238,237,236;,
  3;237,238,239;,
  3;236,240,238;,
  3;241,8,15;,
  3;8,241,234;,
  3;242,234,241;,
  3;234,242,236;,
  3;243,236,242;,
  3;236,243,240;,
  3;244,15,19;,
  3;15,244,241;,
  3;244,242,241;,
  3;242,244,245;,
  3;245,243,242;,
  3;243,245,246;,
  3;247,244,19;,
  3;247,245,244;,
  3;247,246,245;,
  3;248,249,250;,
  3;248,251,249;,
  3;252,251,248;,
  3;253,251,252;,
  3;254,255,256;,
  3;255,254,257;,
  3;239,258,259;,
  3;258,239,238;,
  3;260,238,240;,
  3;238,260,258;,
  3;240,261,260;,
  3;261,240,243;,
  3;261,246,262;,
  3;246,261,243;,
  3;262,263,264;,
  3;263,262,246;,
  3;265,266,267;,
  3;266,265,268;,
  3;259,266,268;,
  3;260,269,270;,
  3;269,260,261;,
  3;261,271,269;,
  3;271,261,262;,
  3;262,272,271;,
  3;272,262,264;,
  3;264,273,272;,
  3;273,264,274;,
  3;275,276,277;,
  3;276,275,278;,
  3;260,278,275;,
  3;278,260,270;,
  3;275,279,280;,
  3;279,275,277;,
  3;260,280,258;,
  3;280,260,275;,
  3;270,281,282;,
  3;281,270,269;,
  3;269,283,281;,
  3;283,269,271;,
  3;271,284,283;,
  3;284,271,272;,
  3;272,285,284;,
  3;285,272,273;,
  3;276,278,286;,
  3;278,270,282;,
  3;282,287,288;,
  3;287,282,281;,
  3;281,289,287;,
  3;289,281,283;,
  3;283,290,289;,
  3;290,283,284;,
  3;284,291,290;,
  3;291,284,285;,
  3;286,292,293;,
  3;292,286,278;,
  3;278,288,292;,
  3;288,278,282;,
  3;288,287,294;,
  3;287,295,294;,
  3;295,287,289;,
  3;289,296,295;,
  3;296,289,290;,
  3;290,291,296;,
  3;288,297,298;,
  3;297,288,294;,
  3;294,299,297;,
  3;299,294,295;,
  3;295,300,299;,
  3;300,295,296;,
  3;296,301,300;,
  3;301,296,291;,
  3;293,302,303;,
  3;302,293,292;,
  3;292,298,302;,
  3;298,292,288;,
  3;6,304,80;,
  3;304,6,235;,
  3;235,305,304;,
  3;305,235,237;,
  3;237,306,305;,
  3;306,237,239;,
  3;239,307,306;,
  3;307,239,259;,
  3;259,308,307;,
  3;308,259,268;,
  3;268,309,308;,
  3;309,268,265;,
  3;80,310,87;,
  3;310,80,304;,
  3;304,311,310;,
  3;311,304,305;,
  3;305,312,311;,
  3;312,305,306;,
  3;306,313,312;,
  3;313,306,307;,
  3;307,314,313;,
  3;314,307,308;,
  3;309,315,316;,
  3;87,317,95;,
  3;317,87,310;,
  3;310,318,317;,
  3;318,310,311;,
  3;311,319,318;,
  3;319,311,312;,
  3;312,320,319;,
  3;320,312,321;,
  3;321,322,320;,
  3;322,321,323;,
  3;324,325,326;,
  3;327,325,324;,
  3;328,325,327;,
  3;95,329,108;,
  3;329,95,317;,
  3;317,330,329;,
  3;330,317,318;,
  3;318,331,330;,
  3;331,318,319;,
  3;319,332,331;,
  3;332,319,320;,
  3;320,333,332;,
  3;333,320,322;,
  3;327,334,335;,
  3;334,324,336;,
  3;327,324,334;,
  3;312,313,321;,
  3;313,323,321;,
  3;323,313,314;,
  3;314,337,323;,
  3;315,338,316;,
  3;338,315,339;,
  3;340,341,342;,
  3;341,340,343;,
  3;344,341,343;,
  3;322,345,346;,
  3;345,322,323;,
  3;323,347,345;,
  3;347,323,337;,
  3;337,348,347;,
  3;348,337,316;,
  3;316,349,348;,
  3;349,316,338;,
  3;342,350,351;,
  3;350,342,341;,
  3;341,352,350;,
  3;352,341,344;,
  3;344,353,352;,
  3;353,344,333;,
  3;333,346,353;,
  3;346,333,322;,
  3;346,354,355;,
  3;354,346,345;,
  3;345,356,354;,
  3;356,345,347;,
  3;347,357,356;,
  3;357,347,348;,
  3;348,358,357;,
  3;358,348,349;,
  3;351,350,359;,
  3;353,346,355;,
  3;355,360,361;,
  3;360,355,354;,
  3;354,362,360;,
  3;362,354,356;,
  3;356,363,362;,
  3;363,356,357;,
  3;357,364,363;,
  3;364,357,358;,
  3;359,365,366;,
  3;365,359,350;,
  3;350,367,365;,
  3;367,350,352;,
  3;352,368,367;,
  3;368,352,353;,
  3;353,361,368;,
  3;361,353,355;,
  3;369,370,371;,
  3;370,369,372;,
  3;373,371,374;,
  3;371,373,369;,
  3;375,373,374;,
  3;373,375,376;,
  3;377,376,375;,
  3;376,377,378;,
  3;366,365,379;,
  3;365,380,381;,
  3;380,365,367;,
  3;367,382,380;,
  3;382,367,368;,
  3;368,372,382;,
  3;372,368,370;,
  3;368,361,370;,
  3;361,371,370;,
  3;371,361,360;,
  3;360,374,371;,
  3;374,360,362;,
  3;374,363,375;,
  3;363,374,362;,
  3;375,364,377;,
  3;364,375,363;,
  3;381,379,365;,
  3;379,381,383;,
  3;384,254,256;,
  3;385,386,387;,
  3;386,385,388;,
  3;389,385,387;,
  3;385,389,390;,
  3;329,170,108;,
  3;170,329,391;,
  3;330,391,329;,
  3;391,330,392;,
  3;386,388,393;,
  3;388,394,395;,
  3;394,388,385;,
  3;385,396,394;,
  3;396,385,390;,
  3;170,397,178;,
  3;397,170,391;,
  3;391,398,397;,
  3;398,391,392;,
  3;392,399,398;,
  3;399,392,393;,
  3;393,395,399;,
  3;395,393,388;,
  3;395,256,255;,
  3;256,395,394;,
  3;394,384,256;,
  3;384,394,396;,
  3;178,400,182;,
  3;400,178,397;,
  3;397,401,400;,
  3;401,397,398;,
  3;398,402,401;,
  3;402,398,399;,
  3;399,255,257;,
  3;255,399,395;,
  3;331,392,330;,
  3;392,331,393;,
  3;403,393,331;,
  3;393,403,386;,
  3;404,386,403;,
  3;386,404,387;,
  3;404,389,387;,
  3;389,404,405;,
  3;189,406,190;,
  3;406,189,407;,
  3;192,408,195;,
  3;408,192,409;,
  3;409,232,408;,
  3;232,409,401;,
  3;401,233,232;,
  3;233,401,402;,
  3;266,258,280;,
  3;258,266,259;,
  3;280,267,266;,
  3;267,280,279;,
  3;246,247,263;,
  3;316,337,314;,
  3;316,308,309;,
  3;308,316,314;,
  3;410,197,199;,
  3;197,410,411;,
  3;200,406,412;,
  3;406,200,190;,
  3;332,333,413;,
  3;333,404,413;,
  3;404,333,344;,
  3;413,404,403;,
  3;403,332,413;,
  3;332,403,331;,
  3;414,415,416;,
  3;415,414,417;,
  3;417,418,415;,
  3;418,417,419;,
  3;420,418,419;,
  3;418,420,421;,
  3;422,418,421;,
  3;418,422,415;,
  3;422,416,415;,
  3;416,422,423;,
  3;423,414,416;,
  3;414,423,424;,
  3;424,425,426;,
  3;425,424,423;,
  3;423,427,425;,
  3;427,423,422;,
  3;421,427,422;,
  3;427,421,428;,
  3;421,429,428;,
  3;429,421,420;,
  3;430,431,432;,
  3;431,430,433;,
  3;433,434,431;,
  3;434,433,435;,
  3;433,436,435;,
  3;436,433,437;,
  3;438,433,430;,
  3;433,438,437;,
  3;420,419,439;,
  3;419,440,439;,
  3;440,419,417;,
  3;417,441,440;,
  3;441,417,414;,
  3;414,424,441;,
  3;442,443,444;,
  3;443,442,445;,
  3;444,446,447;,
  3;446,444,443;,
  3;447,448,449;,
  3;448,447,446;,
  3;450,445,442;,
  3;445,450,451;,
  3;445,452,443;,
  3;452,445,453;,
  3;443,454,446;,
  3;454,443,452;,
  3;446,455,448;,
  3;455,446,454;,
  3;451,453,445;,
  3;453,451,456;,
  3;453,457,452;,
  3;457,453,458;,
  3;452,459,454;,
  3;459,452,457;,
  3;454,460,455;,
  3;460,454,459;,
  3;456,458,453;,
  3;458,456,461;,
  3;458,462,457;,
  3;462,458,463;,
  3;457,464,459;,
  3;464,457,462;,
  3;459,465,460;,
  3;465,459,464;,
  3;461,463,458;,
  3;463,461,466;,
  3;463,467,462;,
  3;462,467,464;,
  3;464,467,465;,
  3;466,467,463;,
  3;405,344,343;,
  3;344,405,404;,
  3;187,123,186;,
  3;123,187,121;,
  3;468,469,470;,
  3;471,472,473;,
  3;474,475,476;,
  3;477,478,479;,
  3;480,481,482;,
  3;483,484,485;,
  3;486,487,488;,
  3;489,490,491;;

  MeshNormals {
   492;
   -0.000001;-0.245027;-0.969516;,
   -0.009088;-0.241654;-0.970320;,
   -0.000007;-0.245703;-0.969345;,
   -0.698898;0.126970;-0.703861;,
   -0.689538;-0.018606;-0.724011;,
   -0.622206;0.778305;0.084266;,
   0.000000;0.999976;-0.006956;,
   -0.569165;0.822185;0.007864;,
   0.000000;0.994767;0.102174;,
   -0.939553;0.339224;0.046551;,
   -0.936332;0.348122;0.045764;,
   -0.993223;-0.070488;-0.092415;,
   -0.996444;-0.021557;0.081451;,
   -0.992897;-0.013223;-0.118241;,
   -0.565723;0.748703;0.345546;,
   0.000000;0.922698;0.385523;,
   -0.875952;0.378975;0.298474;,
   -0.946321;0.024164;0.322325;,
   -0.428854;0.489205;0.759449;,
   -0.000000;0.630366;0.776298;,
   -0.606720;0.229588;0.761039;,
   -0.520942;-0.105574;0.847038;,
   -0.000001;0.110497;0.993876;,
   0.012299;-0.999920;-0.003115;,
   0.008331;-0.999930;-0.008353;,
   0.019116;-0.999816;0.001672;,
   0.004398;-0.999928;-0.011193;,
   0.003125;-0.999890;-0.014510;,
   0.000068;-0.999862;-0.016587;,
   -0.000000;-0.246733;-0.969084;,
   -0.577310;-0.388152;-0.718367;,
   -0.606333;-0.133478;-0.783929;,
   -0.283569;-0.660605;-0.695118;,
   -0.760960;-0.643196;-0.085080;,
   -0.804136;-0.592273;0.050767;,
   -0.878809;-0.430223;-0.206407;,
   -0.896196;-0.150384;0.417394;,
   -0.412136;-0.255581;0.874541;,
   -0.000001;-0.252476;0.967603;,
   -0.000001;-0.343057;0.939315;,
   -0.000000;-0.999489;-0.031963;,
