xof 0303txt 0032
template ColorRGBA {
 <35ff44e0-6c7c-11cf-8f52-0040333594a3>
 FLOAT red;
 FLOAT green;
 FLOAT blue;
 FLOAT alpha;
}

template ColorRGB {
 <d3e16e81-7835-11cf-8f52-0040333594a3>
 FLOAT red;
 FLOAT green;
 FLOAT blue;
}

template Material {
 <3d82ab4d-62da-11cf-ab39-0020af71e433>
 ColorRGBA faceColor;
 FLOAT power;
 ColorRGB specularColor;
 ColorRGB emissiveColor;
 [...]
}

template TextureFilename {
 <a42790e1-7810-11cf-8f52-0040333594a3>
 STRING filename;
}

template Frame {
 <3d82ab46-62da-11cf-ab39-0020af71e433>
 [...]
}

template Matrix4x4 {
 <f6f23f45-7686-11cf-8f52-0040333594a3>
 array FLOAT matrix[16];
}

template FrameTransformMatrix {
 <f6f23f41-7686-11cf-8f52-0040333594a3>
 Matrix4x4 frameMatrix;
}

template Vector {
 <3d82ab5e-62da-11cf-ab39-0020af71e433>
 FLOAT x;
 FLOAT y;
 FLOAT z;
}

template MeshFace {
 <3d82ab5f-62da-11cf-ab39-0020af71e433>
 DWORD nFaceVertexIndices;
 array DWORD faceVertexIndices[nFaceVertexIndices];
}

template Mesh {
 <3d82ab44-62da-11cf-ab39-0020af71e433>
 DWORD nVertices;
 array Vector vertices[nVertices];
 DWORD nFaces;
 array MeshFace faces[nFaces];
 [...]
}

template MeshNormals {
 <f6f23f43-7686-11cf-8f52-0040333594a3>
 DWORD nNormals;
 array Vector normals[nNormals];
 DWORD nFaceNormals;
 array MeshFace faceNormals[nFaceNormals];
}

template MeshMaterialList {
 <f6f23f42-7686-11cf-8f52-0040333594a3>
 DWORD nMaterials;
 DWORD nFaceIndexes;
 array DWORD faceIndexes[nFaceIndexes];
 [Material <3d82ab4d-62da-11cf-ab39-0020af71e433>]
}

template Coords2d {
 <f6f23f44-7686-11cf-8f52-0040333594a3>
 FLOAT u;
 FLOAT v;
}

template MeshTextureCoords {
 <f6f23f40-7686-11cf-8f52-0040333594a3>
 DWORD nTextureCoords;
 array Coords2d textureCoords[nTextureCoords];
}

template XSkinMeshHeader {
 <3cf169ce-ff7c-44ab-93c0-f78f62d172e2>
 WORD nMaxSkinWeightsPerVertex;
 WORD nMaxSkinWeightsPerFace;
 WORD nBones;
}

template SkinWeights {
 <6f0d123b-bad2-4167-a0d0-80224f25fabb>
 STRING transformNodeName;
 DWORD nWeights;
 array DWORD vertexIndices[nWeights];
 array FLOAT weights[nWeights];
 Matrix4x4 matrixOffset;
}

template AnimTicksPerSecond {
 <9e415a43-7ba6-4a73-8743-b73d47e88476>
 DWORD AnimTicksPerSecond;
}

template Animation {
 <3d82ab4f-62da-11cf-ab39-0020af71e433>
 [...]
}

template AnimationSet {
 <3d82ab50-62da-11cf-ab39-0020af71e433>
 [Animation <3d82ab4f-62da-11cf-ab39-0020af71e433>]
}

template FloatKeys {
 <10dd46a9-775b-11cf-8f52-0040333594a3>
 DWORD nValues;
 array FLOAT values[nValues];
}

template TimedFloatKeys {
 <f406b180-7b3b-11cf-8f52-0040333594a3>
 DWORD time;
 FloatKeys tfkeys;
}

template AnimationKey {
 <10dd46a8-775b-11cf-8f52-0040333594a3>
 DWORD keyType;
 DWORD nKeys;
 array TimedFloatKeys keys[nKeys];
}


Material _14_-_Default {
 1.000000;1.000000;1.000000;1.000000;;
 9.999999;
 0.000000;0.000000;0.000000;;
 0.000000;0.000000;0.000000;;

 TextureFilename {
  "Cow01.png";
 }
}

Frame Dummy01 {
 

 FrameTransformMatrix {
  1.000000,0.000000,0.000000,0.000000,0.000000,-0.000000,-1.000000,0.000000,0.000000,1.000000,-0.000000,0.000000,0.000000,0.000000,0.000000,1.000000;;
 }

 Frame Bip01 {
  

  FrameTransformMatrix {
   0.000000,0.235668,-0.971834,0.000000,0.000002,0.971834,0.235668,0.000000,1.000000,-0.000002,-0.000000,0.000000,0.000000,-0.159470,0.372435,1.000000;;
  }

  Frame Bip01_Pelvis {
   

   FrameTransformMatrix {
    0.000000,1.000000,-0.000001,0.000000,-0.000001,0.000001,1.000000,0.000000,1.000000,0.000000,0.000001,0.000000,0.000000,0.000000,0.000000,1.000000;;
   }

   Frame Bip01_Spine {
    

    FrameTransformMatrix {
     0.965720,0.000001,0.259588,0.000000,-0.000002,1.000000,0.000004,0.000000,-0.259588,-0.000004,0.965720,0.000000,0.068725,0.000000,-0.000079,1.000000;;
    }

    Frame Bip01_Spine1 {
     

     FrameTransformMatrix {
      0.999327,-0.036548,0.003143,0.000000,0.036548,0.999332,0.000287,0.000000,-0.003151,-0.000172,0.999995,0.000000,0.102464,0.000000,-0.000190,1.000000;;
     }

     Frame Bip01_Neck {
      

      FrameTransformMatrix {
       0.947762,-0.025424,-0.317963,0.000000,0.010507,0.998766,-0.048542,0.000000,0.318804,0.042666,0.946860,0.000000,0.243084,-0.000002,0.042608,1.000000;;
      }

      Frame Bip01_Neck1 {
       

       FrameTransformMatrix {
        0.836566,-0.120273,-0.534502,0.000000,0.104798,0.992720,-0.059359,0.000000,0.537750,-0.006357,0.843080,0.000000,0.060802,0.000000,-0.000034,1.000000;;
       }

       Frame Bip01_Head {
        

        FrameTransformMatrix {
         0.934159,0.130129,-0.332284,0.000000,-0.068766,0.979334,0.190203,0.000000,0.350168,-0.154830,0.923802,0.000000,0.050301,-0.000000,-0.000000,1.000000;;
        }

        Frame Bip01_Jaw {
         

         FrameTransformMatrix {
          -0.020081,-0.149319,0.988585,0.000000,0.103304,0.983183,0.150602,0.000000,-0.994447,0.105149,-0.004319,0.000000,-0.015742,-0.000010,0.007562,1.000000;;
         }
        }

        Frame Bip01_RightEar {
         

         FrameTransformMatrix {
          0.259413,-0.913452,0.313545,0.000000,0.962224,0.272244,-0.002974,0.000000,-0.082644,0.302472,0.949569,0.000000,0.047416,-0.050036,-0.023610,1.000000;;
         }
        }

        Frame Bip01_LeftEar {
         

         FrameTransformMatrix {
          0.301407,0.951073,-0.067923,0.000000,-0.953199,0.302326,0.003432,0.000000,0.023799,0.063710,0.997685,0.000000,0.047412,0.050020,-0.023613,1.000000;;
         }
        }
       }
      }

      Frame Bip01_L_Clavicle {
       

       FrameTransformMatrix {
        0.256951,0.159547,0.953164,0.000000,0.965198,-0.092029,-0.244791,0.000000,0.048663,0.982891,-0.177641,0.000000,-0.034352,0.046888,-0.053308,1.000000;;
       }

       Frame Bip01_L_UpperArm {
        

        FrameTransformMatrix {
         0.014516,-0.987878,-0.154551,0.000000,-0.028093,-0.154909,0.987529,0.000000,-0.999500,-0.009993,-0.030001,0.000000,0.107572,0.000000,0.000000,1.000000;;
        }

        Frame Bip01_L_Forearm {
         

         FrameTransformMatrix {
          0.341486,0.000000,-0.939887,0.000000,0.000000,1.000000,0.000000,0.000000,0.939887,0.000000,0.341486,0.000000,0.094570,0.000000,0.000000,1.000000;;
         }

         Frame Bip01_L_Hand {
          

          FrameTransformMatrix {
           0.993568,-0.071189,0.088064,0.000000,0.073513,0.997019,-0.023436,0.000000,-0.086134,0.029759,0.995839,0.000000,0.074065,0.000000,0.000000,1.000000;;
          }

          Frame Bip01_L_Finger0 {
           

           FrameTransformMatrix {
            0.986929,0.000128,-0.161160,0.000000,-0.000000,1.000000,0.000796,0.000000,0.161160,-0.000786,0.986928,0.000000,0.140906,0.000000,0.000000,1.000000;;
           }
          }
         }
        }
       }
      }

      Frame Bip01_R_Clavicle {
       

       FrameTransformMatrix {
        -0.004209,-0.261851,0.965099,0.000000,-0.995180,-0.093464,-0.029698,0.000000,0.097978,-0.960572,-0.260195,0.000000,-0.032043,-0.043855,-0.057184,1.000000;;
       }

       Frame Bip01_R_UpperArm {
        

        FrameTransformMatrix {
         0.209311,0.957631,0.197815,0.000000,-0.176017,0.235889,-0.955706,0.000000,-0.961877,0.165221,0.217934,0.000000,0.107572,-0.000000,-0.000000,1.000000;;
        }

        Frame Bip01_R_Forearm {
         

         FrameTransformMatrix {
          0.255607,0.000000,-0.966781,0.000000,-0.000000,1.000000,0.000000,0.000000,0.966781,0.000000,0.255607,0.000000,0.094570,0.000000,0.000000,1.000000;;
         }

         Frame Bip01_R_Hand {
          

          FrameTransformMatrix {
           0.990721,-0.074304,0.113804,0.000000,0.098689,0.969008,-0.226459,0.000000,-0.093451,0.235588,0.967350,0.000000,0.074065,-0.000000,0.000000,1.000000;;
          }

          Frame Bip01_R_Finger0 {
           

           FrameTransformMatrix {
            0.974716,-0.000178,-0.223450,0.000000,0.000000,1.000000,-0.000796,0.000000,0.223450,0.000776,0.974715,0.000000,0.140906,0.000000,0.000000,1.000000;;
           }
          }
         }
        }
       }
      }
     }
    }

    Frame Bip01_L_Thigh {
     

     FrameTransformMatrix {
      0.450053,0.082812,0.889154,0.000000,-0.044958,-0.992327,0.115177,0.000000,0.891869,-0.091811,-0.442877,0.000000,-0.066349,0.053296,0.017916,1.000000;;
     }

     Frame Bip01_L_Calf {
      

      FrameTransformMatrix {
       0.383368,0.000000,-0.923596,0.000000,0.000000,1.000000,-0.000000,0.000000,0.923596,0.000000,0.383368,0.000000,0.117702,-0.000000,0.000000,1.000000;;
      }

      Frame Bip01_L_Foot {
       

       FrameTransformMatrix {
        0.853114,0.047550,-0.519554,0.000000,-0.041319,0.998868,0.023571,0.000000,0.520086,0.001358,0.854112,0.000000,0.100136,0.000000,-0.000000,1.000000;;
       }

       Frame Bip01_L_Toe0 {
        

        FrameTransformMatrix {
         -0.035618,0.093420,0.994990,0.000000,-0.030787,0.995046,-0.094527,0.000000,-0.998891,-0.034000,-0.032566,0.000000,0.013386,0.000000,0.162073,1.000000;;
        }
       }
      }
     }
    }

    Frame Bip01_R_Thigh {
     

     FrameTransformMatrix {
      -0.026114,-0.096600,0.994981,0.000000,0.013658,-0.995262,-0.096269,0.000000,0.999566,0.011075,0.027309,0.000000,-0.066349,-0.053295,0.017916,1.000000;;
     }

     Frame Bip01_R_Calf {
      

      FrameTransformMatrix {
       0.665871,0.000000,-0.746067,0.000000,0.000000,1.000000,0.000000,0.000000,0.746067,0.000000,0.665871,0.000000,0.117702,0.000000,0.000000,1.000000;;
      }

      Frame Bip01_R_Foot {
       

       FrameTransformMatrix {
        0.727525,-0.014177,-0.685935,0.000000,-0.028878,0.998268,-0.051261,0.000000,0.685473,0.057102,0.725855,0.000000,0.100136,0.000000,-0.000000,1.000000;;
       }

       Frame Bip01_R_Toe0 {
        

        FrameTransformMatrix {
         -0.376109,-0.144387,0.915257,0.000000,-0.005678,0.988125,0.153549,0.000000,-0.926558,0.052554,-0.372462,0.000000,0.013386,-0.000000,0.162074,1.000000;;
        }
       }
      }
     }
    }

    Frame Bip01_Tail {
     

     FrameTransformMatrix {
      -0.448794,0.131381,0.883925,0.000000,0.059381,0.991332,-0.117196,0.000000,-0.891660,-0.000109,-0.452705,0.000000,-0.150698,-0.000000,-0.050692,1.000000;;
     }

     Frame Bip01_Tail1 {
      

      FrameTransformMatrix {
       0.900955,0.259215,-0.347978,0.000000,-0.239956,0.965807,0.098174,0.000000,0.361527,-0.004951,0.932349,0.000000,0.083785,0.000000,-0.000075,1.000000;;
      }

      Frame Bip01_Tail2 {
       

       FrameTransformMatrix {
        0.930922,0.327740,-0.161154,0.000000,-0.331361,0.943493,0.004645,0.000000,0.153570,0.049076,0.986918,0.000000,0.100420,-0.000002,-0.000049,1.000000;;
       }
      }
     }
    }
   }

   Frame Bip01_Udder {
    

    FrameTransformMatrix {
     -0.326822,-0.000002,0.945086,0.000000,-0.000004,1.000000,0.000000,0.000000,-0.945086,-0.000004,-0.326822,0.000000,-0.018644,-0.000000,0.128621,1.000000;;
    }
   }
  }
 }
}

Frame Translation_Data {
 

 FrameTransformMatrix {
  -0.000000,0.000000,-1.000000,0.000000,-1.000000,-0.000000,0.000000,0.000000,-0.000000,1.000000,0.000000,0.000000,0.000000,0.000000,0.000000,1.000000;;
 }
}

Frame CowCalf {
 

 FrameTransformMatrix {
  1.000000,0.000000,0.000000,0.000000,0.000000,1.000000,0.000000,0.000000,0.000000,0.000000,1.000000,0.000000,0.000000,0.000000,0.000000,1.000000;;
 }

 Mesh CowCalf {
  598;
  -0.062672;0.000554;0.173370;,
  -0.032847;0.000284;0.199702;,
  -0.071085;0.000364;0.199575;,
  -0.035023;0.000566;0.173802;,
  -0.000000;0.292707;0.130639;,
  -0.020127;0.297949;0.167434;,
  -0.035078;0.280076;0.123292;,
  0.000000;0.296522;0.166373;,
  -0.037033;0.000267;0.222759;,
  -0.062994;0.000214;0.216392;,
  0.000000;0.296522;0.166373;,
  -0.029854;0.291074;0.215303;,
  -0.020127;0.297949;0.167434;,
  -0.000000;0.302121;0.220061;,
  -0.065940;0.477883;0.066255;,
  -0.028635;0.504201;0.123620;,
  -0.034010;0.499812;0.065988;,
  -0.073410;0.483845;0.123343;,
  0.000000;0.510999;0.123406;,
  0.000000;0.503378;0.065378;,
  -0.029205;0.490161;0.190302;,
  -0.052947;0.478057;0.182816;,
  0.000000;0.495278;0.189605;,
  -0.015371;0.395057;-0.441658;,
  -0.000050;0.406045;-0.446658;,
  -0.005601;0.393051;-0.441776;,
  -0.024709;0.406104;-0.446505;,
  -0.000050;0.392929;-0.442335;,
  -0.027458;0.408618;-0.447966;,
  -0.031061;0.423742;-0.451945;,
  -0.011721;0.408096;-0.449300;,
  -0.029446;0.435306;-0.454641;,
  -0.014935;0.444139;-0.457634;,
  -0.000057;0.408174;-0.449209;,
  -0.000060;0.446090;-0.457921;,
  -0.025968;0.325279;0.231900;,
  0.000000;0.328619;0.230289;,
  -0.076006;0.323913;0.216433;,
  -0.074337;0.289756;0.205562;,
  -0.020977;0.386571;0.239541;,
  0.000000;0.396562;0.236227;,
  -0.073512;0.387547;0.224262;,
  -0.024206;0.456894;0.230437;,
  0.000000;0.447956;0.228143;,
  -0.061006;0.452587;0.209063;,
  -0.094661;0.324753;0.161727;,
  -0.089795;0.289625;0.169412;,
  -0.088142;0.323809;0.100095;,
  -0.075045;0.280165;0.122756;,
  -0.094585;0.387238;0.148451;,
  -0.085139;0.386888;0.079899;,
  -0.086468;0.451031;0.133414;,
  -0.078515;0.450810;0.066868;,
  -0.074388;0.206466;0.189812;,
  -0.065423;0.190089;0.167320;,
  -0.065867;0.218497;0.220052;,
  -0.035547;0.218637;0.228977;,
  -0.029089;0.206470;0.190348;,
  -0.031441;0.190137;0.168123;,
  -0.029089;0.206470;0.190348;,
  -0.076075;0.190987;0.196255;,
  -0.064023;0.190212;0.218937;,
  -0.037786;0.190295;0.228223;,
  -0.028091;0.190809;0.196004;,
  -0.028091;0.190809;0.196004;,
  -0.060467;0.052482;0.188344;,
  -0.067295;0.055259;0.206132;,
  -0.059903;0.057543;0.219715;,
  -0.042031;0.058512;0.225243;,
  -0.034976;0.055244;0.205989;,
  -0.037542;0.052496;0.188982;,
  -0.034976;0.055244;0.205989;,
  -0.061013;0.037688;0.183563;,
  -0.070354;0.033368;0.206140;,
  -0.068008;0.038936;0.205867;,
  -0.063090;0.029314;0.223811;,
  -0.060235;0.041494;0.223762;,
  -0.038715;0.027325;0.230527;,
  -0.042059;0.042376;0.231006;,
  -0.032745;0.033329;0.205869;,
  -0.034916;0.038854;0.205821;,
  -0.034916;0.038854;0.205821;,
  -0.032745;0.033329;0.205869;,
  -0.038392;0.037605;0.184379;,
  -0.071085;0.000364;0.199575;,
  -0.062672;0.000554;0.173370;,
  -0.062994;0.000214;0.216392;,
  -0.037033;0.000267;0.222759;,
  -0.032847;0.000284;0.199702;,
  -0.035023;0.000566;0.173802;,
  -0.032847;0.000284;0.199702;,
  -0.062478;0.304943;0.090842;,
  -0.038405;0.298561;0.092952;,
  -0.079568;0.332978;0.078776;,
  -0.088142;0.323809;0.100095;,
  -0.058103;0.311569;0.068158;,
  -0.036564;0.303893;0.063947;,
  -0.000000;0.296717;0.058954;,
  -0.000000;0.298284;0.093690;,
  -0.036402;0.484383;0.000313;,
  0.000000;0.487532;-0.001555;,
  -0.067578;0.469149;0.003761;,
  -0.081436;0.440978;0.006762;,
  -0.091947;0.385142;0.010731;,
  -0.088390;0.336251;0.010734;,
  -0.071090;0.308860;0.006489;,
  -0.040433;0.297128;0.003353;,
  -0.000000;0.290818;-0.001093;,
  -0.000000;0.296717;0.058954;,
  -0.038315;0.476671;-0.064464;,
  0.000000;0.481094;-0.064319;,
  -0.071847;0.461470;-0.064666;,
  -0.086175;0.434528;-0.064543;,
  -0.097044;0.380498;-0.064603;,
  -0.093271;0.333602;-0.064205;,
  -0.082910;0.296853;-0.064249;,
  -0.046132;0.286518;-0.063452;,
  -0.000000;0.279822;-0.063242;,
  -0.030458;0.479622;-0.139248;,
  0.000000;0.483118;-0.138502;,
  -0.063349;0.462229;-0.144183;,
  -0.078875;0.434500;-0.147147;,
  -0.095690;0.377148;-0.149939;,
  -0.088118;0.328450;-0.136403;,
  -0.082465;0.286845;-0.124853;,
  -0.047692;0.279508;-0.113178;,
  -0.000000;0.272772;-0.108583;,
  -0.088826;0.327795;-0.142302;,
  -0.078915;0.285888;-0.141708;,
  -0.038798;0.253209;-0.143912;,
  -0.021181;0.260239;-0.147027;,
  -0.022409;0.480948;-0.193500;,
  0.000000;0.484818;-0.192924;,
  -0.047161;0.461030;-0.197174;,
  -0.063674;0.434255;-0.198315;,
  -0.082182;0.385122;-0.198115;,
  -0.089054;0.330896;-0.195086;,
  -0.091591;0.326240;-0.144705;,
  -0.079350;0.275812;-0.190650;,
  -0.082447;0.280852;-0.145146;,
  -0.075430;0.245115;-0.183657;,
  -0.067157;0.251200;-0.146670;,
  -0.019793;0.250483;-0.180323;,
  -0.032378;0.239628;-0.179315;,
  -0.019918;0.483117;-0.217752;,
  0.000000;0.487120;-0.216423;,
  -0.040624;0.463626;-0.224642;,
  -0.056472;0.430245;-0.231101;,
  -0.068341;0.383121;-0.239508;,
  -0.074724;0.328222;-0.237769;,
  -0.069381;0.273656;-0.232882;,
  -0.067031;0.241052;-0.216423;,
  -0.032378;0.239628;-0.179315;,
  -0.017807;0.248089;-0.216588;,
  -0.019793;0.250483;-0.180323;,
  -0.036591;0.238706;-0.222715;,
  -0.015544;0.495444;-0.250533;,
  0.000001;0.499386;-0.248448;,
  -0.032284;0.476978;-0.260182;,
  -0.045196;0.440700;-0.270451;,
  -0.051028;0.400364;-0.279976;,
  -0.063336;0.326324;-0.254192;,
  -0.041999;0.359098;-0.285987;,
  -0.027805;0.298658;-0.271401;,
  -0.000000;0.265075;-0.256592;,
  -0.030701;0.260191;-0.249756;,
  -0.009540;0.372452;-0.316105;,
  -0.030441;0.332347;-0.283118;,
  -0.031297;0.387062;-0.316352;,
  -0.000000;0.341263;-0.291601;,
  -0.000050;0.369297;-0.315121;,
  -0.017483;0.515085;-0.281305;,
  -0.000050;0.519652;-0.279339;,
  -0.044681;0.493901;-0.294527;,
  -0.052492;0.456831;-0.312036;,
  -0.051941;0.419943;-0.316133;,
  -0.014057;0.395667;-0.347986;,
  -0.029955;0.405572;-0.345764;,
  -0.000050;0.392132;-0.348486;,
  -0.028172;0.536876;-0.320806;,
  -0.000050;0.541378;-0.319161;,
  -0.048808;0.511332;-0.321447;,
  -0.054530;0.468522;-0.340164;,
  -0.046834;0.417773;-0.344196;,
  -0.012625;0.405318;-0.372277;,
  -0.023949;0.412862;-0.371495;,
  -0.000050;0.399114;-0.374869;,
  -0.024011;0.524663;-0.370304;,
  -0.000051;0.528415;-0.368877;,
  -0.049907;0.506318;-0.365162;,
  -0.044363;0.482600;-0.364285;,
  -0.040655;0.424576;-0.371043;,
  -0.009627;0.403433;-0.396159;,
  -0.018818;0.407714;-0.397829;,
  0.000028;0.399641;-0.395434;,
  -0.013194;0.476317;-0.405161;,
  0.000407;0.479878;-0.405219;,
  -0.023145;0.470332;-0.404548;,
  -0.033559;0.456421;-0.402145;,
  -0.031020;0.420503;-0.401430;,
  -0.034735;0.429224;-0.440107;,
  -0.028270;0.445552;-0.445689;,
  -0.027559;0.411951;-0.434160;,
  -0.088826;0.327795;-0.142302;,
  -0.078915;0.285888;-0.141708;,
  -0.040487;0.000318;-0.158242;,
  -0.070309;0.000301;-0.180333;,
  -0.028167;0.000341;-0.174418;,
  -0.060744;0.000309;-0.160670;,
  -0.067446;0.000491;-0.210120;,
  -0.032687;0.000490;-0.211551;,
  -0.054459;0.278122;-0.244535;,
  -0.028781;0.179039;-0.176911;,
  -0.037981;0.183356;-0.151655;,
  -0.028781;0.179039;-0.176911;,
  -0.035476;0.168010;-0.208082;,
  -0.062474;0.167818;-0.202952;,
  -0.072557;0.176791;-0.178537;,
  -0.063384;0.181116;-0.153306;,
  -0.026650;0.169370;-0.174291;,
  -0.036917;0.164777;-0.153062;,
  -0.026650;0.169370;-0.174291;,
  -0.073771;0.166929;-0.176511;,
  -0.064051;0.164312;-0.155039;,
  -0.033636;0.150595;-0.173447;,
  -0.040789;0.149886;-0.159200;,
  -0.038833;0.149217;-0.195578;,
  -0.033636;0.150595;-0.173447;,
  -0.060334;0.149876;-0.192483;,
  -0.066676;0.150416;-0.175264;,
  -0.059906;0.150006;-0.160378;,
  -0.000000;0.246054;-0.218045;,
  -0.000000;0.246774;-0.177379;,
  -0.000000;0.257990;-0.148209;,
  -0.000000;0.246774;-0.177379;,
  -0.040372;0.036893;-0.160449;,
  -0.031206;0.027239;-0.174076;,
  -0.033603;0.034601;-0.174652;,
  -0.039835;0.024172;-0.157993;,
  -0.033603;0.034601;-0.174652;,
  -0.031206;0.027239;-0.174076;,
  -0.038938;0.031612;-0.197459;,
  -0.062046;0.031181;-0.194109;,
  -0.068722;0.026199;-0.178475;,
  -0.066560;0.031858;-0.177732;,
  -0.061124;0.023617;-0.159733;,
  -0.060463;0.036017;-0.161726;,
  -0.028167;0.000341;-0.174418;,
  -0.040487;0.000318;-0.158242;,
  -0.032687;0.000490;-0.211551;,
  -0.028167;0.000341;-0.174418;,
  -0.067446;0.000491;-0.210120;,
  -0.070309;0.000301;-0.180333;,
  -0.060744;0.000309;-0.160670;,
  -0.000000;0.310241;-0.283367;,
  0.000000;0.480244;0.234120;,
  -0.013655;0.475466;0.232778;,
  -0.017250;0.454453;0.232016;,
  -0.013655;0.475466;0.232778;,
  0.000000;0.460816;0.250370;,
  0.000000;0.480244;0.234120;,
  -0.013168;0.452340;0.238129;,
  0.000000;0.447956;0.228143;,
  -0.017250;0.454453;0.232016;,
  -0.000000;0.446271;0.221518;,
  0.000000;0.398549;0.262451;,
  -0.013377;0.398429;0.248359;,
  -0.000000;0.398235;0.234471;,
  0.000000;0.297314;0.262083;,
  -0.011408;0.300975;0.248512;,
  -0.000000;0.297245;0.235421;,
  -0.013904;0.294885;0.248520;,
  -0.007444;0.246108;0.249585;,
  -0.000000;0.230724;0.249131;,
  -0.007444;0.246108;0.249585;,
  -0.000000;0.230724;0.249131;,
  -0.042357;0.473563;-0.304523;,
  -0.045360;0.497827;-0.300660;,
  -0.052892;0.480209;-0.304015;,
  -0.033741;0.493709;-0.298214;,
  -0.072564;0.505144;-0.296317;,
  -0.075632;0.479300;-0.300476;,
  -0.118190;0.516744;-0.313191;,
  -0.114852;0.495497;-0.310653;,
  -0.044720;0.512897;-0.310443;,
  -0.029469;0.513222;-0.314116;,
  -0.064770;0.530168;-0.307111;,
  -0.104987;0.528974;-0.318431;,
  -0.045951;0.471315;-0.322052;,
  -0.055189;0.494296;-0.324333;,
  -0.043770;0.490196;-0.330931;,
  -0.056921;0.480115;-0.322084;,
  -0.056921;0.480115;-0.322084;,
  -0.081793;0.477810;-0.315854;,
  -0.055189;0.494296;-0.324333;,
  -0.118190;0.516744;-0.313191;,
  -0.114852;0.495497;-0.310653;,
  -0.051550;0.507151;-0.327696;,
  -0.035905;0.510080;-0.330713;,
  -0.070673;0.525373;-0.326032;,
  -0.051550;0.507151;-0.327696;,
  -0.104987;0.528974;-0.318431;,
  -0.081793;0.477810;-0.315854;,
  -0.070673;0.525373;-0.326032;,
  0.062672;0.000554;0.173370;,
  0.032847;0.000284;0.199702;,
  0.035023;0.000566;0.173802;,
  0.071085;0.000364;0.199575;,
  0.020127;0.297949;0.167434;,
  -0.000000;0.292707;0.130639;,
  0.035078;0.280076;0.123292;,
  0.000000;0.296522;0.166373;,
  0.037033;0.000267;0.222759;,
  0.062994;0.000214;0.216392;,
  0.029854;0.291074;0.215303;,
  0.000000;0.296522;0.166373;,
  0.020127;0.297949;0.167434;,
  -0.000000;0.302121;0.220061;,
  0.065940;0.477883;0.066255;,
  0.028635;0.504201;0.123620;,
  0.073410;0.483845;0.123343;,
  0.034010;0.499812;0.065988;,
  0.029205;0.490160;0.190302;,
  0.052947;0.478057;0.182816;,
  0.015249;0.395059;-0.441687;,
  -0.000050;0.406045;-0.446658;,
  0.024568;0.406099;-0.446550;,
  0.005502;0.393051;-0.441776;,
  -0.000050;0.392929;-0.442335;,
  0.027343;0.408618;-0.447966;,
  0.011607;0.408096;-0.449299;,
  0.030946;0.423742;-0.451945;,
  0.029331;0.435306;-0.454641;,
  0.014807;0.444125;-0.457645;,
  0.025968;0.325279;0.231900;,
  0.000000;0.328619;0.230289;,
  0.076006;0.323913;0.216433;,
  0.074337;0.289756;0.205562;,
  0.020977;0.386571;0.239541;,
  0.000000;0.396562;0.236227;,
  0.073512;0.387547;0.224262;,
  0.024206;0.456894;0.230437;,
  0.000000;0.447956;0.228143;,
  0.061006;0.452587;0.209063;,
  0.094661;0.324753;0.161727;,
  0.089795;0.289625;0.169412;,
  0.088142;0.323809;0.100095;,
  0.075045;0.280165;0.122756;,
  0.094585;0.387238;0.148451;,
  0.085139;0.386888;0.079899;,
  0.086468;0.451031;0.133414;,
  0.078515;0.450810;0.066868;,
  0.075253;0.206466;0.189812;,
  0.065423;0.190089;0.167320;,
  0.066413;0.218497;0.220052;,
  0.034962;0.218637;0.228977;,
  0.028263;0.206470;0.190348;,
  0.031441;0.190137;0.168123;,
  0.028263;0.206470;0.190348;,
  0.076075;0.190987;0.196255;,
  0.064023;0.190212;0.218937;,
  0.037786;0.190295;0.228223;,
  0.028091;0.190809;0.196004;,
  0.028091;0.190809;0.196004;,
  0.060662;0.052482;0.188344;,
  0.067496;0.055259;0.206132;,
  0.060098;0.057543;0.219715;,
  0.042211;0.058512;0.225242;,
  0.035151;0.055244;0.205989;,
  0.037719;0.052496;0.188982;,
  0.035151;0.055244;0.205989;,
  0.060630;0.037688;0.183563;,
  0.067383;0.038936;0.205867;,
  0.070354;0.033368;0.206140;,
  0.063090;0.029314;0.223811;,
  0.059879;0.041494;0.223762;,
  0.038715;0.027325;0.230527;,
  0.042333;0.042376;0.231006;,
  0.032745;0.033329;0.205869;,
  0.035437;0.038854;0.205821;,
  0.035437;0.038854;0.205821;,
  0.037839;0.037605;0.184379;,
  0.032745;0.033329;0.205869;,
  0.071085;0.000364;0.199575;,
  0.062672;0.000554;0.173370;,
  0.062994;0.000214;0.216392;,
  0.037033;0.000267;0.222759;,
  0.032847;0.000284;0.199702;,
  0.035023;0.000566;0.173802;,
  0.032847;0.000284;0.199702;,
  0.062478;0.304943;0.090842;,
  0.038405;0.298561;0.092952;,
  0.088142;0.323809;0.100095;,
  0.079568;0.332978;0.078776;,
  0.058103;0.311569;0.068158;,
  0.036564;0.303893;0.063947;,
  -0.000000;0.298284;0.093690;,
  -0.000000;0.296717;0.058954;,
  0.036402;0.484383;0.000313;,
  0.067578;0.469149;0.003761;,
  0.081436;0.440978;0.006762;,
  0.091947;0.385142;0.010731;,
  0.088390;0.336251;0.010734;,
  0.071090;0.308860;0.006489;,
  0.040433;0.297128;0.003353;,
  -0.000000;0.290818;-0.001093;,
  -0.000000;0.296717;0.058954;,
  0.038315;0.476671;-0.064464;,
  0.071847;0.461470;-0.064666;,
  0.086175;0.434528;-0.064543;,
  0.097044;0.380498;-0.064603;,
  0.093271;0.333602;-0.064205;,
  0.082910;0.296853;-0.064249;,
  0.046132;0.286518;-0.063452;,
  -0.000000;0.279822;-0.063242;,
  0.030458;0.479622;-0.139248;,
  0.063349;0.462229;-0.144183;,
  0.078875;0.434500;-0.147147;,
  0.095690;0.377148;-0.149939;,
  0.088118;0.328450;-0.136403;,
  0.082465;0.286845;-0.124853;,
  0.047692;0.279508;-0.113178;,
  -0.000000;0.272772;-0.108583;,
  0.088826;0.327795;-0.142302;,
  0.078915;0.285888;-0.141707;,
  0.041230;0.253209;-0.143912;,
  0.023613;0.260239;-0.147027;,
  0.022409;0.480948;-0.193499;,
  0.047161;0.461030;-0.197174;,
  0.063674;0.434255;-0.198315;,
  0.082182;0.385122;-0.198115;,
  0.089054;0.330896;-0.195086;,
  0.091591;0.326240;-0.144705;,
  0.079350;0.275812;-0.190650;,
  0.082447;0.280852;-0.145146;,
  0.075430;0.245115;-0.183657;,
  0.067157;0.251200;-0.146670;,
  0.019793;0.250483;-0.180323;,
  0.032378;0.239628;-0.179315;,
  0.019918;0.483117;-0.217752;,
  0.040624;0.463626;-0.224642;,
  0.056472;0.430245;-0.231101;,
  0.068341;0.383121;-0.239508;,
  0.074724;0.328222;-0.237769;,
  0.069381;0.273656;-0.232882;,
  0.067031;0.241052;-0.216423;,
  0.032378;0.239628;-0.179315;,
  0.017807;0.248089;-0.216588;,
  0.036591;0.238706;-0.222715;,
  0.019793;0.250483;-0.180323;,
  0.015545;0.495446;-0.250537;,
  0.032285;0.476980;-0.260188;,
  0.045196;0.440701;-0.270458;,
  0.051027;0.400365;-0.279982;,
  0.063336;0.326324;-0.254192;,
  0.041995;0.359098;-0.285993;,
  0.027805;0.298658;-0.271401;,
  0.030701;0.260191;-0.249756;,
  -0.000000;0.265075;-0.256592;,
  0.009440;0.372453;-0.316106;,
  0.031195;0.387063;-0.316356;,
  0.030440;0.332347;-0.283118;,
  -0.000000;0.341263;-0.291601;,
  -0.000050;0.369297;-0.315121;,
  0.017383;0.515088;-0.281308;,
  0.044582;0.493905;-0.294532;,
  0.052393;0.456833;-0.312042;,
  0.051839;0.419943;-0.316139;,
  0.013957;0.395667;-0.347986;,
  0.029856;0.405572;-0.345764;,
  -0.000050;0.392132;-0.348486;,
  0.028073;0.536876;-0.320806;,
  0.048709;0.511332;-0.321447;,
  0.054431;0.468522;-0.340164;,
  0.046735;0.417773;-0.344196;,
  0.012526;0.405318;-0.372277;,
  0.023861;0.412842;-0.371405;,
  -0.000050;0.399114;-0.374869;,
  0.023912;0.524667;-0.370299;,
  0.049810;0.506329;-0.365143;,
  0.044278;0.482595;-0.364226;,
  0.040572;0.424552;-0.370962;,
  0.009563;0.403375;-0.396141;,
  0.019519;0.407645;-0.397797;,
  0.000028;0.399641;-0.395434;,
  0.014002;0.476313;-0.405157;,
  0.023950;0.470316;-0.404548;,
  0.034351;0.456408;-0.402181;,
  0.031968;0.420786;-0.401194;,
  0.034616;0.429204;-0.440180;,
  0.028006;0.445583;-0.445796;,
  0.027739;0.411741;-0.434155;,
  0.088826;0.327795;-0.142302;,
  0.078915;0.285888;-0.141707;,
  0.040487;0.000318;-0.158242;,
  0.070309;0.000301;-0.180333;,
  0.060744;0.000309;-0.160670;,
  0.028167;0.000341;-0.174418;,
  0.067446;0.000491;-0.210120;,
  0.032686;0.000490;-0.211551;,
  0.054459;0.278122;-0.244535;,
  0.028781;0.179039;-0.176911;,
  0.037981;0.183356;-0.151655;,
  0.028781;0.179039;-0.176911;,
  0.035482;0.168057;-0.208104;,
  0.062478;0.167870;-0.202968;,
  0.072557;0.176791;-0.178537;,
  0.063384;0.181116;-0.153306;,
  0.027173;0.169488;-0.174280;,
  0.037232;0.164851;-0.153035;,
  0.027173;0.169488;-0.174280;,
  0.073269;0.167069;-0.176501;,
  0.063739;0.164394;-0.155011;,
  0.033254;0.150702;-0.173376;,
  0.040583;0.149961;-0.159032;,
  0.038486;0.149303;-0.195740;,
  0.033254;0.150702;-0.173376;,
  0.060491;0.149925;-0.192696;,
  0.067107;0.150545;-0.175240;,
  0.060113;0.150087;-0.160200;,
  -0.000000;0.246054;-0.218045;,
  -0.000000;0.246774;-0.177379;,
  -0.000000;0.257990;-0.148209;,
  -0.000000;0.246774;-0.177379;,
  0.040597;0.036873;-0.160445;,
  0.031206;0.027239;-0.174077;,
  0.039835;0.024172;-0.157993;,
  0.033973;0.034567;-0.174640;,
  0.033973;0.034567;-0.174640;,
  0.039189;0.031596;-0.197465;,
  0.031206;0.027239;-0.174077;,
  0.061790;0.031166;-0.194112;,
  0.066201;0.031824;-0.177719;,
  0.068722;0.026199;-0.178476;,
  0.061124;0.023617;-0.159733;,
  0.060233;0.035994;-0.161719;,
  0.028167;0.000341;-0.174418;,
  0.040487;0.000318;-0.158242;,
  0.032686;0.000490;-0.211551;,
  0.028167;0.000341;-0.174418;,
  0.067446;0.000491;-0.210120;,
  0.070309;0.000301;-0.180333;,
  0.060744;0.000309;-0.160670;,
  -0.000000;0.310241;-0.283367;,
  0.013655;0.475466;0.232778;,
  0.017250;0.454453;0.232016;,
  0.013655;0.475466;0.232778;,
  0.013168;0.452340;0.238129;,
  0.000000;0.447956;0.228143;,
  0.017250;0.454453;0.232016;,
  -0.000000;0.446271;0.221518;,
  0.013377;0.398429;0.248359;,
  -0.000000;0.398235;0.234471;,
  0.011408;0.300975;0.248512;,
  -0.000000;0.297245;0.235421;,
  0.013904;0.294885;0.248520;,
  0.008127;0.246108;0.249585;,
  0.008127;0.246108;0.249585;,
  0.042258;0.473563;-0.304523;,
  0.045289;0.497827;-0.300660;,
  0.033670;0.493709;-0.298214;,
  0.052793;0.480209;-0.304015;,
  0.072465;0.505144;-0.296317;,
  0.075533;0.479300;-0.300476;,
  0.118091;0.516744;-0.313191;,
  0.114753;0.495496;-0.310653;,
  0.044621;0.512897;-0.310442;,
  0.029370;0.513222;-0.314116;,
  0.064671;0.530168;-0.307111;,
  0.104887;0.528974;-0.318431;,
  0.045852;0.471315;-0.322052;,
  0.055089;0.494296;-0.324333;,
  0.056822;0.480115;-0.322084;,
  0.038420;0.490196;-0.330931;,
  0.056822;0.480115;-0.322084;,
  0.055089;0.494296;-0.324333;,
  0.081694;0.477809;-0.315853;,
  0.118091;0.516744;-0.313191;,
  0.114753;0.495496;-0.310653;,
  0.051451;0.507151;-0.327696;,
  0.035805;0.510080;-0.330713;,
  0.051451;0.507151;-0.327696;,
  0.070573;0.525372;-0.326032;,
  0.104887;0.528974;-0.318431;,
  0.081694;0.477809;-0.315853;,
  0.070573;0.525372;-0.326032;,
  -0.024709;0.406104;-0.446505;,
  0.024568;0.406099;-0.446550;,
  -0.000050;0.406045;-0.446658;,
  -0.031020;0.420503;-0.401430;,
  0.031968;0.420786;-0.401194;,
  0.027739;0.411741;-0.434155;,
  0.011607;0.408096;-0.449299;,
  0.027343;0.408618;-0.447966;,
  -0.000057;0.408174;-0.449209;,
  -0.027458;0.408618;-0.447966;,
  -0.011721;0.408096;-0.449300;,
  -0.027559;0.411951;-0.434160;;
  916;
  3;0,1,2;,
  3;1,0,3;,
  3;4,5,6;,
  3;5,4,7;,
  3;2,8,9;,
  3;8,2,1;,
  3;10,11,12;,
  3;11,10,13;,
  3;14,15,16;,
  3;15,14,17;,
  3;16,18,19;,
  3;18,16,15;,
  3;17,20,15;,
  3;20,17,21;,
  3;15,22,18;,
  3;22,15,20;,
  3;23,24,25;,
  3;24,23,26;,
  3;25,24,27;,
  3;28,29,30;,
  3;31,30,29;,
  3;30,31,32;,
  3;32,33,30;,
  3;33,32,34;,
  3;13,35,11;,
  3;35,13,36;,
  3;11,37,38;,
  3;37,11,35;,
  3;36,39,35;,
  3;39,36,40;,
  3;35,41,37;,
  3;41,35,39;,
  3;40,42,39;,
  3;42,40,43;,
  3;39,44,41;,
  3;44,39,42;,
  3;42,21,44;,
  3;21,42,20;,
  3;38,45,46;,
  3;45,38,37;,
  3;46,47,48;,
  3;47,46,45;,
  3;37,49,45;,
  3;49,37,41;,
  3;45,50,47;,
  3;50,45,49;,
  3;41,51,49;,
  3;51,41,44;,
  3;49,52,50;,
  3;52,49,51;,
  3;44,17,51;,
  3;17,44,21;,
  3;51,14,52;,
  3;14,51,17;,
  3;48,53,46;,
  3;53,48,54;,
  3;46,55,38;,
  3;55,46,53;,
  3;55,11,38;,
  3;11,55,56;,
  3;11,57,12;,
  3;57,11,56;,
  3;5,58,6;,
  3;58,5,59;,
  3;6,54,48;,
  3;54,6,58;,
  3;54,60,53;,
  3;53,61,55;,
  3;61,53,60;,
  3;55,62,56;,
  3;62,55,61;,
  3;56,63,57;,
  3;63,56,62;,
  3;59,64,58;,
  3;60,65,66;,
  3;65,60,54;,
  3;61,66,67;,
  3;66,61,60;,
  3;62,67,68;,
  3;67,62,61;,
  3;62,69,63;,
  3;69,62,68;,
  3;64,70,58;,
  3;70,64,71;,
  3;54,70,65;,
  3;70,54,58;,
  3;72,73,74;,
  3;74,75,76;,
  3;75,74,73;,
  3;76,77,78;,
  3;77,76,75;,
  3;78,79,80;,
  3;79,78,77;,
  3;81,82,83;,
  3;72,84,73;,
  3;84,72,85;,
  3;73,86,75;,
  3;86,73,84;,
  3;75,87,77;,
  3;87,75,86;,
  3;77,88,79;,
  3;88,77,87;,
  3;82,89,83;,
  3;89,82,90;,
  3;83,85,72;,
  3;85,83,89;,
  3;66,72,74;,
  3;72,66,65;,
  3;67,74,76;,
  3;74,67,66;,
  3;78,67,76;,
  3;67,78,68;,
  3;80,68,78;,
  3;68,80,69;,
  3;83,71,81;,
  3;71,83,70;,
  3;65,83,72;,
  3;83,65,70;,
  3;6,91,92;,
  3;91,6,48;,
  3;50,93,94;,
  3;94,91,48;,
  3;91,94,93;,
  3;93,95,91;,
  3;91,96,92;,
  3;96,91,95;,
  3;92,97,98;,
  3;19,99,16;,
  3;99,19,100;,
  3;16,101,14;,
  3;101,16,99;,
  3;14,102,52;,
  3;102,14,101;,
  3;52,103,50;,
  3;103,52,102;,
  3;50,104,93;,
  3;104,50,103;,
  3;93,105,95;,
  3;105,93,104;,
  3;95,106,96;,
  3;106,95,105;,
  3;96,107,108;,
  3;107,96,106;,
  3;100,109,99;,
  3;109,100,110;,
  3;99,111,101;,
  3;111,99,109;,
  3;101,112,102;,
  3;112,101,111;,
  3;102,113,103;,
  3;113,102,112;,
  3;103,114,104;,
  3;114,103,113;,
  3;104,115,105;,
  3;115,104,114;,
  3;105,116,106;,
  3;116,105,115;,
  3;106,117,107;,
  3;117,106,116;,
  3;110,118,109;,
  3;118,110,119;,
  3;109,120,111;,
  3;120,109,118;,
  3;111,121,112;,
  3;121,111,120;,
  3;112,122,113;,
  3;122,112,121;,
  3;113,123,114;,
  3;123,113,122;,
  3;114,124,115;,
  3;124,114,123;,
  3;115,125,116;,
  3;125,115,124;,
  3;116,126,117;,
  3;126,116,125;,
  3;122,127,123;,
  3;123,128,124;,
  3;128,123,127;,
  3;124,129,125;,
  3;129,124,128;,
  3;125,130,126;,
  3;130,125,129;,
  3;119,131,118;,
  3;131,119,132;,
  3;118,133,120;,
  3;133,118,131;,
  3;120,134,121;,
  3;134,120,133;,
  3;121,135,122;,
  3;135,121,134;,
  3;122,136,137;,
  3;136,122,135;,
  3;137,138,139;,
  3;138,137,136;,
  3;139,140,141;,
  3;140,139,138;,
  3;129,142,130;,
  3;142,129,143;,
  3;132,144,131;,
  3;144,132,145;,
  3;131,146,133;,
  3;146,131,144;,
  3;133,147,134;,
  3;147,133,146;,
  3;134,148,135;,
  3;148,134,147;,
  3;135,149,136;,
  3;149,135,148;,
  3;136,150,138;,
  3;150,136,149;,
  3;138,151,140;,
  3;151,138,150;,
  3;152,153,154;,
  3;153,152,155;,
  3;145,156,144;,
  3;156,145,157;,
  3;144,158,146;,
  3;158,144,156;,
  3;146,159,147;,
  3;159,146,158;,
  3;147,160,148;,
  3;160,147,159;,
  3;160,161,148;,
  3;161,160,162;,
  3;163,164,165;,
  3;162,166,167;,
  3;166,162,168;,
  3;166,169,167;,
  3;169,166,170;,
  3;157,171,156;,
  3;171,157,172;,
  3;156,173,158;,
  3;173,156,171;,
  3;158,174,159;,
  3;174,158,173;,
  3;159,175,160;,
  3;175,159,174;,
  3;160,168,162;,
  3;168,160,175;,
  3;168,176,166;,
  3;176,168,177;,
  3;166,178,170;,
  3;178,166,176;,
  3;172,179,171;,
  3;179,172,180;,
  3;171,181,173;,
  3;181,171,179;,
  3;173,182,174;,
  3;182,173,181;,
  3;174,183,175;,
  3;183,174,182;,
  3;175,177,168;,
  3;177,175,183;,
  3;177,184,176;,
  3;184,177,185;,
  3;176,186,178;,
  3;186,176,184;,
  3;180,187,179;,
  3;187,180,188;,
  3;179,189,181;,
  3;189,179,187;,
  3;181,190,182;,
  3;190,181,189;,
  3;182,191,183;,
  3;191,182,190;,
  3;183,185,177;,
  3;185,183,191;,
  3;185,192,184;,
  3;192,185,193;,
  3;184,194,186;,
  3;194,184,192;,
  3;188,195,187;,
  3;195,188,196;,
  3;187,197,189;,
  3;197,187,195;,
  3;197,190,189;,
  3;190,197,198;,
  3;190,199,191;,
  3;199,190,198;,
  3;191,193,185;,
  3;193,191,199;,
  3;193,25,192;,
  3;25,193,23;,
  3;192,27,194;,
  3;27,192,25;,
  3;196,32,195;,
  3;32,196,34;,
  3;197,200,198;,
  3;200,197,201;,
  3;198,202,199;,
  3;202,198,200;,
  3;199,23,193;,
  3;23,199,26;,
  3;201,29,200;,
  3;29,201,31;,
  3;200,28,202;,
  3;28,200,29;,
  3;122,137,203;,
  3;203,139,204;,
  3;139,203,137;,
  3;204,141,129;,
  3;141,204,139;,
  3;205,206,207;,
  3;206,205,208;,
  3;207,209,210;,
  3;209,207,206;,
  3;155,150,211;,
  3;150,155,151;,
  3;211,149,161;,
  3;149,211,150;,
  3;161,149,148;,
  3;129,212,143;,
  3;212,129,213;,
  3;214,155,152;,
  3;155,214,215;,
  3;215,151,155;,
  3;151,215,216;,
  3;151,217,140;,
  3;217,151,216;,
  3;140,218,141;,
  3;218,140,217;,
  3;141,213,129;,
  3;213,141,218;,
  3;213,219,212;,
  3;219,213,220;,
  3;214,221,215;,
  3;216,222,217;,
  3;217,223,218;,
  3;223,217,222;,
  3;218,220,213;,
  3;220,218,223;,
  3;220,224,219;,
  3;224,220,225;,
  3;221,226,215;,
  3;226,221,227;,
  3;216,226,228;,
  3;226,216,215;,
  3;222,228,229;,
  3;228,222,216;,
  3;223,229,230;,
  3;229,223,222;,
  3;223,225,220;,
  3;225,223,230;,
  3;162,167,161;,
  3;161,163,211;,
  3;163,161,167;,
  3;211,165,155;,
  3;165,211,163;,
  3;164,231,153;,
  3;153,232,154;,
  3;232,153,231;,
  3;142,233,130;,
  3;233,142,234;,
  3;130,233,126;,
  3;235,236,237;,
  3;236,235,238;,
  3;239,240,241;,
  3;242,243,244;,
  3;244,245,246;,
  3;245,244,243;,
  3;246,238,235;,
  3;238,246,245;,
  3;238,247,236;,
  3;247,238,248;,
  3;240,249,241;,
  3;249,240,250;,
  3;241,251,242;,
  3;251,241,249;,
  3;242,252,243;,
  3;252,242,251;,
  3;243,253,245;,
  3;253,243,252;,
  3;245,248,238;,
  3;248,245,253;,
  3;163,254,164;,
  3;163,169,254;,
  3;169,163,167;,
  3;20,255,22;,
  3;255,20,256;,
  3;43,257,42;,
  3;42,256,20;,
  3;256,42,257;,
  3;258,259,260;,
  3;259,258,261;,
  3;262,261,263;,
  3;261,262,264;,
  3;263,261,258;,
  3;261,265,259;,
  3;265,261,266;,
  3;264,266,261;,
  3;266,264,267;,
  3;266,268,265;,
  3;268,266,269;,
  3;267,269,266;,
  3;269,267,270;,
  3;269,271,268;,
  3;269,270,271;,
  3;272,268,271;,
  3;268,272,273;,
  3;270,274,271;,
  3;274,270,275;,
  3;96,97,92;,
  3;276,277,278;,
  3;277,276,279;,
  3;278,280,281;,
  3;280,278,277;,
  3;281,282,283;,
  3;282,281,280;,
  3;279,284,277;,
  3;284,279,285;,
  3;277,286,280;,
  3;286,277,284;,
  3;280,287,282;,
  3;287,280,286;,
  3;288,289,290;,
  3;289,288,291;,
  3;292,293,294;,
  3;293,295,294;,
  3;295,293,296;,
  3;290,297,298;,
  3;297,290,289;,
  3;294,299,300;,
  3;294,301,299;,
  3;301,294,295;,
  3;276,291,288;,
  3;291,276,278;,
  3;278,302,291;,
  3;302,278,281;,
  3;281,283,302;,
  3;287,286,303;,
  3;286,297,303;,
  3;297,286,284;,
  3;284,298,297;,
  3;298,284,285;,
  3;164,155,165;,
  3;155,164,153;,
  3;195,201,197;,
  3;201,32,31;,
  3;195,32,201;,
  3;224,235,237;,
  3;235,224,225;,
  3;226,239,241;,
  3;239,226,227;,
  3;228,241,242;,
  3;241,228,226;,
  3;244,228,242;,
  3;228,244,229;,
  3;246,229,244;,
  3;229,246,230;,
  3;235,230,246;,
  3;230,235,225;,
  3;304,305,306;,
  3;305,304,307;,
  3;308,309,310;,
  3;309,308,311;,
  3;307,312,305;,
  3;312,307,313;,
  3;314,315,316;,
  3;315,314,317;,
  3;318,319,320;,
  3;319,318,321;,
  3;321,18,319;,
  3;18,321,19;,
  3;320,322,323;,
  3;322,320,319;,
  3;319,22,322;,
  3;22,319,18;,
  3;324,325,326;,
  3;325,324,327;,
  3;327,328,325;,
  3;329,330,331;,
  3;332,330,333;,
  3;330,332,331;,
  3;333,33,34;,
  3;33,333,330;,
  3;317,334,335;,
  3;334,317,314;,
  3;314,336,334;,
  3;336,314,337;,
  3;335,338,339;,
  3;338,335,334;,
  3;334,340,338;,
  3;340,334,336;,
  3;339,341,342;,
  3;341,339,338;,
  3;338,343,341;,
  3;343,338,340;,
  3;341,323,322;,
  3;323,341,343;,
  3;337,344,336;,
  3;344,337,345;,
  3;345,346,344;,
  3;346,345,347;,
  3;336,348,340;,
  3;348,336,344;,
  3;344,349,348;,
  3;349,344,346;,
  3;340,350,343;,
  3;350,340,348;,
  3;348,351,350;,
  3;351,348,349;,
  3;343,320,323;,
  3;320,343,350;,
  3;350,318,320;,
  3;318,350,351;,
  3;347,352,353;,
  3;352,347,345;,
  3;345,354,352;,
  3;354,345,337;,
  3;314,354,337;,
  3;354,314,355;,
  3;314,356,355;,
  3;356,314,316;,
  3;308,357,358;,
  3;357,308,310;,
  3;310,353,357;,
  3;353,310,347;,
  3;353,352,359;,
  3;352,360,359;,
  3;360,352,354;,
  3;354,361,360;,
  3;361,354,355;,
  3;355,362,361;,
  3;362,355,356;,
  3;358,357,363;,
  3;359,364,353;,
  3;364,359,365;,
  3;360,365,359;,
  3;365,360,366;,
  3;361,366,360;,
  3;366,361,367;,
  3;361,368,367;,
  3;368,361,362;,
  3;363,369,370;,
  3;369,363,357;,
  3;353,369,357;,
  3;369,353,364;,
  3;371,372,373;,
  3;372,374,373;,
  3;374,372,375;,
  3;375,376,374;,
  3;376,375,377;,
  3;377,378,376;,
  3;378,377,379;,
  3;380,381,382;,
  3;371,383,384;,
  3;383,371,373;,
  3;373,385,383;,
  3;385,373,374;,
  3;374,386,385;,
  3;386,374,376;,
